1895 0.18  -0.80  -0.52  -0.76  -0.79  -0.61  -0.69  -0.83  -1.54  -1.54  -2.12  -2.27   
1896 -2.67  -2.43  -2.36  -2.47  -2.74  -2.48  -2.44  -3.13  -3.37  -3.28  -2.92  -3.73   
1897 -3.94  -3.51  -2.24  -1.59  -2.03  -2.45  -2.66  -2.74  -3.65  -4.03  -4.30  -3.70   
1898 -3.24  -3.78  -4.13  -3.40  -4.00  -3.98  -3.78  -3.53  -3.10  -2.48  -1.99  -2.42   
1899 -2.28  -1.90  -1.52  -1.78  -2.32  -2.78  -2.80  -3.31  -3.96  -4.05  -4.25  -3.69   
1900 -3.95   0.56  -0.50  -0.07  -0.69   2.12  -0.24  -0.77   0.13   0.59   0.90  -0.44   
1901 -0.67  -1.18  -1.40   0.49   0.70  -0.22  -1.06   0.66   0.88  -0.39  -0.98   0.69   
1902 0.52   0.48   0.92  -0.56  -1.25  -1.70  -2.56  -3.05  -2.46  -2.16  -2.09  -1.66   
1903 -2.21   1.32   0.83   0.89   1.28   1.75  -0.37  -0.80  -1.69  -1.83  -2.04  -2.32   
1904 -2.55  -2.80  -3.02  -3.07  -3.05  -3.04  -2.94  -2.82  -3.24  -3.75  -3.93  -3.64   
1905 -3.32  -2.66  -3.23  -3.36  -2.74  -2.24  -2.36  -2.40  -2.57  -1.69  -2.19  -2.03   
1906 -2.40  -2.98  -2.20  -2.86  -2.67   0.10   0.52   0.25   2.02   2.19   2.23  -0.15   
1907 -1.00  -0.89  -1.80   0.48   1.15   0.04  -0.36  -0.87   0.58   0.34   0.81  -0.13   
1908 -0.64  -0.40  -0.91  -0.47  -0.56  -0.63  -0.83  -1.26  -1.65  -1.87  -2.36  -2.35   
1909 -3.00   0.70   0.94   1.37   1.70   2.35  -0.69  -1.32  -1.35  -1.54  -2.42  -2.33   
1910 -2.57  -2.34  -3.66  -3.32  -2.82  -1.54  -0.99  -1.39  -1.66  -1.60  -2.09  -2.24   
1911 -2.32  -2.46  -3.19  -1.49  -2.12  -2.36  -2.15  -2.31  -2.72  -2.70  -0.03   0.72   
1912 0.41   0.23   0.68   2.45   1.96   2.30   2.16   2.12   2.22   1.90   1.10   1.40   
1913 1.77   1.62   1.95  -0.62  -0.97  -1.01  -1.15  -1.90   1.01   0.98  -0.75  -1.33   
1914 -2.20  -2.48  -2.68  -2.56  -3.29  -3.86  -4.14  -3.70  -3.05  -2.76  -2.84  -2.48   
1915 -2.31  -2.42  -2.88  -3.88   0.33  -0.03  -0.26   0.29   0.70   0.91   0.94   1.22   
1916 -0.03  -0.39  -1.12  -1.49  -1.59   0.20   2.69  -0.03  -0.22  -0.48  -0.98  -1.21   
1917 0.29   0.15   0.96   0.66   0.40   0.33   0.47   0.60   1.51   0.03  -0.60  -1.40   
1918 -0.66  -1.38  -2.81  -2.09  -2.42  -2.23  -2.32  -2.75   0.50   1.88   1.76  -0.13   
1919 -0.08  -0.08  -0.08  -0.50   0.51   0.73   0.60   0.98   0.09   0.68   0.77   1.00   
1920 1.23   0.64   0.82   2.11   1.97   1.91   1.59   2.09   2.03  -0.50  -0.83  -0.23   
1921 -0.86  -0.66  -1.19  -0.67  -1.16  -1.77  -2.22  -2.24  -2.34  -2.43  -2.23  -2.62   
1922 0.26   0.14   1.05   1.13   1.54   1.48  -0.26  -0.80  -1.51  -1.84  -2.51   0.45   
1923 0.06   0.23   0.40   0.68   1.80   1.82   1.51   1.71  -0.60  -0.62  -0.47  -0.33   
1924 -0.07  -0.25  -1.09   0.27   0.59   0.61  -0.80  -1.47  -1.64  -2.55  -3.42  -2.72   
1925 -2.34  -2.40  -3.17  -3.55  -3.95  -4.37  -4.62  -5.43  -5.57  -3.92  -3.37  -3.83   
1926 -3.26  -3.35  -3.08  -3.51  -3.71  -3.25  -3.20   0.34   0.71   0.63   0.95   1.64   
1927 -0.89  -0.74  -0.83  -0.51  -0.89  -0.35  -0.74  -1.04  -1.67  -1.87  -1.99  -1.29   
1928 -2.03  -2.50  -2.47   0.95   0.92   2.68  -0.21  -0.31  -0.63  -0.31  -0.62  -1.39   
1929 -1.37   0.80   2.09   1.96   2.56   2.69   1.83   0.84   1.21   1.70   3.01  -0.50   
1930 -0.88  -1.48  -1.79  -2.72  -2.83  -3.35  -3.72  -4.06  -3.08  -2.67  -2.01  -2.52   
1931 -2.91  -3.14  -3.36  -3.36  -3.44  -4.01  -3.82  -3.48  -4.27  -4.15  -4.28   0.75   
1932 1.04   1.28   1.04   0.83   0.59   1.04   1.49   2.22   2.02   3.45   3.28   4.64   
1933 -0.87  -0.73  -0.81  -1.02  -1.06  -1.71  -1.70  -1.61  -1.96  -2.23  -2.66  -3.01   
1934 -3.05  -3.06  -2.47  -2.92  -3.02   0.79   1.27   1.96   1.49   2.84  -0.02  -0.39   
1935 -0.94  -1.15   0.35   0.53   0.60   0.77  -0.62  -0.94  -1.77  -1.84  -1.51  -1.69   
1936 1.21   1.43   0.91   1.41  -1.17  -2.07  -1.43  -1.14  -1.47  -1.52  -2.25   0.24   
1937 2.01  -0.29  -0.99  -0.36  -0.21  -0.58  -1.05  -0.89  -1.32   1.09  -0.52  -1.09   
1938 -1.50  -2.46   0.32   1.49   1.04   1.87   2.46   2.53  -0.62  -1.58  -1.14  -1.71   
1939 -1.64   1.39  -0.45  -0.54  -0.55   0.47   0.17   1.02  -0.10  -0.99  -1.85  -2.20   
1940 -2.18  -1.58  -1.41  -1.68  -1.84   0.37   1.14  -0.16  -0.62  -0.74  -0.97  -1.14   
1941 -1.62  -2.26  -2.39  -2.69  -3.58  -3.41  -2.28  -0.98  -1.37  -1.29  -1.56  -1.35   
1942 -1.91  -1.87  -1.83  -2.77  -2.99  -3.11  -3.62  -2.03  -1.82  -1.83  -2.29  -0.68   
1943 -1.53  -2.01  -1.24  -1.20  -1.72  -2.31  -2.56  -3.08  -2.72  -3.09  -3.55  -3.71   
1944 -4.10  -2.48  -1.48  -0.83  -1.37  -2.00  -2.79  -2.84  -2.68  -3.23  -3.57  -3.23   
1945 -3.19  -2.11  -2.28  -1.62  -1.54  -1.49  -1.78  -1.99  -2.38   0.25   0.20   0.46   
1946 1.70   2.43   2.04   1.28   1.99   2.34   2.83   2.63   3.36   2.98   3.22   2.60   
1947 3.66  -0.68  -0.57  -0.47  -0.61  -0.37  -0.83  -0.94  -1.76  -2.13  -1.61  -1.87   
1948 -1.93   0.96   1.03  -0.28  -0.36  -0.51  -0.48  -0.61  -0.60  -1.18   2.96   2.46   
1949 3.56   3.50   3.23   2.87   2.70   2.73   2.28   2.24   2.13   2.67  -0.70  -0.93   
1950 -0.75  -0.88  -0.20  -0.80  -0.92   0.40   1.41   2.13   2.48  -0.33  -0.64  -0.90   
1951 -1.01  -1.07   1.28   1.46  -0.90  -0.36  -0.46  -0.97   0.36   0.27   0.38   1.28   
1952 -0.15  -0.68  -0.58  -1.36  -1.32  -1.84  -2.74   1.20   1.04   0.97   0.59   0.59   
1953 0.86   1.17  -0.60  -0.38  -0.52  -0.92  -0.64  -1.30  -1.33  -2.15  -2.77  -1.88   
1954 -1.03  -1.48  -1.85  -2.22  -1.98  -2.27  -2.87  -3.75  -4.47  -4.82  -4.51  -3.83   
1955 -3.79  -3.12  -3.17  -2.80  -2.31  -2.17  -1.51  -1.81  -2.65  -2.38  -1.98  -2.54   
1956 -3.09   1.05   0.73   1.11  -0.39  -0.51  -0.40  -0.35  -0.94  -0.98  -1.33  -1.18   
1957 -0.77  -0.51  -1.07  -0.90  -0.82  -0.20  -0.68  -1.05   1.30   1.59   3.17  -0.11   
1958 -0.70  -0.75  -1.17  -0.68  -1.24  -1.22   0.84   0.73   0.87  -0.34  -0.48  -1.24   
1959 -1.11  -1.41  -1.28  -1.41   0.75  -0.19  -0.64  -1.12   0.38   0.69   1.03  -0.33   
1960 -0.27  -0.67  -0.20  -0.84  -1.23  -1.56  -2.17  -1.65  -1.18  -0.85  -0.92  -1.18   
1961 -1.77   1.91   2.06   1.79   1.74   2.46   2.53   2.57   2.24   1.73   1.57   3.32   
1962 4.14   3.66   3.19   3.29  -0.97  -0.81  -1.10  -1.75  -1.55  -1.60  -0.94  -1.30   
1963 -1.00  -1.59   0.47   1.03   0.78   1.37   1.84  -0.58  -0.95  -1.89   0.07  -0.07   
1964 0.15  -0.30   1.10   2.53  -0.50  -0.83  -0.38  -0.22  -0.51  -0.10  -0.27  -0.37   
1965 -0.90  -0.77  -0.01  -0.31  -1.03   0.85  -0.08  -0.07  -0.18  -0.59  -1.25  -2.06   
1966 -2.00  -1.48  -1.90   0.12   0.82  -0.42  -0.75   0.37   1.04   1.38  -0.22  -0.69   
1967 -1.29  -1.17  -2.34  -2.53   0.88   1.24   2.23   3.22   3.31   3.35   3.64   4.30   
1968 4.09  -0.95  -1.30  -1.10  -0.50  -1.09  -0.68  -0.97  -0.54  -0.72  -0.82  -0.52   
1969 -0.23  -0.25  -0.61   0.05   1.09  -0.24  -0.44  -0.62  -0.25  -0.44  -0.77  -0.25   
1970 -0.80  -1.40   0.29   1.10  -0.47  -0.17  -0.45  -0.21  -0.75   0.00  -0.36  -0.60   
1971 0.02   0.97   1.30   1.02   0.65   0.56   1.46   1.08   1.41  -0.46  -1.05   0.49   
1972 1.32  -0.51  -0.55  -0.96  -0.64  -0.50  -0.42  -0.84   0.64   0.82   0.90   1.35   
1973 1.60   1.03   2.09   2.33   3.53   3.58   3.21   2.89   2.40   1.69   1.51   2.01   
1974 2.35   2.51   1.22   1.12   1.69   1.38   0.99   1.82   1.80   1.34   1.24   1.30   
1975 1.28   1.58   2.30   1.52   1.56   1.61   1.96   1.99   2.96   3.50   3.12   2.47   
1976 2.24   1.22   1.93   0.78   1.83   2.43   2.80   2.51   2.40   2.34   2.02   1.72   
1977 1.34   0.83   1.91   2.18  -0.38  -0.88  -1.42  -1.73   1.63   3.15   3.98  -0.59   
1978 -0.60  -1.51  -1.75  -2.06  -0.95  -0.85  -1.26  -1.26  -1.72  -2.21  -2.66   0.30   
1979 0.73   0.61   0.54   2.35   2.55   1.93   2.13   2.12   3.50   3.08   3.47   2.36   
1980 2.15   1.30   3.81   4.17   4.36  -0.43  -1.43  -2.20  -1.10  -0.80  -0.67  -1.57   
1981 -2.41  -2.07  -1.66  -2.09  -2.14  -1.77  -1.89   0.66  -0.43  -0.19  -0.56   0.32   
1982 1.08   1.37  -1.00   1.07   0.64   1.32   0.02  -0.25  -0.71   0.03   0.65   1.53   
1983 0.77   1.06   0.69   1.49   2.88  -0.03  -0.74  -1.50  -1.59  -1.53   1.30   2.75   
1984 2.17   1.52   0.99   1.59   2.33  -0.54  -0.28  -0.03  -0.91   0.66   0.88  -0.75   
1985 -0.99  -0.70  -1.64  -2.10   0.09   0.17   1.93   2.54   2.16   2.49  -0.40  -0.82   
1986 -1.73  -2.13  -2.82  -3.60  -3.22  -3.50  -3.84   0.25   0.00   0.88   1.65   1.11   
1987 1.21   1.38  -0.30  -1.01  -1.23  -0.67  -0.88  -1.31  -1.36  -1.58  -1.85  -2.01   
1988 -1.74  -2.21  -2.85  -2.69  -2.86  -3.53  -3.43  -3.39   1.32   1.46   1.95   1.29   
1989 1.42   1.58   1.37   1.00   1.04   2.92   3.59   2.96   3.94   3.33   3.52   2.94   
1990 3.27   4.08   3.85  -0.36  -0.05  -0.33  -0.68  -1.39  -1.59  -1.37  -1.44   0.79   
1991 0.11   0.21   0.21   0.75   1.39   1.50  -0.13  -0.25  -0.33  -1.20  -1.14  -0.55   
1992 -1.01  -1.06  -1.45  -1.79  -2.26   0.59   1.04   1.79   2.11   2.06   2.93   2.79   
1993 2.75  -0.58  -0.53  -0.70  -0.43  -0.90  -1.84  -1.94  -1.84  -1.83  -2.00  -1.90   
1994 0.31   0.46   1.01   0.81   0.90   1.75   2.30   2.01   2.33   3.01   0.04  -0.23   
1995 -0.40  -0.18  -0.70  -0.84  -1.09  -0.85  -1.17  -1.46   0.37   2.44   2.99   2.38   
1996 3.24   2.37   2.90   2.57   1.90   1.29   2.03   1.97   2.73   2.35   2.42   2.07   
1997 2.30   2.14   1.60   1.60   2.44   4.27   3.65   3.03   3.31   3.96   3.40   2.87   
1998 3.21   3.30   2.84   3.17  -0.50  -0.62  -0.79  -0.64  -1.56  -2.22  -2.08   0.31   
1999 1.06  -0.35  -0.47  -0.92   0.19   1.75  -0.33  -1.40  -2.03  -1.94  -2.30  -2.70   
2000 -2.26  -2.86  -2.64  -1.29  -2.01  -1.91  -2.73  -3.42  -3.42  -3.97   1.16   0.50   
2001 0.50   0.21   0.64   0.27   0.52   1.22   1.16   1.99   2.43   2.33  -0.07  -0.12   
2002 0.11  -0.60  -0.39  -1.22   0.70   0.71   0.73   0.48   1.42   1.60   1.88   2.05   
2003 1.23   1.91   0.95   0.75   3.11   3.28   3.04   3.41   3.25  -0.67  -0.65  -0.90   
2004 -1.08  -0.60  -1.16  -1.50   0.02   0.58   0.63   0.73   1.71   1.88   3.37   3.23   
2005 -0.84  -0.94  -1.14  -0.84  -1.09   0.51   1.13   1.02  -0.32  -1.16  -1.08  -1.09   
2006 -0.89  -0.80  -1.45  -1.25  -0.96  -1.42  -2.05  -2.72  -2.20  -1.01  -0.92  -1.32   
2007 -1.70  -2.14  -3.36  -3.42  -4.13  -4.54  -4.23  -4.87  -4.72  -4.73  -4.94  -5.23   
2008 -5.16  -4.65  -4.43  -0.04   0.63  -0.52  -0.68   1.08  -0.66  -0.77  -1.02   1.03   
2009 1.23   0.97   0.81   0.53   1.97   1.45   1.52   1.69   2.64   4.16   3.70   3.85   
2010 3.52  -0.39  -0.46  -0.55   0.77  -0.39  -0.99  -1.08  -1.95  -1.84  -1.53  -2.01   
2011 -1.94  -2.40   0.87   1.64  -0.61  -0.43  -0.39  -1.25   1.86   1.17   1.77   1.72   
2012 1.86  -0.64  -1.15  -2.02  -2.05  -2.01   0.27   0.39   1.16   1.32   0.71   1.07   
2013 2.15   2.15 -99.99 -99.99 -99.99 -99.99 -99.99 -99.99 -99.99 -99.99 -99.99 -99.99   
