1895 0.13  -0.68  -0.58  -1.10  -1.16  -0.84  -1.13  -1.37  -2.03  -1.94  -2.44  -2.62   
1896 -2.85  -2.39  -2.49  -2.55  -2.85  -2.14  -2.52  -3.41  -3.78  -3.45  -3.30  -4.09   
1897 -4.27  -3.83  -3.06  -2.96  -3.31  -4.05  -4.45  -4.29  -4.96  -5.12  -5.23  -4.54   
1898 -4.31  -4.62  -5.04  -4.50  -5.06  -5.30  -5.32  -4.79  -4.27  -3.63  -3.13  -3.33   
1899 -3.03  -2.65  -2.45  -2.92  -3.57  -4.01  -3.77  -4.28  -4.78  -4.80  -4.91  -4.30   
1900 -4.51   0.68   0.12   1.09   0.43   2.37  -0.29  -1.03  -0.90  -0.16  -0.27  -0.56   
1901 -0.75  -1.00  -1.30  -0.90  -0.65  -0.90  -1.70  -1.03  -0.72  -1.07  -1.59   0.57   
1902 0.18   0.27   0.53  -0.57  -1.27  -2.38  -3.50  -4.13   0.27   0.38  -0.18  -0.02   
1903 -0.57   1.46   0.76   0.29   0.68   1.06  -0.43  -1.10  -1.90  -2.13  -2.45  -2.76   
1904 -2.97  -3.16  -3.60  -3.78  -3.73  -3.78  -3.66  -3.51  -3.90  -4.25  -4.30  -4.13   
1905 -3.69  -2.76  -3.34  -3.22  -2.81  -2.58  -2.79  -2.73  -2.75  -2.00  -2.54  -2.27   
1906 -2.62  -3.10  -2.29  -3.04  -2.83  -2.85  -2.29  -2.74   1.73   1.98  -0.26  -0.54   
1907 -1.47  -1.37  -2.38   0.43   1.43  -0.25  -0.71  -1.42  -0.83  -1.05  -0.66  -0.57   
1908 -0.98  -0.56  -1.22  -1.04  -0.82  -1.14  -1.45  -2.07  -2.27  -2.46  -2.96  -2.99   
1909 -3.71   0.59   0.70   1.19   1.79   2.59  -0.61  -1.38  -1.49  -1.81  -2.63  -2.46   
1910 -2.79  -2.48  -3.79  -3.70  -3.30  -1.97  -1.42  -1.91  -2.25  -1.92  -2.36  -2.57   
1911 -2.70  -2.95  -3.81  -2.29  -2.70  -2.96  -2.82  -2.93  -3.37  -3.38   0.01   0.67   
1912 0.48   0.26   0.45   1.88   1.43   1.84   1.47   1.38   1.50   1.35   0.58   0.97   
1913 1.14   1.13   1.32  -0.49  -0.81  -1.03  -1.39  -2.34   1.37   1.35  -0.81  -1.29   
1914 -2.20  -2.37  -2.67  -2.59  -3.27  -4.07  -4.54  -4.09  -3.20  -3.03  -3.06  -2.77   
1915 -2.48  -2.35  -2.83  -3.73  -3.32  -3.32  -3.28  -3.05  -2.33  -1.74  -1.72  -1.28   
1916 -1.45  -1.69  -2.35  -2.56  -2.39  -2.34   2.59  -0.27  -0.49  -0.76  -1.18  -1.36   
1917 0.13   0.10   0.48  -0.24  -0.54  -0.79  -0.79   0.10   1.04  -0.07  -0.83  -1.59   
1918 -1.01  -1.73  -3.21  -2.40  -2.78  -2.77  -2.99  -3.54   0.46   2.25   2.01   1.71   
1919 1.51   1.58   1.35   0.95   1.48   1.27   1.07   1.43  -0.79   0.31   0.48   0.84   
1920 1.00   0.46   0.45   1.51   1.47   1.43   1.05   1.31  -0.01  -0.46  -0.77  -0.10   
1921 -0.83  -0.80  -1.27   0.73  -0.68  -1.80  -2.49  -2.85  -3.17  -3.00  -3.01  -3.29   
1922 -2.66  -2.34  -1.43  -1.36  -0.74  -0.87  -1.32  -1.88  -2.44  -2.43  -2.90  -2.30   
1923 -2.64   0.23   0.13   0.59   1.68   1.56   1.29   1.39  -0.69  -0.47  -0.37  -0.30   
1924 -0.04  -0.24  -1.09   0.06   0.22   0.41  -0.84  -1.70  -2.32  -2.86  -3.73  -3.17   
1925 -2.39  -2.57  -3.32  -3.98  -4.33  -4.96  -5.09  -5.97  -6.03  -4.59  -4.08  -4.22   
1926 -3.44  -3.49  -3.21  -3.62  -3.68  -3.11  -2.93  -2.31  -1.53  -1.53  -1.21  -0.63   
1927 -1.68  -1.38  -1.58  -1.80  -2.12  -1.66  -2.28  -2.66  -3.19  -3.26  -3.30  -2.53   
1928 -3.29  -3.53  -3.54   1.03   0.84   2.56  -0.37  -0.93  -1.35  -1.31  -1.70  -2.37   
1929 -2.33   0.83   2.16   1.75   2.02   2.18  -0.65  -1.61   0.25   0.79   1.88  -0.44   
1930 -0.83  -1.52  -1.91  -2.93  -3.00  -3.36  -3.90  -4.21  -3.05  -2.59  -1.93  -2.36   
1931 -2.70  -3.06  -3.26  -3.29  -2.63  -3.31  -3.54  -3.29  -3.85  -4.16  -4.57   0.77   
1932 1.27  -0.34  -0.34  -0.82  -1.18  -0.96  -1.34   0.34   0.25   1.33   1.34   2.51   
1933 -0.78  -0.62  -0.59  -0.34  -1.18  -1.47  -1.33  -1.64  -2.08  -2.09  -2.75  -3.21   
1934 -3.43  -3.16  -2.80  -2.87  -2.83   0.62   1.43   2.00   1.40   2.38  -0.22  -0.55   
1935 -1.20  -1.33  -1.10  -1.10  -1.20  -1.14  -1.65  -1.69  -2.06  -2.50  -2.64  -2.56   
1936 1.72   2.37  -0.84  -0.32  -1.02  -1.98  -1.57  -1.28  -1.97  -2.31  -2.80   0.50   
1937 1.46   1.28   0.75   1.01   0.91   0.30   0.24   0.09   0.35   1.48  -0.07  -0.62   
1938 -1.02  -1.87  -1.74   1.44   1.18   1.46   2.07  -0.04  -0.75  -1.55  -1.55  -2.08   
1939 -0.05   1.15   0.75   0.27   0.60   1.00   0.99   3.46   3.34  -0.63  -1.36  -1.66   
1940 0.08   0.57   0.39   0.10   0.03   0.82   2.45  -0.26  -0.88  -1.10  -1.16  -0.85   
1941 -1.52  -1.91  -2.04  -2.50  -3.48  -3.57  -2.87  -2.02  -2.16  -2.32  -2.50  -1.91   
1942 -2.32  -2.29  -1.80  -2.58  -2.96   0.72   0.60   2.00   2.12  -0.15  -0.72  -0.04   
1943 -0.93  -1.60   0.88  -0.24  -0.56  -0.69  -1.01  -1.14  -1.00  -1.54  -1.67  -2.04   
1944 -2.39   0.64   1.28   1.79  -0.23  -0.88  -1.31  -0.71  -0.98  -1.63  -1.77  -1.94   
1945 -2.19   0.88   0.51   1.03  -0.03  -0.27  -0.35  -1.14  -1.46   0.34   0.13   0.34   
1946 1.33   1.76  -0.17  -1.00   0.66   1.05   1.19   1.53   2.45   1.92   2.04   1.26   
1947 2.30   1.32   1.15   1.22   1.22   1.94  -0.01  -0.17  -1.00  -1.59   0.84   0.48   
1948 0.30   0.84   1.27  -0.51  -0.79  -1.16  -1.30  -1.42  -1.21  -1.69   2.79   2.30   
1949 2.77   2.66   2.57   2.08   1.81   2.25   1.89   1.95   1.85  -0.15  -0.94  -1.22   
1950 -1.22  -1.32  -1.00  -1.31   0.12   0.07   1.09   1.89   2.08  -0.12  -0.43  -0.78   
1951 -0.99  -1.19   1.01   0.00  -0.80  -0.96  -1.76  -2.28  -1.73  -1.80  -1.92  -0.89   
1952 -1.20  -1.67  -1.58  -1.94  -1.56  -2.10  -3.11  -2.60  -2.68  -2.81  -2.86  -2.48   
1953 -2.07  -1.29  -1.98  -1.23  -1.20  -1.54  -1.57  -2.32  -2.27  -2.86  -3.17  -2.14   
1954 -1.93  -2.40  -2.89  -3.01  -3.11  -3.56  -4.34  -4.95  -5.48  -5.63  -5.14  -4.77   
1955 -4.48  -3.84  -4.06  -3.38  -2.87  -2.60  -1.87  -1.97  -2.76  -2.67  -2.34  -2.89   
1956 -3.40  -2.32  -2.05  -1.48  -1.91  -1.78  -2.13  -2.48  -2.50  -1.44  -1.78  -1.48   
1957 -1.21  -1.54  -1.91  -1.71  -1.66  -0.72  -1.24  -1.73   1.08   1.24   2.35  -0.37   
1958 -0.90  -1.00  -1.12  -1.00  -1.08   0.23   1.32   0.90   1.58  -0.02   0.02  -0.83   
1959 -0.81  -1.05  -1.10  -1.09   0.66  -0.24  -0.45  -1.04   0.27   0.72   0.48   0.03   
1960 0.37   0.03   0.50  -0.67  -0.64  -0.75  -1.35   0.19   0.33   0.49  -0.34  -0.93   
1961 -1.47   2.08   2.57   2.16   1.48   2.06   2.06   1.96   1.32   0.78   1.06   3.01   
1962 3.67  -0.20  -0.39   0.48  -1.13  -1.10  -1.45  -2.04  -2.30  -2.62  -2.42  -2.76   
1963 -2.30  -2.66  -2.62  -2.59   0.18   0.80   1.32  -0.39  -0.51  -1.33   0.11   0.12   
1964 0.38   0.12   0.90   2.64  -0.67  -1.21  -0.87  -0.59  -0.40  -0.05  -0.15  -0.24   
1965 -0.59   0.44   0.58  -0.72  -1.66   0.29   0.62   0.72  -0.21  -0.43  -1.10  -1.78   
1966 0.08   0.77  -0.54  -0.19  -0.03  -0.18  -0.64   0.31   0.68   0.87  -0.39  -0.57   
1967 -1.24  -1.21  -2.33  -2.74   0.37   0.44   1.40   2.58   2.47   2.46   2.49   3.41   
1968 3.31  -0.77  -1.26  -0.94  -0.61  -1.37  -0.91  -1.06  -1.09  -1.50  -1.30  -0.79   
1969 -0.92  -1.11  -1.27   0.51   0.71  -0.36  -0.81  -0.62  -0.69  -0.53  -0.88  -0.20   
1970 -0.71  -1.18   0.37   0.67   0.21   0.62   0.24   1.08  -0.52   1.02  -0.32  -0.54   
1971 -0.80   0.94   1.47   1.03   1.19   0.81   1.54   1.72   2.28   1.74   1.07   1.55   
1972 2.49  -0.62  -0.72  -1.06  -0.69  -0.65  -0.61  -0.91   0.25   0.27   0.63   1.02   
1973 1.40   0.93   2.14   2.28   2.97   3.22   3.38   3.18   3.01   2.57   2.90   3.16   
1974 3.61   3.44   2.34   2.55   3.00   2.94   2.61   3.20   4.08   3.48   3.08   3.29   
1975 3.35   3.44   3.98   3.72   3.46   3.61   4.12   4.26   4.60   5.63   4.74   4.04   
1976 3.54   2.57   3.96   2.77   3.97   3.78   3.51   3.16   3.01   2.97   2.60   2.28   
1977 2.09   1.66   2.50   2.29  -0.76  -1.51  -1.44  -1.77   1.22   2.38   3.02  -0.52   
1978 -0.54  -1.28  -1.70  -2.18   1.50   1.49  -0.68  -1.06  -1.52  -1.99  -2.35   0.23   
1979 1.18   1.08   1.12   3.01   2.91   2.13   2.66   2.39   3.81   3.30   3.98   2.97   
1980 2.75   1.86   3.95   4.42   4.66  -0.36  -1.18  -1.89  -1.31  -0.74  -0.44  -1.30   
1981 -2.11  -2.07  -1.64  -1.99  -1.95  -2.01  -2.41  -2.05  -2.20  -1.63  -2.08   0.03   
1982 0.67   0.85  -1.01   0.93   0.31   0.92   1.29   1.43   0.79   1.04   1.63   2.28   
1983 1.79   2.53   2.62   3.84   5.08   5.11   3.72   2.60   2.53   2.34   3.09   4.22   
1984 3.43   2.71   2.18   2.41   2.81   2.17   2.02   1.75   0.80   1.79   2.09  -0.74   
1985 -0.94  -0.51  -1.56  -1.79   0.30   0.44   1.06   1.69   1.58   2.29  -0.57  -0.90   
1986 -1.83  -2.29  -2.76  -3.55  -2.74  -2.86  -3.15  -2.90  -2.99   0.45   1.93   1.45   
1987 1.59   2.02  -0.52  -1.42  -1.83  -1.21  -1.71  -2.17  -2.13  -2.48  -2.31  -2.46   
1988 -2.28  -2.42  -2.91  -2.79  -2.92  -3.55  -3.16  -3.52   1.42   1.79   2.32   1.72   
1989 2.08   2.11   1.92   1.32   1.52   3.24   4.01   3.43   3.92   3.66   3.91   3.38   
1990 3.94   4.53   4.25   3.38   3.68   3.35   2.94   1.85   1.12   0.88   0.69   1.48   
1991 0.98   1.35   1.43   2.55   4.62   4.71  -0.72  -0.67  -0.49  -0.99  -0.90  -0.63   
1992 -1.04  -1.07  -1.67  -1.96  -2.41   0.05   0.47   1.48   1.68   1.60   2.62   2.45   
1993 2.53  -0.33  -0.41  -0.71  -0.40  -0.20  -1.25   0.31   0.41   0.35   0.31   0.08   
1994 0.15   0.34   0.74   0.32   0.18   0.91   1.86   1.61   1.64   2.05  -0.04  -0.20   
1995 -0.38   0.26   0.06   0.53  -0.26  -0.09  -0.46  -0.88  -0.86   1.19   2.03   1.72   
1996 2.42   1.74   2.03   1.92   1.07   0.71   1.67   1.80   2.56   2.64   2.60   2.46   
1997 2.64   2.45   1.43   1.38   2.37   3.72   3.82   3.35   2.87   3.07   2.89   2.51   
1998 3.11   3.22  -0.30  -0.11  -0.66  -0.85  -0.25  -0.29  -0.73  -1.16  -1.18   0.10   
1999 1.21  -0.62  -0.54  -0.93  -0.90   1.34  -0.21  -1.21  -1.69  -1.64  -1.74  -2.08   
2000 -1.77  -2.52  -2.28  -1.48  -2.23  -2.11  -2.97  -3.74  -4.08  -4.38   1.21   0.72   
2001 0.83   0.92   1.27   1.08   1.33   2.24   1.60   1.98   2.74   3.27   2.96   2.77   
2002 0.00  -0.50  -0.52  -1.41   0.50   0.73   0.81   0.51   1.34   1.79   2.09   2.29   
2003 1.50   2.10   1.34   1.35   2.83   3.76   3.71   4.29   4.23   3.87   3.81   2.96   
2004 2.20   2.67   1.53   1.15   1.04   1.74   1.53   1.66   2.03   2.13   3.22   3.21   
2005 2.27   1.98   1.70   1.89   1.52   2.40   3.79   4.32   4.06  -0.59  -0.61  -0.65   
2006 -0.47  -0.25  -0.80  -1.27  -1.02  -1.58  -2.09  -2.40   0.14   1.08   1.42  -0.18   
2007 -0.47  -0.87  -2.31  -2.59  -3.43  -4.07  -3.61  -4.13  -3.87  -3.50  -3.51  -3.81   
2008 -3.81  -3.07  -3.19  -2.92  -2.01  -2.15  -2.58   0.79   0.41   0.35   0.03   0.85   
2009 0.95   0.83   1.13   0.80   2.01   1.75   1.93   2.59   4.36   5.87   5.23   5.38   
2010 4.90  -0.29  -0.20  -0.52   0.71  -0.13  -0.79  -0.93  -1.70  -1.63  -1.06  -1.53   
2011 -1.47  -1.78   0.50   0.96  -0.59  -1.17  -1.68  -2.14   1.31  -0.39  -0.32  -0.22   
2012 -0.02  -0.41  -0.68  -1.41  -1.37  -1.65  -1.62   0.27   0.91   1.17  -0.64   0.59   
2013 1.21   1.54 -99.99 -99.99 -99.99 -99.99 -99.99 -99.99 -99.99 -99.99 -99.99 -99.99   
