1895 0.42  -0.66  -0.46  -0.82  -0.88  -0.38  -0.59  -0.01  -0.68  -0.67  -1.41  -1.70   
1896 -2.03  -1.76  -1.98  -2.13  -2.37  -2.04  -2.15  -2.71  -3.03  -2.73  -2.64  -3.39   
1897 -3.69  -3.29  -2.60  -2.30  -2.70  -3.29  -3.68  -3.37  -4.12  -4.35  -4.57  -4.17   
1898 -4.01  -4.32  -4.79  -4.10  -4.64  -4.67  -4.61  -3.87  -3.48  -2.84  -2.11  -2.46   
1899 -2.28  -1.99  -1.90  -2.27  -2.73  -3.12  -2.96  -3.13  -3.72  -3.82  -3.78  -3.30   
1900 -3.55   0.67   0.10   0.66  -0.64   1.74  -0.28  -0.72   0.14   0.77   0.88  -0.29   
1901 -0.45  -0.73  -0.91  -0.46  -0.17  -0.49  -1.31   0.68   0.96   0.59   0.08   0.82   
1902 0.45   0.54   0.65  -0.59  -1.25  -2.25  -3.35  -3.52  -2.95  -2.47  -2.44  -2.06   
1903 -2.50   1.46   0.60   0.42   0.90   1.30  -0.41  -0.46  -1.07  -1.17  -1.54  -1.95   
1904 -2.14  -2.33  -2.98  -3.17  -3.12  -3.25  -3.33  -2.68  -3.15  -3.64  -3.73  -3.57   
1905 -3.32  -2.46  -3.19  -3.31  -2.69  -2.54  -2.73  -3.14  -3.29  -2.46  -2.84  -2.59   
1906 -2.65  -3.07  -2.24  -2.95  -2.78  -2.68   0.35   0.18   1.66   2.07  -0.19  -0.27   
1907 -1.21  -1.10  -2.02   0.45   1.24  -0.26  -0.67  -0.97   0.64   0.43   0.98   0.89   
1908 -0.41  -0.14  -0.70  -0.40  -0.38  -0.78  -1.15  -1.18  -1.48  -1.58  -2.22  -2.20   
1909 -2.92   0.56   0.96   1.30   1.71   2.47  -0.43  -0.86  -0.99  -1.18  -1.99  -1.96   
1910 -2.28  -2.02  -3.13  -2.96  -2.52  -1.32  -0.86  -1.31  -1.61  -1.65  -2.02  -2.20   
1911 -2.37  -2.66  -3.43  -2.06  -2.58  -2.79  -2.75  -2.68  -3.03  -2.98  -2.76   0.44   
1912 0.41   0.18   0.99   2.35   1.83   2.05   1.69   1.80   2.02   1.94   1.24   1.39   
1913 1.42   1.39   1.63  -0.65  -0.96  -1.00  -1.34  -1.92  -0.81  -0.61  -1.23  -1.76   
1914 -2.50  -2.68  -3.14  -3.07  -3.73  -4.27  -4.70  -3.88  -3.19  -2.91  -2.72  -2.50   
1915 -2.19  -2.11  -2.55  -3.49  -2.81  -2.73  -2.74  -2.36  -1.83  -1.25  -1.43  -0.87   
1916 -1.15  -1.43  -2.02  -2.30  -2.25  -2.30   2.57  -0.16  -0.34  -0.61  -1.03  -1.38   
1917 0.24   0.18   0.63  -0.28  -0.48  -0.79  -0.82   0.16   1.21   0.03  -0.46  -1.22   
1918 0.60  -0.84  -2.26  -1.68  -2.01  -1.99  -2.24  -2.36   0.45   2.18   2.22   2.06   
1919 1.91   1.94   1.47   0.89   1.35   1.29   1.34   1.81   0.93   1.07   0.67   1.05   
1920 1.23   0.70   0.84   1.83   1.71   1.57   1.21   1.97   1.93  -0.28  -0.65  -0.05   
1921 -0.70  -0.68  -1.42  -0.88  -1.44  -2.24  -2.74  -2.53  -2.80  -2.90  -2.82  -3.23   
1922 -2.67  -2.45  -1.65  -1.49  -0.82  -0.87  -1.26  -1.83  -2.43  -2.55  -3.12   0.39   
1923 -0.40  -0.17  -0.42   0.27   1.41   1.29   1.00   1.25  -0.66   0.10   0.44   0.45   
1924 0.67  -0.15  -1.15   0.19   0.51   0.71  -0.58  -1.11  -0.91  -1.74  -2.57  -1.88   
1925 -1.05  -1.33  -2.07  -2.70  -3.25  -3.94  -4.30  -5.15  -5.42  -4.07  -3.71  -4.09   
1926 -3.19  -3.25  -3.08  -3.57  -3.74  -3.37  -3.13  -2.78  -1.99  -1.96  -1.51  -0.83   
1927 -1.81  -1.44  -2.02  -2.09  -2.28  -1.79  -2.15  -2.23  -2.79  -2.89  -2.92  -1.95   
1928 -2.70  -3.04  -3.04   0.92   0.86   2.23   1.83   2.01  -0.01   0.08  -0.40  -1.21   
1929 -1.17   0.82   2.60   2.22   2.79   2.82   1.97   1.06   1.68   2.37   3.84  -0.44   
1930 -0.75  -1.43  -1.86  -2.75  -2.84  -3.26  -3.74  -3.97  -2.89  -2.36  -1.44  -2.03   
1931 -2.33  -2.61  -2.89  -3.05  -3.09  -3.60  -3.68  -3.75  -4.63  -4.91  -5.14   1.02   
1932 1.33   1.76   1.57   0.94   0.69   1.15   0.84   0.96   0.51   1.85   1.91   3.61   
1933 -0.63  -0.24  -0.31  -0.62  -1.25  -1.80  -1.56  -1.00  -1.23  -1.53  -1.78  -2.25   
1934 -2.19  -1.93  -1.53  -1.96  -2.39   0.87   1.70   2.82   2.23   4.22  -0.15  -0.39   
1935 -1.12  -1.26   0.01   0.07   0.62   0.94  -0.50  -0.46  -0.68  -0.92  -0.93  -1.06   
1936 1.45   2.00  -0.74  -0.29  -1.51  -2.60  -2.85  -2.61  -3.02  -3.30  -3.78   0.74   
1937 2.01   1.60   0.80   1.40   1.48  -0.49   0.50  -0.45  -0.68   0.87  -0.47  -1.23   
1938 -1.60  -2.38   0.36   1.55   1.28   1.13   1.22   1.25  -0.76  -1.56  -1.37  -1.84   
1939 -1.75   0.80   0.35   0.29   0.54   0.41   0.12   0.72   0.70  -0.86  -1.62  -1.97   
1940 -1.72  -0.99  -1.23  -1.60  -0.03   0.46   1.76   2.09  -0.48  -0.37  -0.45  -0.66   
1941 -1.31  -1.86  -1.90  -2.33  -2.99  -2.81   1.03   2.40  -0.51  -0.68  -0.95  -0.79   
1942 -1.55  -1.37  -1.12  -1.99  -2.07  -1.95  -2.13   0.49   0.84  -0.02  -0.78   1.23   
1943 -0.64  -1.32   0.63   0.81  -0.34  -1.06  -1.70  -1.50  -1.27  -1.86  -2.12  -2.37   
1944 -2.73   0.74   1.49   2.16  -0.73  -1.05  -1.69  -1.91  -1.68  -2.20  -2.39  -2.55   
1945 -2.66  -1.99  -2.28  -1.81  -1.46  -1.26  -1.46  -1.72  -1.86   0.87   0.77   1.10   
1946 2.21   2.99   2.58   1.66   2.01   2.74   2.53   1.82   2.37   1.85   1.41   0.81   
1947 2.11   1.12   1.11   1.42   1.40   2.08  -0.36  -0.69  -1.26  -1.80   0.68   0.41   
1948 0.12   0.49   0.78   0.42   0.04   0.02   0.77   1.53   1.70   1.13   4.70   4.17   
1949 4.09   4.31  -0.20  -0.20   0.00   0.17  -0.77  -0.97  -1.24  -1.21  -1.92  -2.33   
1950 -2.67  -2.58  -2.25  -2.66  -2.64  -2.42   1.41   1.20   1.82   0.03  -0.35  -0.80   
1951 -1.24  -1.53   1.10   1.28  -0.75  -0.71  -0.51  -1.15  -0.68  -0.94  -1.02   1.03   
1952 -0.38  -0.83  -0.59  -1.08  -1.06  -1.66  -2.59   1.10   0.74   0.55   0.31   0.61   
1953 1.29   1.30  -0.69  -0.40  -0.35  -0.21  -0.24  -0.90  -0.72  -1.42  -1.83   0.83   
1954 1.10  -0.58  -1.24  -1.62  -1.89  -2.07  -2.70  -3.34  -4.12  -4.48  -4.17  -3.83   
1955 -3.57  -2.92  -3.31  -2.37  -1.74  -1.75  -1.17  -1.47  -2.25  -2.13  -1.68  -2.21   
1956 -2.74  -1.71  -1.23  -0.67  -1.14  -1.31  -1.68  -2.02  -2.38  -2.33  -2.46  -2.55   
1957 -2.10  -2.27  -2.33   0.56   0.83   1.74  -0.58  -1.41   1.23   1.31   2.15  -0.13   
1958 -0.70  -0.62  -0.85  -1.12  -1.58   0.24   1.03  -0.29   0.36   0.37  -0.12  -0.75   
1959 -0.78  -1.01  -0.86  -1.21   0.63  -0.21  -0.78  -0.76  -0.54   0.00  -0.29  -0.84   
1960 -0.57  -0.83  -0.43  -1.10  -1.55  -1.95  -2.46   0.46   0.97   1.14  -0.29  -0.69   
1961 -1.26   2.23   2.41   2.19   1.82   2.71   2.55   2.72   2.61   2.07   1.66   3.53   
1962 3.70  -0.02  -0.36   0.33  -1.03  -0.97  -1.10  -1.59   0.12   0.09   0.62   0.19   
1963 0.54   0.03   0.06   0.49   0.17   1.08   1.29   0.92   1.17  -0.80   0.09   0.16   
1964 0.43   0.29   1.10   1.96  -0.42  -0.53  -0.12  -0.33  -0.53   0.56  -0.17  -0.15   
1965 -0.68  -0.47  -0.40  -0.73  -1.62   0.64   0.99   0.80   0.84  -0.26  -0.61  -1.20   
1966 0.14   1.13   0.73   1.00   1.52   1.02   0.74   1.27   1.64   2.02   0.00  -0.19   
1967 -0.63  -0.70  -1.76  -2.24   1.08   1.37   2.03   3.40   3.42   3.64   3.94   4.24   
1968 4.06  -0.86  -1.41  -0.70  -0.26  -0.81  -0.65  -0.93  -1.23  -1.54   0.20   0.73   
1969 -0.19  -0.54  -0.74  -0.91  -0.01  -0.73  -1.02   0.23   0.65  -0.07  -0.53  -0.10   
1970 -0.62  -1.02   0.49   0.55   0.29   0.56   0.25   0.46  -0.77   0.91   0.60   0.27   
1971 0.04   0.70   1.28   1.02   0.88   1.02   2.18   2.11   2.11   1.34   0.88   1.14   
1972 2.68   1.92   1.88   1.02   1.11   1.36   1.12   0.63   1.18   1.73   2.07   2.47   
1973 2.70   1.71   2.24   2.41   3.32   3.30   0.05  -0.21  -0.36  -0.99   0.30   0.94   
1974 -0.07  -0.03  -0.99   0.50   0.99   0.52   0.30   1.71   2.02   1.57   1.65   1.75   
1975 1.93   2.23   2.42   2.09   2.23   2.15   2.86   2.92   4.33   4.48   3.78   3.43   
1976 3.14   1.91   3.90   2.64   3.57   3.26   2.86   2.43   2.08   1.91   1.68   1.56   
1977 1.41   0.99   2.67   0.04  -0.68  -1.29  -1.53  -1.82   0.58   1.59   1.85  -0.62   
1978 -0.18  -1.04  -1.51  -1.71   1.00   1.17  -0.26  -0.29  -0.88  -1.61  -2.04  -0.03   
1979 0.59   0.53   0.79   3.36   3.70   2.81   3.15   2.95   3.97   3.78   3.96   2.78   
1980 2.75   1.98   3.99   3.79   4.02  -0.40  -1.31  -2.04  -1.11  -0.70  -1.12  -1.97   
1981 -2.73  -2.07  -1.99  -2.51  -2.31  -2.54  -2.67  -2.33  -2.53  -2.04  -2.50  -0.02   
1982 0.83   1.49  -0.96   1.19   0.85   1.65   0.01  -0.23  -0.71   0.43   1.23   1.48   
1983 0.98   1.41   1.23   2.30   3.14   3.36   2.33   1.11   1.37   1.41   2.64   4.21   
1984 3.50   2.64   1.89   1.99   2.46   1.64   2.47   3.00  -0.49  -0.23  -0.11  -0.69   
1985 -0.79  -0.71  -1.82  -2.20   0.24   0.23   1.14   1.20  -0.40  -0.03  -0.71  -1.08   
1986 -1.97  -2.48  -3.14  -3.94  -3.83  -4.24  -4.72  -4.44  -4.26  -3.92  -2.40  -2.77   
1987 -2.31  -1.42  -1.58  -2.18  -2.16  -1.69  -1.88  -2.21  -2.51  -2.66  -2.69  -2.81   
1988 -2.28  -2.64  -3.25  -3.03  -2.78  -3.52  -3.18  -3.16   1.46   1.83   2.29  -0.53   
1989 -0.84  -0.93   0.12   0.10   0.02   2.15   2.55   2.53   2.84   2.57   2.97   2.64   
1990 2.97   3.38   3.65  -0.61  -0.72  -0.95  -1.14  -1.75  -2.44  -2.19  -2.16  -2.05   
1991 -1.98   0.17   0.16   0.09   0.87   1.08  -0.47  -0.56  -0.43  -1.07  -0.86  -0.98   
1992 -1.11  -0.83  -1.26  -1.46  -1.64   0.13   0.28   0.95   1.21   1.28   2.94   2.92   
1993 3.15  -0.46  -0.73  -0.94  -0.68  -0.44  -1.59  -1.56  -1.87  -1.87  -1.81  -1.87   
1994 -2.16  -2.03   0.15   0.21  -0.19   1.14   1.89   1.71   2.02   2.33   2.16   1.71   
1995 1.20   1.97  -0.46  -0.46  -1.08  -1.19  -1.99  -2.28   0.41   2.55   3.25   2.93   
1996 3.49   2.82   3.12   2.42   1.87   1.40   1.65   1.60   1.97   1.99   2.03   1.57   
1997 1.75   1.78   0.79   1.31   1.35   2.81   2.59   1.90   1.93   2.18   2.30   2.00   
1998 2.02   2.74   2.30   2.39  -0.41  -0.88  -1.07  -1.34  -1.86  -2.45  -2.24  -2.19   
1999 -1.36  -1.97  -1.94  -2.60   0.00   1.36   1.53  -0.59  -1.02  -0.99  -1.41  -1.95   
2000 -1.83  -2.41  -2.24  -1.44  -2.02  -2.18  -2.78  -3.31  -3.61  -3.85   0.87  -0.60   
2001 -0.62  -0.89   0.74   0.61   1.04   1.89   1.58   1.73   2.41   2.52  -0.27  -0.50   
2002 -0.19  -0.85  -0.87  -1.64  -1.33  -1.30  -1.46  -1.94   0.96   1.47   1.88   2.34   
2003 1.41   1.45   0.80   0.80   3.28   4.19   4.95   4.95  -0.12  -0.64  -0.18  -0.51   
2004 -1.02  -0.76  -1.64  -1.85   0.19   0.75   0.77   0.57   1.32   1.35   3.00   2.37   
2005 1.35   1.30   1.22   1.32   1.08   1.17   2.15   2.01  -0.39  -0.85  -0.90  -0.93   
2006 -0.88  -0.56  -0.99  -1.28  -1.07  -1.51  -2.14  -2.49  -1.95  -1.21  -0.84  -1.17   
2007 -1.50  -1.95  -3.05  -3.57  -4.27  -4.88  -5.02  -5.34  -5.40  -5.18  -5.14  -5.21   
2008 -5.15  -4.25  -4.22  -3.96   0.64  -0.67   0.02   1.47  -0.33  -0.39  -0.70  -0.35   
2009 -0.21  -0.26  -0.46  -0.72   1.18   0.63   0.74   1.11   2.31   3.98   4.33   4.57   
2010 4.05   3.55   3.41   2.65   3.18  -0.59  -1.44  -1.60  -2.32  -2.10  -1.83  -2.24   
2011 -2.42  -2.71  -1.79  -1.63  -2.10  -1.85  -2.11  -3.00  -2.04  -2.32  -1.72  -1.53   
2012 -1.31  -1.72  -1.80  -2.56  -2.38  -2.71  -2.64   0.43  -1.80  -1.46  -1.93  -1.41   
2013 1.03   1.33 -99.99 -99.99 -99.99 -99.99 -99.99 -99.99 -99.99 -99.99 -99.99 -99.99   
