1895,0.37,-0.49,-0.45,-0.96,-1.00,-0.44,-0.62,-0.80,-1.53,-1.52,-2.28,-2.61
1896,-2.69,-2.30,-2.54,-2.79,-3.08,-2.47,-2.48,-3.29,-3.67,-3.43,-3.65,-4.29
1897,-4.44,-3.87,-3.49,-3.66,-4.06,-4.81,-4.99,-4.75,-5.28,-5.31,-5.55,-5.15
1898,-5.38,-5.55,-5.99,-5.46,-6.09,-6.15,-5.78,-4.93,-4.39,-3.41,-2.57,-2.57
1899,-2.37,-1.95,-2.04,-2.63,-3.42,-3.94,-3.69,-4.17,-4.68,-4.45,-4.40,-3.91
1900,-4.06,0.91,0.47,1.47,0.72,2.50,-0.12,-0.79,0.02,0.66,-0.34,-0.35
1901,-0.43,-0.47,-0.61,-0.40,-0.13,-0.57,-1.38,0.26,0.57,-0.45,-0.91,-0.24
1902,-0.73,-0.18,-0.10,-0.76,-1.52,-2.84,-3.91,-4.62,-3.89,-3.14,-3.13,-2.79
1903,-2.97,-1.20,-1.77,-2.28,-1.55,-1.07,-1.36,-1.94,-2.29,-2.34,-2.88,-3.28
1904,-3.35,-3.32,-4.01,-4.33,-4.34,-4.43,-4.35,-4.05,-4.52,-4.83,-4.79,-4.80
1905,-4.33,-3.14,-3.76,-3.74,-3.36,-3.12,-3.22,-3.16,-3.19,-2.53,-2.95,-2.40
1906,-2.49,-2.85,-2.11,-3.03,-2.90,-3.24,-2.59,-3.15,-1.38,-0.73,-1.43,-1.70
1907,-2.57,-2.45,-3.37,0.42,1.43,-0.35,-0.68,-1.39,0.67,0.24,0.66,0.95
1908,0.56,0.78,-0.75,-0.74,-0.44,-0.78,-1.12,-1.90,-2.07,-2.00,-2.84,-2.92
1909,-3.66,0.31,0.59,0.89,1.50,2.44,-0.16,-0.75,-0.96,-1.25,-2.16,-1.96
1910,-2.33,-2.03,-3.12,-3.35,-3.09,-1.92,-1.23,-1.63,-2.00,-1.78,-2.13,-2.42
1911,-2.68,-3.18,-3.97,-3.00,-3.29,-3.37,-3.16,-3.27,-3.67,-3.36,-3.15,0.25
1912,0.40,0.28,0.94,1.83,-0.38,-0.07,-0.30,-0.40,0.42,0.51,-0.56,-0.29
1913,-0.53,0.11,0.43,-0.66,-1.07,-1.31,-1.68,-2.53,-1.01,-0.85,-1.51,-1.87
1914,-2.57,-2.59,-3.12,-3.19,-3.90,-4.56,-4.92,-4.62,-3.65,-3.18,-2.85,-2.72
1915,-2.36,-2.18,-2.58,-3.49,-3.09,-3.18,-3.26,-3.50,-2.94,-2.00,-2.44,-2.09
1916,-2.64,-2.70,-3.24,-3.39,-3.27,-3.30,-0.66,-0.97,-1.18,-1.38,-1.74,-1.94
1917,-1.72,-1.47,-1.16,-1.51,-1.72,-1.95,-1.90,0.04,1.24,-0.07,-0.62,-1.33
1918,-0.85,-1.67,-2.99,-2.29,-2.72,-2.80,-3.07,-3.58,0.44,2.05,2.20,2.21
1919,1.98,2.33,1.87,1.29,1.63,1.40,1.40,1.71,-0.84,-0.92,-1.15,0.56
1920,0.64,0.27,0.27,1.06,1.04,1.09,-0.18,0.18,-0.09,-0.53,-0.88,-0.15
1921,-0.82,-0.94,-1.69,-1.03,-1.68,-2.61,-2.91,-3.45,-3.85,-3.56,-3.83,-4.10
1922,-3.44,-3.03,-2.39,-2.59,-1.78,-1.83,-2.08,-2.54,-3.11,-2.81,-3.32,-2.88
1923,-3.26,-2.78,-2.91,-2.36,-0.93,-0.84,-0.83,-0.69,-1.43,-1.31,-0.85,-0.92
1924,-0.61,-0.74,-1.50,-1.34,-1.13,-0.77,-1.23,-2.03,-1.75,-2.26,-3.19,-2.66
1925,-1.32,-1.84,-2.54,-3.49,-4.12,-4.83,-5.02,-5.90,-6.11,-4.96,-4.57,-4.41
1926,-3.30,-3.23,-3.04,-3.49,-3.63,-3.22,-2.92,-2.65,-1.84,-2.04,-1.79,-1.91
1927,-2.95,-2.59,-3.15,-3.93,-4.45,-4.11,-4.43,-4.79,-5.26,-5.17,-5.17,-3.98
1928,-4.58,-4.49,-4.37,1.14,0.84,2.51,-0.12,-0.53,-0.50,-0.53,-1.12,-1.86
1929,-1.86,1.07,2.64,1.95,2.09,2.19,-0.44,-1.43,0.86,1.69,3.14,-0.26
1930,-0.60,-1.55,-1.81,-2.73,-3.07,-3.64,-4.26,-4.63,-3.24,-2.77,-1.69,-2.03
1931,-2.30,-2.61,-2.95,-3.03,-2.97,-3.56,-4.01,-3.39,-4.23,-4.50,-4.92,-4.12
1932,-3.48,-3.64,-3.70,-4.04,-3.56,-3.27,-3.57,0.06,0.12,0.69,0.55,1.20
1933,0.52,0.66,0.95,1.14,-1.08,-1.60,-1.52,-1.74,-2.21,-2.22,-2.97,-3.54
1934,-3.90,-3.74,-3.53,-3.52,-3.10,-2.94,-2.20,-1.77,-2.02,-0.64,-0.61,-0.92
1935,-1.70,-1.68,-1.56,-1.54,-1.56,-1.70,-1.58,-1.28,-1.79,-2.33,-2.52,-2.46
1936,2.00,2.86,-0.82,-0.45,-1.17,-1.85,-1.68,-1.11,-1.68,-1.88,-2.27,0.48
1937,0.73,0.67,0.37,0.57,0.52,-0.35,-0.66,0.08,0.34,1.12,1.14,-0.57
1938,-0.98,-1.88,-2.23,1.77,-0.57,0.16,0.59,-0.20,-1.04,-1.68,-1.99,-2.52
1939,-2.57,0.96,0.66,0.12,0.31,0.61,0.51,3.52,-0.03,-0.56,-1.25,-1.71
1940,-1.52,0.51,-0.08,-0.42,-0.46,1.30,2.44,-0.21,-0.82,-1.36,-1.43,-0.96
1941,-1.41,-1.64,-1.75,-2.18,-3.14,-3.02,-2.38,-1.69,-1.93,-2.40,-2.68,1.04
1942,0.62,0.44,1.01,0.18,0.09,0.90,0.80,1.59,1.60,-0.15,-0.81,-0.18
1943,-0.30,-1.02,1.37,-0.44,-0.36,-0.86,-1.06,-1.53,-1.46,-1.83,-1.46,-1.80
1944,-1.77,0.23,1.33,2.53,-0.53,-1.51,-1.86,-1.13,-1.20,-1.76,-1.52,-1.94
1945,-2.17,-1.60,-2.29,0.89,0.80,0.56,0.78,-0.82,-0.86,-0.50,-0.75,0.41
1946,1.07,0.03,0.07,-0.62,1.20,2.09,2.73,3.32,3.77,3.29,2.96,1.98
1947,3.01,1.91,1.91,2.39,2.74,2.64,2.52,2.17,1.37,0.66,1.82,1.78
1948,1.65,1.44,2.01,-0.55,-0.90,-1.02,-0.79,-1.08,-0.77,-1.01,3.56,2.87
1949,2.26,2.28,1.95,1.95,1.57,2.27,2.78,3.07,0.03,-0.08,-0.85,-1.18
1950,-1.94,-2.21,-2.24,-2.22,-1.86,-2.00,1.24,1.28,1.61,-0.26,-0.79,-0.74
1951,-1.05,-1.60,-1.02,-1.06,-1.66,-1.64,-2.28,-3.06,-2.13,-2.43,-2.44,-2.15
1952,-2.41,-2.56,-2.11,-2.09,-1.08,-1.71,-2.88,-2.41,-2.49,-2.66,-2.74,0.30
1953,0.01,0.71,-0.78,0.86,0.77,0.49,0.70,-0.65,-0.13,-0.76,-1.02,1.49
1954,-0.87,-1.29,-1.74,-2.14,-2.38,-3.00,-3.59,-4.53,-5.40,-5.51,-5.18,-4.96
1955,-4.45,-4.14,-4.70,-3.77,-2.73,-2.48,-1.86,-2.17,-3.06,-3.06,-2.93,-3.52
1956,-3.95,-3.05,-2.34,-2.25,-2.80,-2.85,-2.64,-2.98,-2.32,-1.60,-1.99,-1.87
1957,-2.03,-2.67,-2.76,0.26,0.90,1.19,-0.51,-1.30,1.51,1.42,2.39,1.80
1958,1.15,1.01,1.44,1.25,0.83,1.03,1.99,-0.33,-0.07,-0.41,-0.76,-1.38
1959,-1.42,-1.37,-1.39,-1.53,0.39,-0.07,-0.17,-0.51,0.42,1.96,-0.32,-0.85
1960,-0.39,-0.50,-0.24,-0.70,-0.63,-0.65,-0.92,0.53,0.93,1.00,-0.52,-1.12
1961,-1.38,2.39,3.11,2.67,1.96,2.77,2.86,3.28,2.74,2.09,2.03,4.07
1962,4.29,-0.64,-0.64,-0.15,-1.20,-0.79,-1.42,-1.96,-2.04,-1.94,-1.49,-2.05
1963,-1.03,-1.22,-1.63,-2.12,-2.17,-1.76,-1.44,-1.68,-1.44,-2.11,0.00,0.02
1964,0.53,0.49,0.63,2.58,1.75,1.23,1.54,1.51,1.54,2.55,2.40,2.28
1965,2.09,2.12,-0.02,-0.87,-1.96,-1.58,-1.77,-1.84,-1.71,-1.54,-2.01,-2.21
1966,0.48,1.79,-0.34,-0.61,-0.50,-0.43,-0.99,0.30,0.60,1.32,1.29,1.35
1967,-0.37,-0.43,-1.48,-2.28,0.27,0.03,0.96,2.04,2.18,2.69,2.45,2.83
1968,-0.12,-0.80,-1.41,-1.13,-1.41,-2.13,-2.10,-2.13,-2.41,-2.69,-2.10,-1.06
1969,-1.31,-1.62,-1.67,-1.51,-0.82,-1.37,-1.77,-1.53,-0.96,-0.71,-1.03,-0.87
1970,-1.13,-1.27,-1.09,-1.51,-1.54,0.91,0.77,1.45,0.66,1.63,1.17,1.00
1971,0.56,1.23,2.36,1.96,2.26,1.92,2.19,1.85,1.99,1.41,0.99,1.37
1972,2.67,-0.33,-0.35,-0.96,-0.92,-0.54,-0.31,-0.62,-0.95,-0.87,0.19,0.87
1973,0.88,0.39,1.43,2.23,3.23,3.58,3.76,3.78,3.34,2.83,2.59,2.86
1974,2.97,2.43,1.52,1.83,1.86,2.41,2.07,2.73,4.59,4.05,3.72,3.74
1975,4.01,4.13,4.00,4.27,3.77,4.01,4.51,4.63,5.15,5.81,5.05,4.63
1976,4.13,2.77,3.96,2.68,3.76,3.33,2.66,2.42,2.19,1.99,2.21,2.06
1977,2.24,1.93,2.58,-0.40,-1.23,-2.02,-1.97,-2.33,0.40,0.71,0.99,0.43
1978,1.05,-0.64,-1.20,-1.27,1.61,1.68,-0.42,-0.60,-1.03,-1.54,-1.75,-1.66
1979,0.88,1.21,1.20,2.59,2.52,2.11,2.60,2.39,3.16,2.59,3.10,2.22
1980,2.07,1.43,2.80,3.08,3.61,-0.21,-0.76,-1.61,-1.82,-1.04,-1.19,-2.08
1981,-2.73,-2.06,-1.65,-1.67,-1.39,-1.67,-2.35,-1.96,-1.98,-1.47,-2.10,0.43
1982,0.75,1.50,-0.87,-0.19,-0.65,-0.54,-0.38,-0.34,-0.55,-0.87,0.79,1.58
1983,1.57,2.46,3.03,3.90,4.23,4.89,3.63,2.73,3.10,2.64,3.48,3.95
1984,-0.21,-0.49,-0.79,-0.72,0.50,0.23,0.22,1.04,0.26,1.07,1.05,-0.57
1985,-0.89,-0.24,-1.32,-1.52,-1.49,-1.44,0.09,0.21,-0.20,1.05,-0.30,-0.51
1986,-1.23,-1.47,-1.73,-2.54,-1.90,-2.44,-2.95,-2.91,0.00,0.32,2.25,1.71
1987,2.25,2.69,-0.45,-1.27,-1.27,-0.53,-1.11,-1.26,-1.28,-1.71,-1.68,-1.98
1988,-1.53,-1.62,-2.11,-1.94,-2.27,-2.85,1.13,0.66,2.02,2.53,3.01,2.48
1989,1.80,1.03,1.09,0.99,1.29,3.32,3.87,3.22,3.02,3.09,3.27,3.58
1990,4.35,4.74,4.72,-0.15,0.15,-0.48,-1.03,-1.76,-2.29,-2.25,-2.31,-2.54
1991,0.56,0.30,0.36,0.49,2.08,2.36,1.85,1.80,1.44,0.90,1.54,1.39
1992,1.60,1.71,-0.63,-0.91,-1.28,0.12,0.40,1.03,0.98,0.95,2.63,2.58
1993,2.65,-0.27,-0.20,-0.44,-0.53,-0.62,-1.48,0.34,0.44,0.80,0.95,0.69
1994,0.75,0.59,0.76,-0.39,-0.76,0.84,1.88,1.65,1.80,2.35,-0.12,-0.31
1995,-0.36,-0.30,-0.54,-0.42,-0.87,-1.20,-2.07,-2.28,-2.14,1.92,2.24,2.23
1996,2.59,2.01,2.48,2.08,1.53,1.22,1.80,1.73,2.45,2.30,-0.18,-0.54
1997,0.29,0.61,-0.96,0.58,0.99,2.30,2.23,1.83,1.48,1.91,2.59,2.43
1998,3.26,3.67,-0.33,-0.50,-1.25,-1.67,-1.52,-2.07,-0.72,-0.86,-1.27,-1.90
1999,-0.93,-1.61,-1.51,-2.07,-2.00,1.49,-0.24,-0.80,-1.04,0.43,-0.38,-0.77
2000,-0.60,-1.56,-1.64,-1.75,-2.42,-2.64,-3.65,-4.04,-3.60,-3.84,0.93,1.09
2001,1.01,0.72,1.77,1.34,1.07,1.44,0.92,1.50,1.59,1.83,1.72,-0.21
2002,-0.25,-0.60,-0.77,-1.52,-1.61,-1.59,-1.76,-1.86,0.81,1.15,1.55,1.92
2003,1.09,1.28,0.59,1.65,2.44,3.45,4.26,4.77,4.65,4.21,4.13,3.25
2004,2.49,2.93,1.37,0.76,0.80,1.62,1.23,1.75,2.50,2.53,3.54,2.87
2005,2.00,2.02,2.20,2.64,2.39,2.81,4.10,4.49,4.29,-0.32,-0.49,-0.84
2006,-0.82,-0.57,-1.16,-1.83,-1.54,-1.90,-2.73,-2.81,-2.92,-2.11,-1.42,-1.38
2007,-1.40,-1.74,-2.75,-2.79,-3.54,-3.83,-3.52,-3.64,-3.50,-3.00,-3.04,-3.26
2008,-2.92,-2.42,-2.79,-2.73,-2.38,-2.29,-2.32,2.35,-0.36,-0.27,-0.31,-0.38
2009,-0.73,-1.17,0.90,0.71,1.90,1.21,1.11,1.63,2.16,2.80,3.06,4.24
2010,4.25,-0.25,-0.52,-1.11,-0.57,-0.99,-1.35,-1.36,-1.97,-1.92,-1.66,-2.18
2011,-2.24,-2.19,-1.68,-1.93,-2.33,-2.86,-2.63,-3.40,-2.21,-2.29,-2.08,-2.00
2012,-1.71,-1.75,-1.98,-2.60,-2.19,-2.14,-2.45,0.38,-1.02,-0.96,-1.45,-0.56
2013,1.06,2.75,-99.99,-99.99,-99.99,-99.99,-99.99,-99.99,-99.99,-99.99,-99.99,-99.99
