1895 0.58  -0.36  -0.42  -0.54  -0.60   0.56  -0.21  -0.50  -1.19  -1.32  -1.94  -2.25   
1896 -2.26  -1.96  -2.36  -2.84  -3.19  -2.57  -2.66  -3.48  -3.91  -3.82  -3.97  -4.26   
1897 -4.49  -3.48  -3.27  -3.42  -3.85  -4.63  -4.99  -4.79  -5.22  -5.28  -5.54  -5.22   
1898 -5.72  -6.00  -6.56  -6.12  -6.75  -6.66  -6.19  -5.15  -4.58  -3.36  -2.52  -2.32   
1899 -2.05  -1.31  -1.67  -2.01  -2.91  -3.33  -3.13  -3.64  -4.20  -3.95  -4.06  -3.74   
1900 -3.82   1.04   0.84   1.67   1.02   2.72  -0.14  -0.94  -0.84  -0.19  -0.63  -0.32   
1901 -0.36  -0.32  -0.36  -0.35  -0.21  -0.78  -1.67   0.34   0.68  -0.40  -0.85  -0.21   
1902 -0.85   0.80   0.91  -0.59  -1.32  -2.72  -4.03  -4.80  -4.23  -3.39  -3.29  -2.87   
1903 -2.90  -1.30  -1.61  -2.32  -1.70  -1.23  -1.57  -2.15  -2.26  -2.25  -2.72  -3.06   
1904 -3.01  -2.89  -3.76  -4.07  -4.14  -4.29  -4.39  -4.12  -4.62  -5.03  -4.89  -4.86   
1905 -4.52  -3.32  -3.86  -3.77  -3.53  -3.31  -3.43  -3.10  -3.11  -2.46  -2.89  -1.75   
1906 -1.61  -2.03  -1.46  -2.30  -1.92  -2.34   0.54  -0.61   1.32   1.70  -0.83  -1.24   
1907 -2.26  -2.30  -3.52  -2.95  -1.65  -1.92  -2.13  -2.71   0.66   0.22   0.58   1.23   
1908 -0.19   0.22  -0.96  -1.01  -0.63  -1.12  -1.51  -2.26  -2.39  -2.23  -3.00  -3.08   
1909 -3.88   0.21   0.36   0.37   0.93   1.99  -0.05  -0.63  -0.87  -1.14  -2.04  -1.82   
1910 -2.22  -1.91  -3.14  -3.65  -3.72  -2.67  -2.03  -2.40  -2.62  -2.38  -2.61  -2.83   
1911 -3.13  -3.70  -4.52  -4.32  -4.20  -4.04  -3.81  -3.72  -3.98   0.05   0.05   0.37   
1912 0.76   0.82   1.15   1.31  -0.35  -0.15  -0.52  -0.70   0.49   0.65  -0.34  -0.22   
1913 -0.68   0.12   0.55  -0.57  -0.97  -1.12  -1.58  -2.35  -0.92  -0.78  -1.34  -1.49   
1914 -2.04  -1.89  -2.56  -2.74  -3.44  -4.02  -4.64  -4.44  -3.53  -2.91  -2.46  -2.19   
1915 -1.67  -1.63  -2.17  -2.79  -2.43  -2.54  -2.77  -3.04  -2.65  -1.60  -1.99  -1.67   
1916 -2.47  -2.51  -3.29  -3.31  -3.24  -3.39   2.78  -0.53  -0.79  -1.03  -1.24  -1.27   
1917 -1.18  -0.98  -0.91  -1.37  -1.70  -1.98  -2.14   0.01   1.29  -0.09  -0.58  -1.20   
1918 -0.69  -1.55  -2.98  -2.33  -2.76  -2.78  -3.25  -3.76   0.30   1.72   2.02   2.24   
1919 2.03   2.53   2.12   1.57   1.81   1.43   1.67   1.90  -0.71  -0.80  -0.98   0.56   
1920 0.60   0.47   0.28   0.81   0.84   0.90   0.74   0.80  -0.09  -0.51  -0.64   0.68   
1921 -0.69  -0.84  -1.73  -1.47  -1.98  -2.82  -3.08  -3.67  -4.18  -3.95  -4.25  -4.46   
1922 -3.94  -3.43  -2.83  -3.34  -2.54  -2.61  -2.94  -3.23  -3.70  -3.36  -3.81  -3.33   
1923 -3.65  -3.26  -3.39  -3.09  -1.66  -1.66  -1.64  -1.47  -2.14  -2.13  -1.75  -1.88   
1924 -1.39  -1.44  -1.89  -1.69  -1.69  -1.23  -1.58  -2.40  -1.82  -2.28  -3.21  -2.60   
1925 -0.96  -1.65  -2.53  -3.37  -3.59  -4.19  -4.59  -5.41  -5.74   0.41   0.35   0.36   
1926 1.24   0.95   0.83   0.43   0.08   0.26   0.47   0.58   1.28  -0.19   0.17  -0.55   
1927 -1.85  -1.78  -2.43  -3.43  -4.19  -3.92  -4.42  -4.88  -5.39  -5.36  -5.47  -4.13   
1928 -4.76  -4.43  -4.24   1.26   0.79   2.44  -0.05  -0.46  -0.24  -0.15  -0.79  -1.46   
1929 -1.43   1.16   2.43  -0.45  -0.39  -0.06  -0.49  -1.44   1.04   1.96   3.11  -0.16   
1930 -0.39  -1.41  -1.37  -1.79  -2.08  -2.61  -3.45  -3.90  -2.56  -2.20  -1.08  -1.26   
1931 -1.45  -1.66  -1.81  -1.81  -1.61  -2.40  -2.04  -1.72  -2.55  -2.67  -3.27  -2.40   
1932 -1.69  -1.89  -2.23  -2.61   1.01   1.18   0.56   0.86   1.36   2.32   2.13   2.23   
1933 1.47   1.64   1.85   2.40  -1.10  -1.35  -0.33  -0.02  -0.69  -0.97  -1.81  -2.39   
1934 -2.74  -2.50  -2.22  -2.26   0.21   0.18   0.31   0.81   0.19   1.06   1.16  -0.42   
1935 -1.09  -1.26   0.28   0.67   0.58   0.54   0.46   0.68  -0.29  -0.89  -1.27  -1.23   
1936 2.70   3.13  -1.07  -0.68  -1.15  -2.08  -1.68  -1.03  -1.61  -1.85  -2.26   0.18   
1937 -0.21  -0.07  -0.29   0.70   0.62   0.56   0.20   0.43   1.00   1.93   2.48  -0.61   
1938 -1.14  -1.91  -2.21  -1.34  -1.80  -2.18  -1.48  -1.90  -2.36  -2.86  -3.28  -3.60   
1939 -3.76   1.19   0.59   0.23   0.53   1.46   1.09   3.97   4.09  -0.52  -1.18  -1.62   
1940 -1.64   0.75   0.10   0.03   0.03   1.14   1.76  -0.47  -1.02  -1.55  -1.50  -0.58   
1941 -1.23  -1.52  -1.64  -2.08  -3.02  -2.96  -2.14  -1.95  -1.88  -2.41  -2.64   0.92   
1942 0.76   0.84   1.13   0.55   0.32   1.08   1.22   1.69   2.14  -0.21  -0.70   0.15   
1943 0.73  -0.86   1.29  -0.43  -0.54  -0.54  -1.00  -1.38  -1.24  -1.57  -1.12  -1.15   
1944 -1.25  -1.34   1.63   3.01   2.36   1.67   1.16   2.16   2.74  -0.36  -0.12  -0.75   
1945 -0.74  -0.90  -1.86  -0.89  -1.21  -1.68   0.61   0.60   0.58   0.73   0.35   1.12   
1946 1.58   1.28   1.81   1.19   2.37   2.65   3.18   3.78   4.37   3.72   3.62   2.31   
1947 3.01   1.84   2.68   2.99   4.02   3.72   2.78   2.15   1.83   1.18   2.55   2.57   
1948 2.37   1.52   2.51   1.90   1.17   0.62   1.01   0.59   0.82   1.06   3.95   3.50   
1949 2.80   2.48   2.13   2.37   1.84   2.11   2.53   2.58  -0.19  -0.35  -1.16  -1.46   
1950 -2.40  -2.95  -2.62  -2.24  -2.49  -2.98  -1.86  -1.26  -1.17  -1.35  -1.82  -1.75   
1951 -2.11  -2.82  -2.34  -2.09  -2.50  -2.65  -2.90  -3.69  -3.26  -3.62  -3.09  -2.76   
1952 -3.30  -2.90  -2.65  -2.60  -1.79  -2.49  -3.42  -2.75  -2.79  -3.07  -3.30  -2.86   
1953 -2.78  -1.90  -2.55   0.89  -0.33  -0.42  -0.35  -0.75   0.62   0.13   0.20   2.64   
1954 -1.01  -1.49  -1.86  -2.27  -2.63  -3.33  -3.72  -4.73  -5.58  -5.57  -5.52  -5.43   
1955 -5.09  -4.80  -5.77  -4.57  -3.63  -3.30  -2.32  -2.24  -2.69  -2.43  -2.74  -3.53   
1956 -3.74  -3.18  -2.69  -3.00  -3.35  -2.76  -2.20  -2.73  -1.24  -0.82  -1.29  -0.96   
1957 -1.73  -2.56  -2.70   0.71   1.01   1.53  -0.70  -1.55   1.37   1.27   2.27  -0.61   
1958 -0.72  -0.73  -0.75  -0.65  -1.15   0.18   0.92   0.54   0.81  -0.30  -0.82  -1.36   
1959 -1.29   0.14   0.37   0.17   0.34   0.52   0.41   0.05   0.51   2.34   1.80   1.13   
1960 1.06   1.03   1.30   1.47   1.50   0.98   0.77   0.97   1.42   1.39  -0.48  -0.96   
1961 -0.95   1.59   2.00   2.25   1.90   2.78   2.54   3.05   2.66   1.92   1.73   2.83   
1962 2.77   2.23   2.09   2.21  -1.23  -0.97  -1.68  -2.28  -2.57  -2.23  -1.85  -2.03   
1963 -1.03  -1.08  -1.91  -2.44  -2.77  -2.04  -1.78  -1.84  -1.59  -2.19   0.14   0.17   
1964 0.94   0.89   0.76   1.72   1.33   1.14   1.90   1.93   1.64   2.72   2.53   2.62   
1965 2.24   2.44   2.24  -0.83  -1.89  -1.83  -1.76   0.07   0.12   0.66  -0.56  -0.64   
1966 0.54   1.81  -0.48  -0.98  -0.88  -1.18  -1.73  -1.67  -1.91  -1.41  -1.09  -0.85   
1967 -0.64  -0.62  -1.64  -2.50   0.08   0.01   0.22   0.67   0.62   1.46   1.16   1.45   
1968 -0.41  -1.03  -1.67  -1.92  -1.85  -2.34  -2.54  -2.59  -2.97  -3.25  -2.74  -1.94   
1969 -2.53  -2.61  -2.28  -2.33  -1.51  -2.15  -0.04   0.34   0.67  -0.01  -0.56   0.17   
1970 0.01   0.01   0.50  -0.83  -1.08   0.90   0.52   1.25  -0.64   0.84   0.62   0.70   
1971 0.31   0.96   1.65   1.51   1.62   1.34   1.82   1.90   1.89   1.18   0.89   1.35   
1972 1.60  -0.25  -0.36  -1.06   0.11   0.53  -0.37  -1.11  -1.86  -1.82   0.20   1.47   
1973 1.52   1.37   2.42   2.80   3.42   3.45   2.94   2.59   2.32   1.63   1.46   1.67   
1974 2.24  -0.13  -0.75  -0.39  -0.53  -0.39  -0.65   0.25   1.38   1.15   1.26   1.03   
1975 1.34   1.98   2.07   3.13   3.30   3.58   4.87   5.09   5.70   6.42   5.84   5.40   
1976 4.81   3.54   3.45   2.48   3.83   3.56   2.87   2.15   1.89   2.46   3.21   2.87   
1977 2.87  -0.42  -0.03  -0.64  -1.28  -1.90  -2.20   0.34   0.52   0.55   0.93   0.63   
1978 1.95   1.22   0.70   0.57   1.97   2.31  -0.22  -0.11  -0.80  -1.44  -1.54  -1.79   
1979 1.01   1.98   1.74   2.28   1.94   1.47   2.07   1.92   2.61   2.09   2.33   1.70   
1980 1.60   0.60   2.14   2.77   3.36   3.18  -0.93  -1.64  -1.89  -1.30  -1.43  -2.28   
1981 -3.00  -1.67  -1.61  -2.30  -1.86  -2.05  -2.63  -2.40  -2.60  -2.42  -2.84   0.66   
1982 0.74   1.65  -0.89   0.33   0.15   0.10   0.71   0.69   0.53   0.29   0.45   0.89   
1983 0.85   1.48   2.05   2.72   2.46   3.48  -0.91  -1.35   0.29   0.00   0.70   1.27   
1984 1.15   0.78   0.45   0.29   0.97   0.44   0.47   1.13  -0.69  -0.46  -0.60  -1.33   
1985 -1.22  -0.58  -1.49  -1.86  -1.75  -1.74   0.21  -0.28  -0.29   0.93  -0.17  -0.03   
1986 -0.27  -0.45  -0.37  -1.21  -1.09  -1.72  -2.16  -2.25  -2.22   0.13   1.13   0.67   
1987 1.03   1.49  -0.18  -0.99   0.18   0.87  -0.72  -0.77  -1.16  -1.59  -1.21  -1.57   
1988 -0.92  -0.92  -0.90  -1.19  -1.85  -2.45   0.46   0.05   1.44   1.77   1.96  -0.76   
1989 -1.38  -1.91   0.09   0.25   0.55   2.48   3.00   1.96   1.48   1.71   2.74   3.26   
1990 3.88   4.01   4.62   3.94   4.10  -0.39  -1.06  -1.91  -2.71  -2.66  -3.06  -3.34   
1991 1.66   0.97   1.13   0.86   2.30   2.44   0.03  -0.02  -0.30  -0.82  -0.46  -0.85   
1992 1.37   1.72  -0.48  -0.88  -1.23   0.66   0.91   1.55   1.33   1.30   3.51   3.30   
1993 3.31   2.80   3.08  -0.30  -0.60  -0.91  -1.21  -1.41   0.01   0.76   0.91   0.66   
1994 0.84  -0.40  -0.47  -0.44  -0.77   1.32   3.74   3.04   2.55   2.96  -0.14  -0.68   
1995 0.38   0.76  -0.18  -0.05  -0.10  -0.26  -0.55  -0.05  -0.74   2.33   2.87   2.86   
1996 3.19   2.91   3.35   3.24   2.28   2.01   1.70   2.08   2.38   2.07   1.64   1.13   
1997 1.57   1.86   0.80   1.26   1.63   2.38   1.94   1.47   0.57   1.24   2.75   2.55   
1998 3.17   3.44   3.65   3.33  -0.93  -1.77  -1.86  -2.32   3.38  -0.22  -0.46  -1.22   
1999 -0.60  -1.49  -1.34  -1.97   0.18   1.52   1.55  -0.49  -0.86  -0.36  -0.76  -1.07   
2000 -1.24  -2.10  -2.44  -2.72  -3.53  -3.40  -4.61  -5.07  -4.65  -4.86   1.07   1.34   
2001 1.08   0.11   1.97   1.43   0.98   2.04   1.30   1.61   1.69   1.86  -0.05  -0.72   
2002 -0.88  -1.25  -1.40  -1.81  -2.15  -2.14  -2.03  -2.20   0.72   2.08   2.50   2.70   
2003 1.74   1.76   1.41   1.70   2.12   3.38   4.53   4.84   4.51  -0.07   0.15  -0.24   
2004 -0.62   0.69  -1.40  -1.65  -1.77   1.77   1.36   1.50   2.66   3.08   4.07   3.43   
2005 2.52   1.93   1.73   2.63   1.99   2.56   3.68   4.33   4.09  -0.41  -0.34  -0.59   
2006 -0.77  -0.74  -1.79  -2.50  -2.13  -2.72  -3.21  -3.02  -3.21  -2.07  -1.41  -1.30   
2007 -0.97  -1.48  -2.45  -1.74  -2.48  -2.44  -2.66  -3.19  -3.18   0.80   0.84   1.20   
2008 1.24   1.38  -0.76  -0.63  -1.02  -1.17  -1.61   1.63   1.01   1.39   1.58  -0.07   
2009 -0.31  -1.03   1.20   1.26   2.59   1.80   1.49   1.88   2.26   3.01   3.24   5.45   
2010 5.98  -0.03  -0.49  -1.13  -0.81  -1.08  -1.95  -1.80  -2.43  -2.62  -2.37  -2.72   
2011 -2.56  -2.61  -2.24  -2.64  -3.26  -3.59  -3.55  -4.43  -3.74  -3.84  -3.79  -3.66   
2012 -3.47  -3.10  -3.52  -3.79  -3.66   0.32   0.20   1.02   1.38   1.64   1.00   1.15   
2013 0.81   2.87 -99.99 -99.99 -99.99 -99.99 -99.99 -99.99 -99.99 -99.99 -99.99 -99.99   
