1895 0.38  -0.16  -0.42  -0.46  -0.46   0.74  -0.35  -0.39  -0.79  -0.82  -1.30  -1.60   
1896 -1.41  -1.03  -1.47  -2.02  -2.35  -1.87  -2.67  -3.26  -3.52  -3.25  -3.55  -3.99   
1897 -4.42  -3.72  -3.99  -3.80  -3.99  -4.62  -4.74  -4.28  -4.51  -4.66  -4.92  -4.57   
1898 -5.21  -5.29  -5.79  -5.59  -6.04  -5.86  -5.52  -4.17  -3.37  -2.45  -1.88  -1.63   
1899 -1.46  -0.94  -1.52  -1.69  -2.51  -2.74  -2.23  -2.35  -2.75  -2.79  -2.99  -2.68   
1900 -2.58   0.79   0.89   1.49   1.17   2.63   0.01  -0.76  -0.70   0.79  -0.66  -0.36   
1901 -0.50  -0.26  -0.34  -0.41  -0.37  -1.01  -1.47   0.62   0.81  -0.40  -0.76  -0.26   
1902 -0.74   0.59   0.61  -0.63  -1.18  -2.44  -3.19  -3.73  -3.13  -2.58  -2.60  -2.26   
1903 -2.11  -0.89  -1.07  -1.80  -1.47  -1.21  -1.42  -1.51  -1.82  -1.98  -2.51  -2.78   
1904 -2.26  -2.21  -2.96  -3.26  -3.36  -3.54  -3.08  -2.80  -3.06  -3.55  -3.51  -3.70   
1905 -3.61  -2.53  -2.71  -2.86  -2.78  -2.74  -2.73   0.58   0.51   1.01   0.44   1.12   
1906 1.15  -0.39  -0.09  -0.97  -0.48  -1.00  -0.71  -1.12   1.51   1.75  -0.88  -1.43   
1907 -2.27  -2.32  -3.36   0.22   1.08  -0.55  -0.74  -1.19  -0.71  -0.96   0.24   0.87   
1908 0.62   0.86  -0.98  -1.18  -0.73  -1.20  -1.37  -1.31  -1.32  -1.44  -2.19  -2.41   
1909 -2.97  -2.60  -2.54   0.06   0.52   1.57  -0.12  -0.46  -0.44  -0.74  -1.51  -1.17   
1910 -1.66  -1.39  -2.31  -2.77  -3.08  -2.24  -1.65  -1.70  -1.87  -1.50  -1.73  -1.98   
1911 -2.31  -2.87  -3.58  -3.40   0.11   0.02   0.00   0.57   0.13   0.11   0.10   0.38   
1912 1.00   0.95  -0.43  -0.05  -0.23  -0.12  -0.61  -0.50  -0.19  -0.07  -0.41  -0.07   
1913 -0.65  -0.44  -0.27  -0.76  -0.97  -1.11  -1.43  -2.01   1.39   0.02  -0.55  -0.64   
1914 -0.73  -0.55  -1.07  -1.34  -1.84  -2.36  -2.82   0.15   0.70   0.67   0.71   0.63   
1915 0.98   0.98  -0.49  -1.21  -1.14  -1.36  -1.53  -1.72   0.28   0.90  -0.57  -0.51   
1916 -1.41  -1.57  -2.26  -2.30  -2.16  -2.49  -0.93  -1.19  -1.31  -1.46  -1.61  -1.42   
1917 -1.46  -1.22  -1.67  -2.10  -2.39  -2.71  -2.75  -2.41  -1.45  -1.54  -1.88  -2.19   
1918 -1.51  -2.09  -3.03  -2.11  -2.46  -2.50  -3.09  -3.31   0.24   2.01   2.10   2.07   
1919 1.83   2.25   0.02  -0.32   0.35  -0.19  -0.47   0.48  -0.58   0.34   0.31   0.89   
1920 0.83   0.71   0.12   0.77   0.81   0.87   0.68   0.69   0.61   0.16   0.01   0.72   
1921 -0.63  -0.91  -1.34  -1.23  -1.47  -2.15  -2.35  -2.93  -3.12  -3.05  -3.62  -3.76   
1922 -3.44  -2.91  -2.73  -3.26  -2.59  -2.71  -2.90  -2.96  -3.16  -2.96  -3.23  -3.00   
1923 -3.30  -2.94  -3.19  -3.01  -1.84  -1.86  -1.60  -1.18  -1.55  -1.28  -0.99  -1.20   
1924 -0.74  -0.83  -0.85  -0.89  -1.19  -0.83  -1.46  -2.43  -2.70  -3.20  -3.92  -3.64   
1925 -2.46  -2.90  -3.39  -3.96  -3.48  -3.82  -3.54  -3.99  -3.94   0.78   0.77   1.03   
1926 1.89   1.53   1.54   1.26   1.04   1.08   0.92   1.39   1.66  -0.24  -0.26  -0.96   
1927 -2.04  -1.94  -2.27  -3.02  -3.81  -3.69  -4.17  -4.26  -4.46  -4.44  -4.59  -3.77   
1928 -4.25  -3.85  -3.72   1.25   0.68   2.01  -0.37  -0.63  -0.80  -0.82  -1.34  -1.81   
1929 -1.66   0.73   1.20  -0.30  -0.68  -0.53  -0.79  -1.51   0.38   1.11   1.91  -0.10   
1930 -0.29  -1.08  -0.86  -1.28  -1.43  -1.97  -2.87  -3.33   0.69   0.75   1.39  -0.14   
1931 -0.14  -0.67  -0.54  -0.73  -0.67  -1.31   1.49  -0.17  -0.90  -0.90  -1.71  -1.04   
1932 -0.97  -1.58  -2.00  -1.95   1.50  -0.26  -0.76  -0.93   0.54   2.09   1.77   1.71   
1933 1.17   1.57   1.63   2.69  -0.77  -0.76   0.91  -0.57  -1.44  -1.73  -2.31  -2.67   
1934 -2.61  -2.02  -2.04  -1.85  -1.68  -1.74  -1.79  -1.53  -2.05  -1.11  -0.82  -1.32   
1935 -1.85  -1.91   0.15   0.29   0.95  -0.32  -0.59  -0.52  -1.03  -1.39  -1.86   0.18   
1936 2.90  -0.08  -0.93  -0.53  -0.16  -0.92  -0.81  -0.96  -1.37  -1.94  -1.91  -1.68   
1937 -2.02  -2.16   0.11   1.56   1.44   1.64   1.16   1.66   1.25   2.57  -0.02  -0.39   
1938 -0.64  -1.31  -1.97  -2.03  -2.07  -2.02  -1.22  -1.75  -2.30  -2.76  -2.92  -3.18   
1939 -3.47  -2.44  -3.12  -3.16   1.49   2.16   2.16   3.31   3.05  -0.52  -1.07  -1.69   
1940 -1.82  -1.41  -1.75  -1.50  -1.68   1.44   2.65  -0.44  -0.83  -1.32  -1.26   1.08   
1941 -0.47  -0.59  -0.41  -0.84  -1.54   0.69   1.36   0.99   1.25   1.20   1.01   1.40   
1942 1.56   2.06   2.15   1.60   1.53   2.53   2.52   2.77   2.54  -0.09  -0.67   0.50   
1943 0.55  -0.64   0.72  -0.40  -0.61  -0.78  -0.92  -1.35   0.38   0.00   0.38   0.40   
1944 -0.03  -0.90   1.09   2.60   1.80   0.95   0.76   1.60   2.36   1.74   2.33  -0.55   
1945 -0.29  -0.49  -1.23  -0.63  -0.92  -1.24   0.78   0.54   0.40   0.44   0.07   0.74   
1946 1.11   0.93   2.26   1.30   2.34   2.74   3.39   3.20   3.47   2.55   2.19   1.21   
1947 2.03   1.28   2.83   3.16   3.61   3.14   1.92   1.62   2.03   1.67   3.25   3.48   
1948 3.47   2.24   3.18   2.66   2.29   1.91   1.32   1.62   1.96   1.51   3.64   3.08   
1949 2.09   2.08   2.18   2.72   2.38   2.55   3.77  -0.31  -0.07  -0.05  -0.75  -0.89   
1950 -1.79  -2.50   0.33   0.60   0.09   0.02   0.99   1.48   0.00  -0.05  -0.60  -0.15   
1951 -0.65  -1.33   0.79   0.96  -0.54  -0.06  -0.19  -0.68  -0.30  -0.87  -0.74  -0.95   
1952 -1.59  -1.01  -1.10  -1.21  -0.90  -1.38  -2.02  -2.29  -1.44  -1.78  -1.94  -1.32   
1953 -1.49  -1.04  -1.58  -0.78  -1.53  -1.36  -1.35  -1.16  -1.44  -2.01   0.54   3.10   
1954 -0.89  -1.61  -1.97  -2.55  -2.92  -3.33  -3.33  -4.41  -4.53  -4.29  -4.12  -4.05   
1955 -3.82  -3.54  -4.37  -3.27  -3.19  -3.42  -2.60  -2.08  -2.36  -1.97  -2.23  -2.19   
1956 -1.92  -1.79  -1.22  -1.62  -1.89   0.62   0.74   0.13   0.91   1.07  -0.59  -0.81   
1957 -1.73  -2.36  -2.25   0.72   0.82  -0.13  -0.80  -0.97   1.53   1.18   1.91   1.21   
1958 1.43   1.15   1.45   1.06   0.77   1.34   1.55  -0.19   0.25  -0.32  -0.45  -1.07   
1959 -0.05   0.23   0.19   0.46   0.80   1.47   1.41   0.97   1.80   3.56  -0.49  -1.08   
1960 -0.66  -0.58  -0.59  -0.43  -0.27  -0.85  -1.20   0.57   0.54   1.01  -0.68  -0.93   
1961 0.19   1.08   1.45   1.57   1.51   2.70   2.12   2.01   1.81   1.25   1.70   2.86   
1962 2.64  -0.32  -0.39  -0.33  -1.28  -0.87  -1.28  -1.98  -2.23  -2.26  -2.11  -2.25   
1963 -1.62  -1.56  -2.45  -2.83  -3.38  -3.09  -2.84  -3.30  -3.77  -4.33  -3.98   0.22   
1964 1.26   1.05   0.60   1.80  -0.54  -0.80  -0.57  -0.38  -0.71  -0.38  -0.22  -0.52   
1965 -0.43  -0.03  -0.26  -0.96  -1.63   0.46   0.64   1.19   1.93   1.83   0.94   0.57   
1966 0.81   1.87  -0.74  -1.10  -0.93  -1.17  -1.50  -1.23  -1.47   0.49   0.40   0.46   
1967 0.50   0.67  -1.24  -1.82  -2.03  -2.32  -2.69   0.61   1.27   2.13  -0.61  -0.18   
1968 -0.79  -1.03  -1.80  -2.17  -2.37  -2.92  -3.46  -3.80  -3.75  -4.09  -3.78   0.61   
1969 0.40   0.35   0.97   0.75   1.44   0.79   1.51   2.35  -0.61  -0.93  -1.49   0.40   
1970 0.22   0.14   0.57  -0.65   0.03   0.68   0.02   1.20   0.85   1.57  -0.23  -0.13   
1971 -0.53  -0.13  -0.31  -1.00  -1.30  -1.97  -1.74  -1.37  -0.64  -1.31  -1.46  -1.39   
1972 -1.34  -1.34  -1.30  -1.76  -1.22  -1.25  -1.47  -2.16  -2.74  -2.82   0.18   0.43   
1973 0.11   0.06   0.65   1.14  -0.34  -0.58  -0.66  -0.86  -0.12  -0.40  -0.50  -0.40   
1974 -0.86  -0.94  -1.04  -0.94  -1.27  -1.55  -1.93  -2.00  -1.24  -1.46  -1.31  -1.53   
1975 -1.37  -1.58   0.20   0.47   0.91   0.54   1.29   1.98   2.76   3.11   4.20   3.84   
1976 -0.50  -1.06  -0.67  -1.24   1.20  -0.25  -0.95  -1.64  -1.82   0.68   1.14   1.19   
1977 1.40  -0.67  -0.56  -1.02  -1.24  -2.25  -2.58   0.31   0.47   0.82   1.65   1.50   
1978 3.78   3.29   2.74   2.37   3.08   3.65   4.16   4.07   3.13   2.10   1.76   1.25   
1979 1.64   2.56   2.93   2.73   2.62   2.08   2.39   2.07   1.88   1.64   2.19   1.51   
1980 1.69   0.79   1.89   3.11   4.31  -0.34  -0.76  -1.63  -1.88  -1.10  -0.89  -1.68   
1981 -2.28  -0.94  -1.43  -2.10  -1.13  -1.41  -1.98  -1.84  -2.28  -2.41  -2.95   0.34   
1982 0.06   1.17  -0.06  -0.27  -0.84  -0.74  -0.17  -0.15  -0.56   0.06   0.08   0.77   
1983 1.23   2.71   2.82   4.17   3.33   3.53   2.14   1.72   1.62   1.63   2.12   2.59   
1984 2.64   2.49  -0.11  -0.32  -0.59  -1.12  -1.14   1.73  -0.86  -0.95  -1.19  -2.04   
1985 -1.62  -1.00  -1.29  -1.87  -1.96   0.14   0.57   0.49   0.98   2.86  -0.29  -0.26   
1986 -0.52  -0.66  -1.03  -1.38  -1.36  -1.40  -1.89  -1.74  -1.86   0.59   1.23   1.02   
1987 1.39   2.18   1.75   0.88   1.67   2.32   1.76   2.34  -0.49  -0.95   0.29   0.09   
1988 0.15   0.58   0.60  -0.22  -1.08  -1.61  -1.77   1.48   2.86  -0.17  -0.36  -1.09   
1989 -1.97  -2.57  -2.75  -2.74   0.38   2.45   2.34   1.36   0.91   0.72   2.03   2.28   
1990 2.74   3.34   3.71  -0.27  -0.03  -0.26  -0.84  -1.83  -2.39  -2.40  -2.76  -3.18   
1991 2.55   1.67   1.41   1.86   3.85   3.53   3.49   3.36   2.47   1.92   1.89   1.12   
1992 2.71   3.11  -0.62  -0.98  -1.35  -1.29  -1.29   0.45  -0.34  -0.41   1.95   1.83   
1993 2.22   1.96   2.17  -0.03   0.05  -0.21  -0.41  -0.66  -0.76  -0.28  -0.68  -0.64   
1994 -0.27  -0.97  -1.03  -1.05  -1.07   0.62   1.25  -0.36  -0.81   0.98  -0.05  -0.68   
1995 -0.10  -0.64   0.67   1.03   1.83   1.57   1.33   1.55   0.85   2.49   3.65   3.67   
1996 3.30   3.14   3.37   3.94  -0.80  -0.92  -1.22  -0.85  -0.81  -0.88  -1.03  -0.68   
1997 -0.43  -0.17  -0.80   0.29   0.99   1.19   4.60   3.18   1.98   2.04   3.15   2.56   
1998 5.02   4.71   4.75   4.39  -0.57  -1.37  -1.61  -2.14   2.61   2.38   2.27  -0.26   
1999 -0.07  -1.08  -1.01  -1.80  -1.98  -1.42  -1.39  -1.97  -2.27  -1.76  -2.19  -2.07   
2000 -2.41  -3.06  -3.06  -3.28  -3.83  -3.76  -4.36  -4.89  -4.27  -4.44  -3.10  -3.08   
2001 -2.90  -3.27  -2.33  -2.86  -3.57  -2.75  -1.90  -1.06  -1.10  -0.88  -1.38  -1.91   
2002 -1.70  -2.02  -2.11  -2.43  -2.40  -2.51   0.18   0.04   1.64   2.42   2.67   2.83   
2003 1.84   2.16   1.57   1.13   1.60   3.34   4.43   4.15   3.58   3.30   2.84   2.61   
2004 2.45   3.04  -1.24  -1.49  -1.95   1.06   0.46   0.73   1.36   1.02   2.04   2.13   
2005 1.16   1.15   0.74   3.09   3.07   3.59   3.73   4.31  -0.48  -1.07  -1.30  -1.49   
2006 -1.77  -1.70  -2.73  -2.75  -2.67  -3.19  -3.55  -3.31  -3.29  -2.70  -2.03  -1.92   
2007 -1.74  -2.06  -3.01  -2.76  -2.99  -2.91  -2.73  -3.26  -3.18   1.25   1.14   1.29   
2008 1.59   1.48  -0.50   0.26   0.53  -0.42  -0.80   1.29   1.28   1.38   0.01  -0.31   
2009 -0.73  -0.66   1.04   0.68   1.07  -0.59  -0.88   0.17   0.46   1.23   1.33   3.76   
2010 4.36   4.17  -0.12  -0.56  -0.10  -0.08  -0.75   0.76  -0.59  -0.67  -0.27  -0.78   
2011 -0.78  -1.26  -1.59  -2.23  -2.81  -3.46  -2.99  -3.71  -2.26  -2.55  -2.42  -2.89   
2012 -3.20  -2.60  -2.97  -3.05   0.19   1.42   1.56   2.60  -0.03   1.99   1.34   0.80   
2013 -1.41   1.18 -99.99 -99.99 -99.99 -99.99 -99.99 -99.99 -99.99 -99.99 -99.99 -99.99   
