1895 1.67   1.50   0.95   0.98   1.47   1.52  -0.78  -0.70   0.63   0.18   0.73  -0.32   
1896 -0.59  -1.22  -1.87  -2.27  -2.71  -3.35  -2.58  -2.64  -2.04  -2.12  -1.90  -2.32   
1897 -1.25  -1.21  -1.15  -1.76  -2.26  -2.68  -2.99   0.01   1.55   1.77  -0.34  -0.60   
1898 -0.10  -0.75  -1.03  -1.62  -1.74  -2.06  -2.17  -1.56  -2.24  -2.47  -2.29  -2.20   
1899 -2.03  -2.35  -2.87  -3.39  -3.75  -3.79  -3.98  -4.21  -4.69  -4.27  -4.30  -4.40   
1900 -4.64  -4.95  -5.33  -4.55  -5.04  -5.44  -5.75  -6.10  -5.46  -5.28  -4.53  -4.75   
1901 -4.30  -3.26  -3.27  -3.59  -3.59  -3.83  -3.56  -3.21  -3.38  -3.17  -3.52  -3.72   
1902 -3.67  -3.92  -3.92  -4.61  -4.89  -5.20  -5.46  -5.18  -5.34  -5.46  -4.03  -3.73   
1903 -3.46  -3.29  -2.84  -2.68  -2.74  -2.93  -3.42  -3.62  -2.66  -2.75  -3.17  -3.37   
1904 -3.54  -3.54  -4.05  -4.68  -5.02  -5.36  -4.90   1.36   1.29   0.98   0.33   0.03   
1905 0.62   1.69   3.62   5.22   6.44   7.96   6.75   5.63   6.30   5.24   6.33   5.80   
1906 5.65   4.87   5.09   4.94   5.10   5.02   4.58   4.68   3.54   2.77   2.74   3.12   
1907 4.08   3.31   3.07   2.81   2.94   2.85  -0.06   0.14  -0.64  -0.08  -0.40  -0.75   
1908 -0.96  -0.69  -0.77  -0.95  -1.10  -1.41   0.28   0.20   0.64   0.72   0.12   0.38   
1909 0.92   0.61   1.09   0.94   0.84   0.76   0.63   1.07  -0.19  -0.51   0.35   0.57   
1910 0.76  -0.50  -1.00  -1.40  -1.87  -2.07  -1.84  -2.03  -2.10  -2.14  -1.66  -1.87   
1911 0.80   0.76   0.75   0.49   0.15   0.13   0.68   0.08   1.41   1.49  -0.42  -0.66   
1912 -1.17  -1.83   1.01   1.63   1.56   1.21   1.70   1.39   1.64   2.35  -0.38  -0.66   
1913 -0.81  -0.49  -0.66  -0.95  -1.27  -1.62  -1.07  -1.32  -1.74  -1.70  -1.13  -1.50   
1914 -0.93  -1.03  -1.19  -1.73  -2.10  -1.96   0.52   0.47  -0.48  -0.14  -0.53   0.29   
1915 0.92   0.85   0.94   1.70   2.18   2.50   3.15   2.25   1.50   0.91   0.91   1.05   
1916 3.49   2.85   2.88   2.81   3.13   3.55   4.13   3.74   4.07   4.49   3.67   3.17   
1917 3.38   2.87   2.28   3.38   3.99   3.87   4.57  -0.33  -0.22  -0.63  -1.03  -1.58   
1918 0.18   0.03   0.57   0.44   0.20   0.33   0.44   0.48   1.05   0.89   0.91   0.64   
1919 0.17   0.29   0.54   0.55  -0.20  -0.67   1.62   1.37   2.85   2.89   3.70   3.10   
1920 3.02   2.89   3.09   2.94   2.94   3.07  -0.25  -0.25  -0.25   0.36  -0.31  -0.62   
1921 -0.62  -1.09  -1.53  -1.68  -1.65  -2.14   1.02   1.74   1.43   1.21   0.76   0.90   
1922 1.32   1.07   1.42   1.62   1.87   2.23   2.18   2.04  -0.19  -0.52  -0.28  -0.43   
1923 -0.55  -0.89  -0.61  -0.43  -0.99  -1.37   0.08   0.75   1.75   1.57   1.70   1.77   
1924 -0.43  -1.09   0.38   0.89  -0.42  -0.94  -0.81  -1.58  -1.65  -1.37  -1.65  -1.31   
1925 -1.63  -2.14  -2.31  -1.83  -2.21   0.16   0.21   0.22   1.01   1.54   0.02  -0.47   
1926 -0.75  -1.42   0.33   2.53   2.79   2.58   2.21   1.15   2.27  -0.51  -0.70  -0.33   
1927 -0.81   0.17   0.40   0.68   0.37   0.49   0.07   0.42   1.78   1.74  -0.26  -0.18   
1928 -0.74  -0.93  -1.45  -1.91  -2.44  -2.85  -3.14  -2.92  -3.31  -3.01  -3.03  -2.91   
1929 -2.71  -2.78  -2.62  -2.17  -2.67  -2.91  -2.65  -2.20  -1.20  -1.48  -1.76  -2.13   
1930 0.50  -0.51   0.60   0.63   0.91   0.79   0.94   0.50   0.85   0.51   0.98   0.49   
1931 0.39   1.90   1.46   1.97   2.24   2.57   3.52   6.02   4.96   4.11   4.49   4.73   
1932 4.08   5.41   4.64   4.26   4.54   5.25   4.95   4.75   4.71   4.39   3.44   4.01   
1933 4.57   3.86   3.13   3.59   3.69   4.12   4.07  -0.42  -0.79  -1.01  -1.06  -1.46   
1934 -1.80  -2.09  -3.00  -3.34  -3.75  -3.55  -3.59   0.98  -0.62  -0.89  -0.89   0.62   
1935 1.16   2.24   2.46   2.43   2.86   3.66   3.56   4.05   4.47  -0.39  -0.74  -1.01   
1936 -1.53  -0.71  -0.63  -0.86  -1.18  -1.21   0.76  -0.41  -0.75   1.36   0.79   2.27   
1937 2.47   2.62   3.31   3.27   4.06   4.86   5.60   4.77   4.63   3.64   2.77   2.61   
1938 2.06   2.04   2.55   2.32   2.39   2.35   2.58   2.09   1.36   1.03   0.65   1.47   
1939 1.99   2.30   2.08   2.36   2.72   2.97   3.44   3.12   9.94   9.92   9.20   8.10   
1940 7.83   8.01   6.91   7.25   7.81   8.30   7.05   6.46   9.81   9.76   8.94   9.05   
1941 8.51   9.20  10.02  10.75  10.89  11.31  11.48  10.67   9.46   9.60   9.06   8.55   
1942 7.31   6.34   5.47   5.14   4.37   3.73   3.20   4.10   3.13   2.56   2.06   1.79   
1943 2.23   1.91   2.02   2.45   2.10   1.75   1.62   1.58   1.82   1.73   1.11   1.11   
1944 1.19   2.17   2.19   2.40   2.74   3.21   2.83   2.32   1.47   0.74   1.32   1.36   
1945 1.06   1.18   2.05   2.05   2.30   2.65   3.72   4.64   3.94   4.25   3.54   3.61   
1946 3.18   2.66   2.46   2.53   2.16   1.72   2.23   2.64   2.56   3.53   4.11   4.12   
1947 -0.17  -0.60  -0.87  -1.01  -0.87  -0.86  -1.26  -0.78  -1.37   0.19   0.35   0.89   
1948 0.35   0.62   0.90   0.79   0.62   0.75   0.51   0.62  -0.48  -0.24  -0.66   0.23   
1949 1.70   1.53   1.45   1.64   2.16   2.69  -0.22  -0.56  -0.89  -1.03  -1.38  -1.16   
1950 -1.44  -1.70  -1.97  -2.75  -3.15  -3.53  -2.37  -2.77  -2.69  -3.11  -3.32  -3.75   
1951 -3.50  -3.57  -3.69  -3.20  -2.81  -3.17  -3.40   1.41   1.04   1.24   1.23   1.74   
1952 2.01   1.40   2.30   3.06   3.40   3.79   3.50  -0.38  -0.54  -1.15  -0.64  -0.29   
1953 -0.79  -1.21  -1.63  -1.68  -1.92  -2.11  -1.21  -0.96  -1.58  -1.64  -1.90  -2.13   
1954 0.44   0.20   1.17  -0.19   0.03   0.24  -0.25  -0.85  -1.23  -1.65  -1.98  -2.07   
1955 -1.47  -1.62  -1.83  -2.03  -2.27  -2.35   0.88   1.59  -0.69  -1.21  -1.08  -1.48   
1956 -1.64  -1.86  -2.43  -2.77  -3.21  -3.53  -3.25  -3.88  -4.25  -4.15  -4.21  -4.43   
1957 -3.53  -3.62  -3.69  -3.67  -3.27  -3.27  -3.32  -2.81  -3.22   1.41   1.60   1.14   
1958 0.63   0.56   1.51   1.98   2.11  -0.14  -0.66  -1.01   0.37   0.00  -0.03  -0.79   
1959 -1.19  -0.92  -1.38  -2.11  -2.64  -3.06  -3.11  -2.22  -2.25  -1.69  -1.42  -0.90   
1960 -0.68  -0.57  -0.96  -1.13  -1.24  -1.46  -2.05  -2.59  -1.96  -1.67  -1.17  -1.58   
1961 -1.75  -2.32  -2.40  -2.68  -3.07  -3.59  -3.67  -2.52  -2.67  -2.71  -2.50  -2.43   
1962 -2.31  -1.61  -1.47  -1.83  -2.02  -2.00  -2.54  -3.16  -2.60  -2.59  -2.95  -2.91   
1963 -3.03  -3.09  -3.15  -3.13  -3.63  -3.80  -4.37  -3.86  -2.97  -2.56  -1.91  -2.27   
1964 -2.50  -2.84  -2.58  -2.44  -2.62  -2.82  -2.89  -2.25  -2.48  -2.92  -2.81  -2.85   
1965 -2.92  -2.79   0.13   2.05   2.53   2.41  -0.05  -0.58  -0.83  -1.12   1.54   2.72   
1966 2.31   2.32   1.93   1.78   2.20   2.38  -0.24  -0.82  -0.99  -0.84  -0.85  -0.01   
1967 -0.04  -0.58  -0.93  -0.75  -0.80  -0.78   0.41   0.61   1.45   1.22   1.26   1.48   
1968 -0.38  -0.72  -0.99  -1.28  -1.72  -1.62  -1.21  -1.73  -2.13  -2.13  -2.22  -2.31   
1969 0.40   0.96   0.98   0.76   0.93   0.92   1.02  -0.13   0.13  -0.19  -0.28  -0.89   
1970 -1.31  -1.78  -1.41  -1.39  -2.03  -2.42  -2.46  -2.03  -2.22  -2.39  -2.12  -2.10   
1971 -2.43  -2.31  -2.68  -2.96  -2.50  -2.91  -3.40  -2.57  -2.91  -2.11  -2.09  -1.65   
1972 -1.97  -2.45  -3.30  -3.46  -3.79  -3.18  -3.69  -3.36   0.24   1.25   1.89   1.65   
1973 1.77   1.79   3.22   3.12   3.96   4.90  -0.13  -0.71  -1.28  -1.62  -1.34  -1.76   
1974 -1.16  -1.51  -1.72  -2.02  -2.49  -2.95  -2.66  -3.22  -3.35  -2.60  -2.31  -2.27   
1975 -2.38  -2.44  -1.83  -1.13  -1.18  -1.62  -1.58  -2.16  -2.19  -2.29  -2.07  -2.31   
1976 -2.80  -2.11  -2.06  -1.33  -1.58  -1.96  -1.75  -2.49   1.60   1.63  -0.40  -0.82   
1977 -0.98  -1.64  -1.87  -2.40  -1.84  -2.13  -2.30  -2.24  -2.36  -2.44  -2.57  -2.67   
1978 1.09   1.46   2.35   2.87   3.44   3.89   3.25   2.33   1.73   1.96   2.82   3.14   
1979 3.96   3.75   4.23   4.01   4.93   5.46   5.20   4.70   3.45   2.66   2.10   1.60   
1980 2.54   3.26   3.50   3.43   3.94   4.40   4.03  -0.71  -1.06  -1.13  -1.56  -2.13   
1981 -2.66  -2.91  -2.34  -2.68  -2.70  -3.18  -3.25  -3.19  -2.59  -1.99  -1.87  -2.38   
1982 -2.24  -2.24  -1.90  -2.00  -2.33  -2.73  -3.03   0.60   0.53   0.24   0.76   0.96   
1983 0.70   0.57   1.32   1.53   1.33   1.11   0.70   1.46   1.54   1.65  -0.07  -0.29   
1984 -0.94  -1.57  -2.22  -2.67  -3.42  -3.68   1.43   1.64   0.95   0.56   0.74   1.72   
1985 1.91  -0.23  -0.35  -0.43  -0.48  -0.57  -0.68  -1.78  -1.66  -1.55  -0.55  -0.96   
1986 -1.56  -1.83  -1.91  -2.43  -3.03  -3.53  -3.62  -3.73  -3.30  -3.08  -2.89  -2.75   
1987 -2.55  -2.71  -2.82  -3.45  -3.73  -3.90  -4.05  -4.28  -4.25  -3.34  -2.47  -2.40   
1988 -2.14  -2.26  -2.75  -2.06  -2.58  -2.91  -3.28  -2.64  -3.07  -3.55  -3.53  -3.56   
1989 -3.07  -3.31  -3.88  -4.76  -4.99  -5.32  -5.42  -5.42  -5.60  -5.44  -5.55  -5.61   
1990 -5.13  -4.82  -5.04  -5.19  -5.11  -5.20  -4.40  -4.39  -3.82  -3.97  -3.93  -4.02   
1991 -3.72  -3.96  -2.83  -2.81  -3.07  -3.16  -3.41  -3.90  -3.72  -3.80  -3.74  -3.61   
1992 -3.35   0.32   2.13   1.90   2.52   2.32  -0.67  -1.12  -1.65   0.51  -0.47   0.41   
1993 2.41   3.55   3.32   3.19   3.86   3.92  -0.83  -1.20  -1.85  -1.98  -1.68  -1.99   
1994 -2.54  -2.45  -2.77  -3.18  -3.58  -4.13  -4.59  -5.21  -5.48  -5.28  -4.65  -4.37   
1995 -2.84  -2.93  -2.36  -1.95  -1.59  -1.45  -2.18  -2.94  -3.28  -3.65  -3.65  -4.01   
1996 -4.42  -4.43  -4.92  -5.47  -5.79  -6.10  -6.44  -6.95  -6.85  -6.43  -5.80  -5.79   
1997 -5.16  -5.06  -5.68  -5.78  -6.33  -6.40  -6.44  -6.35  -4.90  -4.88  -4.73  -4.70   
1998 -4.71  -3.17  -2.85  -2.46  -2.33  -2.29  -1.77  -2.29  -1.28  -1.33  -1.29  -1.81   
1999 -2.39  -2.79  -3.61  -3.23  -3.72  -3.78  -2.20  -2.60  -2.30  -2.78  -3.20  -3.53   
2000 -4.10  -4.14  -4.35  -4.97  -5.53  -5.65  -6.07  -5.56  -5.73  -3.85  -3.67  -3.92   
2001 -3.12  -2.64  -2.37  -2.26  -2.61  -2.92  -3.12  -3.35  -3.83  -3.98  -3.96  -3.85   
2002 -4.12  -4.55  -4.83  -5.41  -5.74  -6.03  -6.02  -6.62  -5.85  -5.22  -4.92  -4.90   
2003 -5.40  -4.18  -3.67  -3.20  -3.39  -3.67  -4.03  -4.14  -4.15  -4.50  -4.05  -3.90   
2004 -4.10  -3.40  -4.05  -3.58  -4.06  -4.41  -4.70  -4.83  -4.69   2.43   3.69   3.66   
2005 4.60   5.72   5.31   5.56   6.38   6.77   6.15   5.74  -0.69   0.68  -0.46  -0.99   
2006 -1.53  -2.15  -1.90  -2.21  -2.95  -3.36  -3.01  -3.59  -3.56  -2.89  -3.21  -3.37   
2007 -3.51  -3.91  -4.46  -4.85  -5.31  -5.59  -4.82  -4.81  -4.49  -4.56  -4.60  -3.60   
2008 -2.72  -2.48  -2.68  -2.85  -2.64  -2.60  -2.50  -2.74  -3.16  -3.32  -2.82  -2.08   
2009 -2.17  -1.73  -2.06  -2.27  -2.53  -2.71  -3.06  -3.66  -3.87  -3.95  -4.11   0.18   
2010 1.19   1.43   1.43   1.51   1.57   1.81  -0.46  -1.00  -1.64   0.93   0.47   1.11   
2011 -0.48  -0.10  -0.40  -0.48  -0.51  -0.67  -0.34  -1.34  -1.24  -0.84  -0.79  -0.84   
2012 -1.21  -1.51  -1.96  -2.41  -3.13  -3.65  -1.79  -1.04  -1.34  -1.26  -1.83  -1.67   
2013 -1.47  -1.67 -99.99 -99.99 -99.99 -99.99 -99.99 -99.99 -99.99 -99.99 -99.99 -99.99   
