1895 2.09  -0.38  -0.95  -1.18  -1.04  -1.10  -1.55  -1.27  -1.33  -1.48   0.85  -0.40   
1896 -0.90  -1.64  -1.92  -2.39  -2.90  -3.59   0.60   0.18   0.20   1.27   1.09   0.34   
1897 1.90  -0.25  -0.47  -0.92  -1.05  -1.37  -1.65  -1.71  -0.81  -0.94  -1.50  -1.86   
1898 -0.81  -1.47  -1.56  -1.92  -2.02  -1.92  -1.53  -1.08  -1.86  -2.33  -2.50  -2.30   
1899 -2.02  -2.34  -2.82  -3.32  -3.53  -3.25  -2.79  -3.15  -3.59  -3.25  -3.33  -3.73   
1900 -4.35  -4.86  -5.06  -3.87  -4.08  -4.79  -5.73  -6.14  -5.54  -5.41  -4.59  -4.85   
1901 -4.49  -3.78  -3.75  -3.91  -3.85  -3.91  -3.54  -3.73  -4.05  -3.88  -4.22  -4.56   
1902 -4.34  -4.61  -4.26  -4.63  -4.93  -5.42  -6.18  -6.01  -5.81  -5.95  -4.34  -3.88   
1903 -3.93  -3.85  -3.17  -2.87  -2.57  -2.04  -2.42  -2.82  -2.30  -2.75  -3.21  -3.63   
1904 -3.88  -4.26  -4.80  -5.35  -5.44  -5.85  -5.08  -3.41  -3.36  -3.36  -3.67  -3.74   
1905 1.08   2.41   4.84   6.42   6.27   6.79   6.04   5.21   5.21   4.09   6.34   5.79   
1906 5.42   4.73   5.19   4.97   4.84   4.78   4.93   5.46   4.54   3.50   3.51   4.10   
1907 5.10   4.30   4.30   4.03   4.32   4.44   4.87   4.69   3.73   4.47  -0.15  -0.79   
1908 -1.17  -0.93  -0.92  -0.92  -1.11  -1.44   1.09  -0.02  -0.30  -0.37  -0.89   0.72   
1909 0.85   0.80   1.23   1.01   1.15   1.44   1.85   2.87  -0.08  -0.63  -0.61   0.36   
1910 0.76  -0.58  -0.99  -1.34  -1.60  -1.51  -1.09  -1.38  -1.95  -2.23  -1.60  -1.94   
1911 0.70   0.46   0.54   0.33   0.16   0.58   2.57   2.15   2.64   3.00  -0.50  -0.83   
1912 -1.49  -2.21   1.48   1.95   1.97   2.24   3.67   3.28   2.73   3.45  -0.43  -0.78   
1913 -1.14  -0.63  -1.00  -1.30  -1.50  -1.77  -1.27  -1.31  -1.33  -1.61  -0.84  -1.18   
1914 -0.83  -0.89  -1.09  -1.44  -1.59   0.19   1.64   1.45   0.83   1.49   1.05   1.69   
1915 2.56   2.54   2.23   2.85   3.07   3.97   5.33   4.43   3.77   2.82   2.56   2.88   
1916 5.23   4.36   3.96   3.56   3.64   3.66   4.49   4.38   4.21   4.74   3.90   3.30   
1917 4.13   3.65   2.84   4.33   4.90   5.67   7.32   6.34   5.83   4.68   3.59   2.43   
1918 2.78   2.26   2.70   2.23   2.12   3.08   3.55   3.52   2.82   2.28   2.35   2.20   
1919 1.72   1.67   1.24   1.07   1.28   1.17   4.78   4.87   5.51   5.43   6.43   5.54   
1920 5.88   5.78   5.64   5.16   5.27   5.68   5.06   4.57   3.95   4.18  -0.39  -0.88   
1921 -1.16  -1.75  -2.28  -2.29  -2.48  -3.00   2.41   3.38   2.64   2.33   1.61   1.58   
1922 2.41   1.93   2.26   2.27   2.67   3.56   3.61   3.51  -0.21  -0.63  -0.30  -0.58   
1923 -0.64  -1.00  -0.68  -0.60  -0.76  -0.91   1.01   1.66   1.94   1.36   1.86   2.34   
1924 1.70   0.80   1.26   1.61   1.64   1.76   1.97  -1.03  -1.23  -1.31  -1.71  -1.28   
1925 -1.67  -2.21  -2.16  -1.68  -2.18   0.47   0.72   0.68   0.97   1.55  -0.10  -0.62   
1926 -1.09  -1.57   0.41   3.15   3.40   3.63   3.66   2.54   3.02   2.18   1.49   1.95   
1927 1.31   1.59   1.65   1.80   1.89   2.93   2.97   3.12   3.81  -0.09  -0.52  -0.31   
1928 -0.79  -0.92  -1.53  -1.98  -2.34  -2.73  -2.83  -2.91  -3.26  -2.79  -2.87  -2.92   
1929 -2.51  -2.66  -2.88  -2.31  -2.61  -2.98  -1.85  -1.52  -0.97  -1.43  -1.82  -2.44   
1930 0.86   0.20   1.10   0.97   1.60   2.18   3.54   3.26   2.81   2.17   2.40   1.59   
1931 0.90   1.82   1.06   1.04   0.93   0.88   1.19   2.36   1.87   1.69   2.35   2.84   
1932 2.56   4.14   3.30   2.98   3.06   3.40   3.38  -0.52  -0.91  -0.80  -1.38  -0.90   
1933 -0.10  -0.38  -0.93   0.21   0.36   0.66   0.65  -0.60  -0.51  -0.73  -0.61  -1.14   
1934 -1.68  -2.12  -2.96  -3.04  -3.31  -3.70  -4.55  -3.33  -3.70  -4.05  -3.78   0.09   
1935 0.78   1.27   1.39   1.36   1.85   2.39   2.19   2.48   2.69  -0.49  -0.63  -1.01   
1936 -1.50  -0.98  -1.00  -1.27  -1.77  -2.22  -1.76  -2.01   0.06   0.25  -0.32   0.61   
1937 1.28   2.13   2.43   2.01   2.31   2.69  -0.10  -0.67  -0.64  -1.31  -1.73  -1.73   
1938 -1.97   0.27   1.02   0.72   0.63   1.12  -0.03   0.11  -0.50  -0.87  -1.24   0.70   
1939 0.60   0.57  -0.26  -0.36  -0.50  -0.72  -1.54   0.21   2.29  -0.02  -0.03  -0.75   
1940 -1.05  -0.80  -1.37  -1.34  -1.77  -1.70  -2.75  -2.62   1.10   1.92   1.83   2.66   
1941 2.76   2.99   3.71   5.55   5.70   5.84   5.52   4.97   4.97   5.33   4.73   4.49   
1942 -0.41  -0.44  -0.76  -0.39  -0.62  -0.90  -1.19  -1.44  -1.93  -2.02  -2.39  -2.57   
1943 -2.09  -2.16  -2.02  -1.82  -2.19  -2.51  -2.94   0.04   0.51  -0.05  -0.65  -0.39   
1944 -0.55   1.11   0.97   1.42   2.05   2.39  -0.13  -0.92  -0.73  -0.97  -0.35  -0.40   
1945 -0.29  -0.67   0.80   0.56   0.61   0.60   0.83  -0.09  -0.82  -0.68  -1.16  -0.69   
1946 -0.72  -1.11  -1.44  -1.10  -1.37  -1.77   0.31   0.56   0.60   0.57   1.01  -0.10   
1947 -0.58  -1.31  -1.93  -2.55  -2.82  -3.30  -3.89  -3.19  -3.57  -3.50  -3.12  -2.55   
1948 -2.97  -2.63  -2.38  -2.49  -2.66  -2.65  -2.80  -2.38  -2.88  -2.67  -2.88   0.45   
1949 1.92   1.62   1.18   1.04   1.32   1.98  -0.06  -0.88  -0.68  -0.11  -0.58  -0.58   
1950 -0.86  -1.12  -1.45  -2.12  -2.52  -2.97  -1.19  -2.06  -2.05  -2.64  -3.02  -3.61   
1951 -3.26  -3.35  -3.44  -2.44  -2.11  -2.56  -2.66   2.46   1.98   2.31   2.12   2.52   
1952 2.70   2.07   3.03   3.71   3.85   4.36   4.39  -0.18   0.23  -0.75   0.82   0.75   
1953 -0.53  -0.90  -1.24  -1.15  -1.21  -1.49   1.30   1.49  -0.87  -1.35  -1.55  -1.96   
1954 0.38  -0.44   1.03   0.56   0.62   0.81   1.30  -0.01   0.10  -0.42  -0.99  -1.47   
1955 -0.84  -1.16  -1.60  -1.79  -2.05   0.65   1.82   2.68  -0.76  -1.10  -1.14  -1.55   
1956 -2.13  -2.48  -3.08  -3.32  -3.92  -4.06  -3.95  -4.35  -4.89  -4.56  -4.63  -4.81   
1957 1.24   0.81   0.39   0.26   0.67   1.00   0.71   1.14   0.19   1.24   1.60  -0.39   
1958 -0.94   0.32   0.98   1.34   1.87   2.36   1.51   1.47   3.04   2.92  -0.05  -0.86   
1959 -1.51  -1.05  -1.64  -2.05  -2.26  -2.70  -2.66  -1.82  -2.36   0.30  -0.27   0.93   
1960 1.07   1.02  -0.45  -0.74  -0.60  -0.58  -1.25  -1.49  -1.54   0.91  -0.20  -0.79   
1961 -1.27  -2.07  -1.89  -2.31  -2.95  -3.60  -3.31  -2.83  -2.49  -2.52  -2.56  -2.20   
1962 -1.78  -1.42  -1.35  -1.68  -1.57  -1.42  -1.65  -2.63  -1.89  -2.09  -2.18  -2.43   
1963 -2.74  -2.77  -2.72  -2.47  -3.21  -3.70  -4.49  -2.63  -2.31  -2.05  -1.33  -1.80   
1964 -2.13  -2.59  -2.26  -1.86  -2.12  -2.39  -1.96  -1.13  -1.15  -1.75  -1.68  -1.69   
1965 0.25   0.41   0.82   2.65   3.24   3.90   4.39   3.97   4.52   3.59   4.36   5.90   
1966 5.38   4.98  -0.42  -0.64  -0.44  -0.18  -0.21  -0.66  -0.67  -0.84  -0.73  -0.01   
1967 -0.38  -1.09  -1.50  -1.47  -1.51   0.21   0.76   0.77   0.73   0.13   0.03   1.71   
1968 1.63   1.19   0.88   0.99   1.20   1.54   2.06  -0.20  -0.93  -0.78  -0.92  -1.13   
1969 0.38   0.69   0.67   0.32   0.63   0.53   1.10   1.05   1.21   1.27   1.37  -0.50   
1970 -1.02  -1.66   1.03   1.02  -0.26  -0.60   0.29   0.67   1.31  -0.29  -0.56  -0.71   
1971 -1.35  -1.59  -2.11  -2.44  -2.40  -3.03  -3.45  -2.03  -1.83  -1.00  -1.30  -1.06   
1972 -1.64  -2.33  -3.22  -3.75  -4.07  -3.61  -3.89  -4.02  -3.95   3.81   4.16   4.35   
1973 3.98   4.34   5.46   4.92   5.22   5.53  -0.21  -0.90  -1.61  -2.07  -1.99  -2.51   
1974 -2.03  -2.50  -2.37  -2.55  -3.06  -3.66  -3.31  -3.60  -3.20  -2.17  -2.03  -2.15   
1975 -2.47  -2.62  -2.25  -1.62  -1.69  -2.20  -1.91  -2.94  -2.97  -3.10  -2.46  -2.54   
1976 -3.00   1.14   0.84   1.57   2.34   2.35   2.72   1.64   2.40   0.00  -0.58  -0.97   
1977 -0.93  -1.50  -1.75  -1.88  -1.89  -2.30  -2.60  -2.67  -2.10  -1.74  -2.17  -2.32   
1978 1.08   1.98   3.49   3.47   3.73   3.93   3.07   2.21   1.35   0.91   2.93   3.86   
1979 5.07   4.52   5.05   4.38   4.85   5.05   4.23   4.02   2.84   2.16   1.52   0.85   
1980 2.69   4.76   4.53   4.45   4.68   4.96   4.51  -0.69  -1.20  -1.33  -1.83  -2.29   
1981 -2.80  -3.07  -2.29  -2.35  -2.53  -2.91  -2.73  -2.78   0.08   0.51   1.15   0.39   
1982 0.60   1.07   1.90   1.71   2.74   3.08   2.61   2.54   2.50   1.77   2.91   3.71   
1983 3.60   3.72   4.70   4.68   4.66   4.72   4.50   4.98   7.18   6.90  -0.09   0.14   
1984 -0.56  -1.23  -1.79  -2.06  -2.63  -2.66   0.86   1.70   1.70   1.20   1.35   2.71   
1985 2.95   2.94   2.76   2.75   3.01   3.06   3.25   1.91   1.96   2.04   3.79   3.01   
1986 2.10   1.85   2.16   1.85   1.86   2.11   2.40   2.20   2.60   2.56  -0.27  -0.30   
1987 0.18   0.40  -0.20  -0.51  -0.29  -0.25  -0.57  -0.64  -0.95   1.05   1.88   1.81   
1988 1.82   1.45   0.71   1.98   1.97   2.17   1.84   2.81  -0.65  -1.08  -1.16  -1.61   
1989 -1.23  -1.75  -1.96  -2.89  -3.31  -3.85  -3.93  -3.97  -4.43  -4.22  -4.49  -4.48   
1990 -4.02  -3.73  -3.51  -3.11  -3.13  -3.37   1.19   1.01   1.85  -0.35  -0.58  -0.87   
1991 -1.02  -1.17   2.24   1.79   1.87   2.03  -0.17  -0.51  -0.55  -0.81   0.52   0.90   
1992 1.15   1.72   2.47   2.24   3.62   4.00   3.76   4.88   3.77   3.23   2.46   3.47   
1993 6.31   7.92   7.08   6.08   6.18   5.78  -1.01  -0.74  -1.32  -0.82  -0.24  -0.69   
1994 -1.37  -1.30  -1.42  -1.38  -1.67  -2.40  -3.13  -3.44   0.22  -0.14  -0.23   0.45   
1995 1.63   1.76   1.83   1.89   2.32   2.71  -0.73  -0.91  -0.31  -1.00  -1.56  -2.12   
1996 -2.79  -3.14  -3.49  -4.26  -4.95  -5.48  -5.22  -5.51  -4.43  -4.43  -4.27  -4.52   
1997 -3.58  -3.38  -3.88  -3.31  -3.37  -3.52  -4.37  -4.13   1.41   0.91   0.37   0.55   
1998 0.20   1.01   1.53   1.76   2.21   2.54   3.33   3.05   3.08   3.10  -0.07  -0.71   
1999 -1.58  -2.19  -2.73  -2.17  -2.67  -3.00   1.14   0.29   1.91  -0.67  -1.41  -2.04   
2000 -2.76  -3.07  -2.54  -3.05  -3.93  -3.73  -4.82  -4.11  -4.65  -1.75  -1.49  -1.94   
2001 -1.36  -1.28  -1.20  -1.02  -0.85  -0.95  -1.45  -1.52  -2.21  -2.38  -2.65  -2.75   
2002 -3.31  -3.98  -4.38  -4.96  -5.54  -6.15  -6.72  -7.55  -5.59  -5.11  -4.87  -4.86   
2003 -5.28  -3.75  -3.39  -3.23  -3.21  -3.39  -3.77  -3.31  -3.62  -3.99  -3.35  -3.45   
2004 -3.74  -3.45  -3.92  -3.33  -3.93  -4.45  -4.59  -4.85   0.40   1.85   2.91   3.30   
2005 4.51   5.75   5.12   4.89   4.87   4.75  -0.27  -0.18  -0.94  -0.78  -1.26  -1.89   
2006 -2.60  -3.32  -3.24  -3.60  -4.36  -4.88  -4.49  -4.44  -3.79  -3.22  -3.59  -3.80   
2007 -3.97  -4.15  -4.23  -4.83  -5.40  -5.98  -5.02  -5.40  -5.09  -5.12  -5.23  -4.06   
2008 -2.70  -2.35  -2.71  -2.81  -2.04  -1.71  -1.33  -1.26  -1.61  -2.09  -1.66  -0.98   
2009 -1.42  -1.31  -1.85  -1.94  -1.71  -1.94  -2.31  -3.26  -3.48  -3.73  -4.01   0.27   
2010 1.34   1.34   1.23   0.97   1.07   1.24  -0.05  -0.29  -1.08   1.22  -0.33  -0.07   
2011 -0.77  -0.72  -1.27  -1.66  -1.90  -2.40  -2.61  -3.84  -3.76  -3.62  -3.35  -2.61   
2012 -3.03  -3.40  -3.24  -3.45  -3.96  -4.41  -3.31  -3.13  -3.19  -3.45  -3.74  -3.02   
2013 -2.37  -2.32 -99.99 -99.99 -99.99 -99.99 -99.99 -99.99 -99.99 -99.99 -99.99 -99.99   
