1895 1.46  -0.26  -0.67   0.24   1.07   1.22   1.12   1.11  -0.84  -0.86  -0.13  -0.62   
1896 -1.32  -1.98  -2.89  -3.24  -3.74  -4.04   0.74   0.27   0.04   1.47   1.01   0.31   
1897 1.70  -0.38  -0.43  -0.64  -0.56  -0.73  -0.88  -1.41  -1.11  -1.59  -2.09  -2.51   
1898 -1.38  -1.89  -1.91  -2.02  -2.07   0.22   0.87   1.18  -0.99  -1.59  -1.68  -1.22   
1899 -1.20  -1.38  -1.71  -2.08  -2.28  -1.82  -0.84  -1.72  -2.01  -2.34  -2.26  -2.81   
1900 -3.08  -3.53  -3.95  -3.35  -3.70  -4.03  -4.70  -5.06  -4.68  -4.61  -4.21  -4.51   
1901 -4.12  -3.80  -3.86  -4.01  -4.05  -4.20  -3.56  -3.42  -3.97  -3.60  -3.35  -3.78   
1902 -3.51  -3.92  -3.88  -4.28  -4.33  -4.72  -5.38  -5.20  -4.78  -4.98  -3.97  -3.49   
1903 -3.80  -3.34  -2.97  -2.82  -2.98  -2.30  -2.54  -2.96  -2.55  -2.93  -3.33  -3.72   
1904 -3.86  -4.51  -4.98  -5.11  -4.97  -5.12  -4.12  -2.63  -3.35  -3.16  -3.19  -3.31   
1905 1.23   2.65   4.11   5.44   6.28   7.92   7.39   6.31   5.89   4.83   6.88   6.40   
1906 5.46   4.74   4.68   4.75   4.69   4.60   4.84   5.34   4.36   3.38   3.34   4.10   
1907 4.53   3.63   3.25   3.29   3.61   3.94   4.48   4.57   3.87   4.53   4.22  -0.78   
1908 -1.00  -0.79  -0.84  -0.87  -1.16  -1.69   1.38  -0.07  -0.60  -1.13  -1.21   1.07   
1909 -0.71  -0.87  -0.47  -0.54  -0.59  -0.66   0.43   1.09  -0.14  -0.71  -1.17  -0.91   
1910 -0.90  -1.33  -1.80  -2.10  -2.43  -2.31  -1.84  -2.08  -2.79  -3.13  -2.53  -2.89   
1911 -2.86  -2.50  -2.47  -2.66  -2.95  -2.74   2.37   1.71   1.70   2.05  -0.41  -0.71   
1912 -1.35  -1.66   0.66   1.20   0.76   0.63   2.14  -0.12  -1.00  -0.70  -1.08  -1.25   
1913 -1.32   0.62   0.52   0.58   0.25   0.27   0.56   0.31   0.47   0.12   0.54  -0.01   
1914 -0.74  -1.00  -1.30  -1.61  -1.81   0.11   1.79   1.29   0.89   1.36   1.14   2.40   
1915 3.17   3.03   3.12   4.18   4.84   5.77   6.88   5.41   4.64   3.75   3.16   3.62   
1916 5.05   4.06   3.77   3.83   4.11   4.20   4.96   4.74   4.31   4.14   3.30   2.41   
1917 3.13   2.61   2.12   2.43   2.46   2.12   3.59  -0.47  -0.49  -0.91  -1.36  -1.98   
1918 -1.46  -1.66  -1.27  -1.24  -1.52   0.26   0.76   0.86  -1.05  -1.16   0.42   0.85   
1919 0.88   0.85   1.27   1.80   2.18   2.54   6.54   6.41   6.59   6.30   6.72   5.76   
1920 6.09   5.88   5.77   5.59   6.02   6.79  -0.03   0.05  -0.20  -0.16  -0.52  -1.10   
1921 -1.52  -1.94  -2.43  -2.64  -2.82  -2.68   2.97   3.50  -0.50  -0.62  -0.91  -1.14   
1922 -0.44  -0.88  -0.60  -0.35  -0.50  -0.17  -0.22  -0.47  -0.76  -1.15  -0.85  -1.50   
1923 -1.80  -1.70  -1.43  -1.40  -1.81  -2.08   1.14   1.51   1.62   1.09   1.86   2.86   
1924 2.33   1.65   1.97   2.37   2.60   2.73   2.83  -1.14  -1.34  -1.79  -2.04  -1.81   
1925 -1.93  -2.40  -2.53  -2.72  -3.15   0.31   0.77   0.64   0.95   1.24  -0.19  -0.54   
1926 -0.59  -1.09   0.34   1.59   1.73  -0.51  -0.11  -1.10  -0.58  -0.83  -1.31   0.95   
1927 0.28   0.34   0.41   0.41   0.15   0.92   1.02   0.89   1.36  -0.38  -1.03  -0.66   
1928 -1.02  -0.71  -1.09  -1.33  -1.31  -1.79  -1.74  -1.51  -1.92  -1.68  -1.76  -1.91   
1929 -1.89  -1.88  -1.85  -1.95  -2.24  -2.48   1.28   1.24  -0.03  -0.41  -0.49  -1.18   
1930 -0.69  -1.19   0.44   0.37   0.23   0.06   1.81  -0.65  -0.88  -0.98  -0.60  -1.08   
1931 -1.17   2.01   1.56   1.97   2.40   3.07   2.65   4.14   4.56   3.84   4.72   4.31   
1932 4.17   4.34   3.79   3.57   3.57   3.56   4.68  -0.07  -0.76  -0.74  -1.29   0.48   
1933 0.84   1.04   0.46   0.40   0.46   1.04  -0.18  -0.92  -0.44  -0.22  -0.08  -0.82   
1934 -1.29  -1.66  -2.50  -2.98  -3.36  -3.58  -3.45  -2.36  -2.61  -2.99   0.02   0.35   
1935 0.33   0.99   1.20   1.18   1.37  -0.01  -1.06   1.66   0.00  -0.74   0.77   0.83   
1936 0.72   0.78  -0.15  -0.48  -0.62  -0.92  -1.34  -1.62  -1.03  -1.48   0.57   0.51   
1937 0.93   0.86   1.09   1.04   1.08   1.03  -0.44  -0.48  -0.33  -0.34  -0.96  -0.91   
1938 -1.20  -1.23  -0.88  -1.01  -1.49  -1.14  -1.21  -1.20  -1.03  -1.70  -1.98  -1.72   
1939 -1.76  -1.12  -1.25  -1.37  -1.58  -1.94  -2.07  -1.79  -1.43  -1.27  -0.93  -1.44   
1940 -1.79  -1.05  -1.46  -1.78  -1.97  -0.95  -1.82   0.09   0.74   0.24   0.69   1.30   
1941 1.37   1.81   2.04   3.07   4.02   4.05   3.47   3.00   3.16   2.44   2.02   2.35   
1942 1.84   1.90   1.55   2.01  -0.13  -0.50  -1.57  -1.79  -1.78  -1.78  -2.35  -2.59   
1943 -2.63  -3.20  -3.23  -3.83  -4.05  -3.48  -4.18  -3.48  -3.04  -3.19  -3.57  -3.48   
1944 -3.42  -2.86  -2.30  -1.86  -2.04  -2.45  -3.16  -3.25  -2.77  -2.37  -1.46  -1.25   
1945 -1.25  -1.61  -1.27  -1.34  -1.65  -2.06  -2.23  -2.14  -2.87  -2.40  -2.77  -3.10   
1946 -2.20  -2.49  -2.73  -3.15  -3.36  -3.72  -3.37  -3.08  -2.12  -2.00  -1.75  -2.10   
1947 -2.34  -2.97  -3.42  -3.76  -3.83  -4.00  -4.93  -4.74  -5.03  -5.00  -4.36  -4.24   
1948 -4.51  -3.93  -3.58  -3.83  -4.17  -4.47  -4.65  -4.79  -4.67  -4.35  -4.31  -3.75   
1949 -2.20  -1.97  -1.98  -1.76  -1.50  -1.08  -0.81  -1.59  -1.25  -1.32  -1.89  -1.67   
1950 -1.90  -1.90  -2.27  -2.92  -3.21  -2.74  -1.07  -2.29  -2.70  -3.35  -3.72  -4.22   
1951 -3.71  -3.68  -3.43  -2.40  -2.35  -2.82  -3.28  -2.68  -3.24   0.45   0.58   0.65   
1952 0.48   0.04   1.20   2.24   2.29   2.82  -0.53  -0.66  -1.34  -2.10  -1.06  -1.04   
1953 -1.60  -1.32  -0.90  -0.68  -0.91  -1.29  -0.65  -1.90  -2.89  -3.23  -3.41  -3.60   
1954 -3.46  -3.81  -2.96  -3.12  -3.06  -2.83  -2.19  -1.39  -1.29  -1.69  -2.18  -2.66   
1955 -1.78  -1.88  -1.95  -2.24  -2.35  -2.45   1.25   2.30  -0.95  -1.24  -1.60  -2.03   
1956 -2.18  -2.10  -2.58  -2.75  -3.15  -3.39  -2.89  -3.49  -4.30  -4.32  -4.32  -4.42   
1957 -3.48  -3.74  -3.30  -3.28  -2.94  -2.98  -3.01  -2.24  -2.99   1.06   0.98  -0.46   
1958 -1.06   0.20   1.71   2.28   2.18   2.28   2.38   2.46   2.84   2.64   0.05  -0.81   
1959 -1.56  -1.57  -2.10  -2.61  -2.95  -3.00   0.27   1.45   0.37   0.82   0.78   1.16   
1960 2.16  -0.03  -0.35  -0.46  -0.18  -0.19  -0.79  -1.21  -1.32  -0.82  -1.29  -1.27   
1961 -1.10  -1.51  -1.71  -2.20  -2.54  -2.62  -2.70   0.61   0.64   1.02   1.26   1.79   
1962 2.20  -0.30   0.21   0.23   0.28   0.41  -0.20  -1.64  -0.69  -0.98  -1.11  -0.91   
1963 -0.94  -0.84  -0.83  -0.77  -1.20  -1.63  -1.98  -0.90  -1.05  -1.08  -0.56  -1.03   
1964 -1.39  -1.72  -1.59  -1.61  -2.06  -2.48   0.37   0.51   1.85  -0.14   0.16  -0.34   
1965 -0.38  -0.26  -0.23  -0.04  -0.44  -0.67  -0.36  -0.79  -0.87  -1.48  -1.46   2.77   
1966 3.09   3.84   3.24   3.45   4.19   4.72   4.49   4.81   5.52  -0.39  -0.57  -1.00   
1967 -1.56  -2.04  -2.56  -2.53  -2.49  -2.30   0.81   0.83   1.18  -0.36  -0.48   2.11   
1968 1.82   1.94   2.44   2.82   3.48   3.84   3.93   3.70  -0.77  -1.25  -0.92  -0.79   
1969 -0.99  -1.04  -0.94  -1.04  -1.02  -1.57  -1.31  -1.43  -1.61  -1.90  -1.43  -1.45   
1970 -1.94  -2.24  -1.61  -1.33  -1.83  -2.17  -2.52  -2.29  -1.33  -1.31  -1.71  -1.99   
1971 -2.44  -2.50  -3.08  -3.10  -3.31  -3.70  -3.79   1.41   1.53   2.38   2.22   2.42   
1972 -0.61  -1.24  -2.24  -2.60  -2.51   0.70   0.19   0.14   0.10   2.59   2.93   2.64   
1973 2.28   2.92   4.07   4.08   5.51   6.57   6.24  -0.99  -1.78  -2.32  -2.21  -2.70   
1974 -2.26  -2.54  -2.65  -2.98  -3.30  -3.80   0.82   0.39   1.01   1.93  -0.18  -0.59   
1975 -0.73  -1.04   0.29   0.73  -0.50  -1.17   0.65  -1.33   0.87  -0.52  -0.40  -0.64   
1976 -1.08  -1.02  -1.17  -1.01  -1.09  -1.55  -0.57  -1.51   0.50   0.63  -0.07  -0.51   
1977 0.65  -0.57  -0.58  -0.80  -1.04  -1.13   0.21   0.07   0.09   1.46   1.08   0.81   
1978 1.78   2.54   2.99   3.06   3.75   4.21   3.58   2.71   2.08   2.77   3.93   5.30   
1979 6.66   6.17   6.11   6.03   7.19   8.44   0.01   0.07  -0.76  -1.26  -1.37  -1.64   
1980 -1.50   1.16   1.45   1.60   1.56   1.57  -0.73  -0.80  -0.94  -1.29  -1.54  -2.06   
1981 -1.97  -1.95   0.80   0.88   0.78   0.70   1.43  -0.87  -0.80  -0.80  -0.72  -1.46   
1982 0.41   0.15   0.36   0.24   0.37  -0.53  -0.90  -0.50  -0.07  -0.70   0.52   1.69   
1983 2.10   2.55   3.73   3.93   5.04   5.57   5.49   5.36   7.14   8.81   8.87   8.18   
1984 7.67   6.48   5.39   5.33   5.64   6.21   7.29   7.95   7.47   7.33   6.59   7.46   
1985 7.41   7.13   6.40   6.88   7.30   7.39   6.82   5.79   6.29   6.69   6.84   5.76   
1986 4.51   4.41   4.44   3.96   3.44   3.12   3.16   3.58   2.80   2.55   2.54   2.80   
1987 2.44   2.79   2.58   3.09   3.64   3.83   3.01   3.11   2.87   2.23   1.91   2.39   
1988 2.28   1.88   1.44   2.16   1.96   1.71   1.87   2.57   2.17   2.88  -0.13  -0.61   
1989 -0.42  -1.00  -1.48  -2.27  -2.53  -3.03  -3.21  -3.48  -3.96  -2.88  -3.11  -3.27   
1990 -3.12  -2.80  -2.73  -3.01  -3.21  -3.39   1.84   1.74   1.97   1.52   1.51   1.80   
1991 1.88   2.03   2.85   2.81   2.97   3.13   2.11   1.81   1.64   1.02   1.10   1.91   
1992 2.16   2.34   3.37   3.85   5.85   6.33   5.74   6.07   4.79   3.76   3.00   3.94   
1993 6.23   6.34   5.88   5.77   6.72   6.73   5.24   5.92  -0.68  -0.78  -0.30  -0.83   
1994 -1.43  -1.34  -1.16  -1.47  -1.65  -2.01  -2.98  -3.28  -3.04  -3.00   1.36   2.82   
1995 3.02   3.14   2.90   3.16   3.88   4.30  -1.03  -1.07  -1.12  -1.52  -1.57  -1.95   
1996 -2.60  -2.64  -3.15  -3.57  -4.01  -3.76  -3.53  -3.29  -2.52  -2.15  -2.26  -2.76   
1997 -2.40  -2.16  -2.44  -2.54  -2.56  -2.95  -3.94  -3.67  -3.31  -3.21  -2.93   1.14   
1998 0.53   1.98   2.62   2.90   3.60   4.04   4.31  -0.57  -0.97  -1.33  -1.24  -1.57   
1999 -2.26  -2.93  -3.51  -3.01  -3.35  -3.52  -1.71  -1.09  -1.04  -1.71  -2.32  -2.76   
2000 -3.33  -3.83  -3.66  -4.17  -4.61  -2.85  -3.73  -3.02  -3.70   3.37   3.97   3.19   
2001 3.48   3.04   2.81   3.61   4.55   4.90  -0.17  -0.43  -0.94  -1.23  -1.66  -1.64   
2002 -2.00  -2.26  -2.77  -3.42  -3.77  -4.34  -4.24  -4.35  -3.95  -3.85  -3.76  -3.36   
2003 -3.82  -3.23  -2.99  -3.10  -3.44  -3.87  -3.96  -4.24  -3.98  -4.02  -3.36  -3.61   
2004 -3.33  -3.03  -2.81  -1.99  -2.51  -2.94  -3.34  -3.48  -3.19  -3.00   0.16   0.08   
2005 0.70   1.44   1.16   1.11   1.61  -0.18  -1.03   0.56  -0.75  -1.08  -1.69  -2.26   
2006 -2.87  -3.47  -3.43  -3.88  -4.29  -4.27  -3.03  -2.65  -1.62  -1.68  -2.39  -2.64   
2007 -2.21  -2.45  -2.33  -2.69  -3.01  -3.27  -2.41  -2.32  -2.50  -2.81  -2.77  -2.07   
2008 -2.03  -2.01  -2.39  -2.72  -2.52  -2.60   1.73   1.86  -0.06  -0.60  -0.74  -0.88   
2009 -1.23  -1.61  -2.30  -2.59  -2.59  -2.35  -2.84  -3.53  -3.56  -3.57  -3.73  -3.70   
2010 1.42   2.06   2.06   2.33   2.57   2.58   2.50  -0.32  -0.92  -1.07  -1.47  -1.75   
2011 -2.28  -2.47  -3.26  -3.65  -3.90  -4.36  -4.06  -4.27  -3.69  -3.93  -3.35  -2.47   
2012 -2.82  -3.01  -3.16  -3.46  -3.49  -3.78  -3.08  -3.36  -3.01  -3.48  -3.70  -3.43   
2013 -3.17  -2.76 -99.99 -99.99 -99.99 -99.99 -99.99 -99.99 -99.99 -99.99 -99.99 -99.99   
