1895 0.09  -0.90  -0.82  -1.43  -1.60   0.46   1.98   2.13  -0.49  -1.02   0.25   1.21   
1896 -0.31  -0.51  -0.36  -0.78  -0.42  -0.73  -1.11  -1.58  -1.35  -1.31  -0.98  -1.72   
1897 1.26   0.72   2.42   2.65  -0.77  -0.81  -1.04  -1.34  -2.39  -3.02  -2.89   0.31   
1898 1.40   0.88   2.17   1.84   2.35   2.19   2.44   2.52   3.29   3.74  -0.15  -0.59   
1899 -0.35  -0.69  -1.04  -0.94  -0.35  -1.06  -0.74  -1.18  -1.77  -1.91  -2.22  -1.98   
1900 -2.12  -1.45  -1.98  -2.33  -2.51   0.70   1.25   0.90   0.87   0.97   1.04  -0.40   
1901 -0.78  -1.16  -0.79  -0.68  -1.44  -2.15  -2.82  -2.55  -2.55  -2.80  -2.90  -2.45   
1902 -2.30  -2.42  -2.06  -2.23  -2.39   0.51   1.26   1.71   2.03   1.61   1.74   2.07   
1903 1.52   2.26   2.22   1.75   2.44   1.87   1.97   2.31   2.13  -0.21  -0.89  -0.97   
1904 0.51   0.03   0.52   0.90   0.58   1.50   1.84   1.85  -0.21  -1.09  -1.85  -1.85   
1905 -1.52  -1.71   0.03   0.07   0.92   1.04   2.75   3.13   3.48   3.66   2.87   2.38   
1906 2.74   2.18   2.37   1.53   1.09   1.27   2.07   2.64   3.21   2.60   2.94   2.83   
1907 3.65   2.81   2.05   2.08   2.69   2.83  -0.05  -0.15  -0.67  -0.91  -0.86  -1.16   
1908 0.04   0.67   0.32   0.75   1.20   1.28   1.21   1.49  -0.44  -0.88  -0.35  -1.34   
1909 -1.30   0.33   0.02   0.08   0.45  -0.03  -0.01  -0.89  -0.96  -1.29  -1.37  -0.95   
1910 -1.02  -0.90  -1.93  -1.82   0.66   1.03   2.01   2.61   2.57   2.73  -0.91  -1.27   
1911 -1.82  -1.62  -2.15  -0.93  -2.05  -2.58  -0.04   1.44   1.68  -0.37  -0.46  -0.27   
1912 -0.45  -0.68   1.30   1.95  -0.76   0.56   0.47   0.57  -0.43  -0.49  -1.07  -1.86   
1913 0.87   0.75   1.10  -0.03  -0.68  -1.42  -1.46  -2.23   1.10   1.59  -0.65  -1.30   
1914 -1.51  -1.24  -1.06  -0.95  -1.60  -2.67  -3.22  -2.56  -2.10  -2.28  -2.91  -2.47   
1915 -1.97  -1.53  -1.64  -2.33   0.31   0.79   0.97   3.22   2.77   2.28   2.35   1.90   
1916 4.17  -0.55  -1.12  -1.18  -1.46  -0.75  -1.24  -1.64  -1.61  -1.87  -1.99  -1.90   
1917 -1.85  -2.23   0.00   0.55   0.46   0.85   1.59   2.32  -0.26  -0.55  -1.01  -1.42   
1918 -1.19  -1.91  -2.84  -1.95  -2.05  -2.10  -2.46  -2.36   0.55   0.71   0.46   0.72   
1919 -0.57  -0.76  -0.76  -1.07  -0.71  -0.56  -0.78  -0.78  -0.84   1.66   1.94  -0.83   
1920 -0.50  -1.30   0.63   0.50   1.09   0.73   0.82   1.02   0.94   1.00  -0.66   0.58   
1921 0.35   0.11   0.66   1.05  -0.56  -0.56  -1.06   0.72   0.89  -0.65  -0.11  -0.38   
1922 -0.63   0.07   1.21   1.46  -0.48  -1.08  -0.91  -1.28  -1.84  -2.28  -2.14   0.04   
1923 0.53   0.58   0.84   0.60   0.98   1.33   1.47   1.19   1.34   1.52  -0.25  -0.26   
1924 -0.40  -0.85  -1.02  -1.16   0.13   0.24   0.44   0.30   0.62  -0.83  -1.10  -1.14   
1925 -1.45  -1.48  -2.16  -2.37  -2.96  -3.33  -3.06  -3.39  -2.65  -1.31  -0.82  -1.21   
1926 -0.96  -1.35  -1.13  -1.26  -1.96  -2.24  -2.16   0.74   1.09   1.57   1.38   1.12   
1927 1.76   0.96   1.73   3.98   4.18   4.37   4.49   5.63   5.21   4.70   4.24   3.85   
1928 3.14   2.33   1.27   1.88   1.09   2.74   2.64   2.95   1.97   1.99   1.93   1.95   
1929 2.45   2.24   1.69   1.98   2.37   2.30   2.15  -0.48  -0.92  -0.35  -0.83  -0.77   
1930 1.60  -0.15  -0.85  -1.73  -1.05  -1.63  -2.72  -2.99  -2.78  -2.39  -2.32  -2.37   
1931 -2.76  -2.02  -1.72  -1.87  -1.83  -2.09   0.42   1.62  -0.76  -1.27   0.24   0.34   
1932 1.04  -0.21  -0.43  -1.02  -1.73  -0.03   0.49   0.37   0.13   0.42  -0.53   0.92   
1933 0.78   0.47   0.39   0.61   1.06  -0.88  -1.04   0.36   0.70  -0.13  -0.60  -0.62   
1934 -0.87  -1.28  -0.88  -1.00  -1.60  -2.14  -3.34  -3.27  -2.36  -2.86  -2.45  -2.54   
1935 -1.90  -2.25   1.68   1.12   2.48   3.68   3.64  -0.69  -0.84  -0.39  -0.48  -0.38   
1936 -1.04  -1.30  -2.10  -1.84  -2.79  -3.72  -4.03  -5.21   0.48   1.31   0.66   0.96   
1937 2.67  -0.45  -0.99  -1.12  -1.45   0.49   1.03   0.72   0.64   0.94  -0.18  -0.26   
1938 0.25   1.05   1.38   1.17   1.31   1.33   1.49  -0.64  -1.29  -1.83   0.61   0.24   
1939 0.76   1.41   0.99   1.81   1.81   1.77   0.04  -0.28  -1.20  -1.52  -1.68  -2.10   
1940 -2.36  -2.62  -2.93  -1.67  -2.23  -2.15  -2.45  -1.64  -2.09  -2.55  -2.09  -2.15   
1941 -1.64  -1.93  -2.56  -2.80  -3.33  -3.29  -2.97  -2.85   0.35   2.34   1.76   1.46   
1942 1.34   1.05   0.62   1.21   1.39   1.26   0.58   2.34   2.52   2.42   2.33   2.71   
1943 -0.81  -1.55  -1.58  -1.90  -0.60  -0.99  -1.75  -2.51  -2.97  -2.69  -3.30  -3.22   
1944 -3.46  -2.16  -1.86  -1.21  -0.92  -1.19  -1.62  -1.57  -2.10  -2.67  -0.04   0.41   
1945 -0.40   1.54   3.28   4.46   4.06   5.83   5.31   4.84   5.63   4.79   3.86   2.80   
1946 3.20   3.36   2.73   2.46   3.65  -0.24   0.27  -0.58  -1.19  -1.52   0.96   1.31   
1947 -0.44  -1.15  -1.70  -1.41  -1.23  -1.45  -1.76  -2.73  -2.89  -3.09  -2.89  -2.50   
1948 -2.06  -1.38  -1.43  -1.93  -2.04   0.85   0.80   0.84  -0.82  -1.03   0.27   0.62   
1949 3.08   3.30   2.99   1.98   1.61   1.51   1.97   1.88   1.63   2.60   1.42   1.18   
1950 2.93   2.91   2.29   1.91   2.17   2.61   3.61   4.99   4.72   3.74   2.91   1.90   
1951 2.06   2.18   1.28   1.44   0.74   1.86   2.56   2.52   2.53   2.95   3.47   2.58   
1952 2.46   2.00   2.44   2.62  -0.18  -1.55  -2.01  -1.99  -2.35  -2.65  -1.29  -1.60   
1953 -1.56  -1.96  -1.28  -0.96  -1.16  -2.34  -3.07  -3.44  -4.01  -4.30  -4.43  -4.63   
1954 -3.84  -3.84  -3.84  -4.14  -3.57  -3.90  -4.71  -4.79  -4.68  -4.16  -4.54  -3.59   
1955 -3.77  -3.40  -3.08  -3.38  -2.90  -1.37  -0.68  -0.79  -1.08  -1.47  -1.94  -2.69   
1956 -3.03  -1.71  -2.41  -2.13  -2.19  -1.59  -0.88  -0.95  -1.68  -1.75  -1.88  -1.98   
1957 -0.01   0.80   0.16   2.03   2.89   2.99   3.34   3.59   3.41   2.85   2.91   1.87   
1958 1.25   0.76   1.55   0.86   1.17   1.75   2.79   3.04   3.53   2.71   3.41  -0.78   
1959 -0.98  -1.16  -1.45  -1.23  -1.70   0.13   0.48   0.14   0.42   0.92   0.62   0.88   
1960 -0.31  -0.50  -0.82  -1.37   0.55   0.42   0.80  -0.43  -0.61  -0.81  -1.31  -1.12   
1961 -1.55  -0.02   0.61   0.33   1.97   1.58   1.98   2.55  -0.47  -0.97  -0.79  -0.60   
1962 -0.50  -0.59  -0.74  -0.88  -1.86  -1.56  -1.81  -1.86  -1.14  -0.95  -1.51  -1.83   
1963 -2.28  -2.74  -2.72  -3.43  -3.17  -2.91  -2.44  -2.90  -3.19  -3.96  -3.28  -3.32   
1964 -3.62  -3.40  -2.06  -1.82  -2.29  -2.58  -2.71   1.00   1.25  -0.51  -0.52  -0.96   
1965 -0.87  -0.86  -0.72  -0.79   0.12   0.10   0.38   0.49   1.86  -0.69  -1.28  -1.68   
1966 0.89   1.52   0.58   1.50  -0.44  -1.15  -1.54  -1.23  -1.37  -1.31  -1.73  -1.59   
1967 -1.76  -2.04  -2.63  -2.47  -2.28   0.39   0.99   1.39   2.02   3.00   2.13   2.62   
1968 2.24   1.67   2.04   1.77   2.11   1.83   1.85   1.71   2.67   2.31   2.78   3.40   
1969 4.00  -0.32  -0.52  -0.32  -1.31  -1.33  -1.62  -1.98  -2.28  -1.36  -1.69  -1.31   
1970 -1.71  -1.92   0.10   0.93   0.05   0.76   0.81   1.61   2.67   3.38  -0.27  -0.53   
1971 -0.64  -0.52  -1.22  -1.70  -1.72  -2.19  -1.62  -1.55  -1.89  -2.36  -2.50  -0.90   
1972 -1.27  -1.85  -2.31  -1.91  -2.06  -2.15   0.21   0.12   0.69   1.05   1.98   1.95   
1973 1.95   1.58   2.46   3.99   4.10   3.46   2.85   2.04   2.24   2.62   3.60   3.73   
1974 3.16   2.57   1.96   1.67   1.83   2.25   1.91   1.66   1.98   1.68   2.11   1.40   
1975 1.46   1.73   2.89   2.12   1.49   1.44   1.36   2.12   2.53  -0.52  -0.67  -0.27   
1976 -0.67  -1.17  -1.23  -1.60   0.19   0.97   1.28  -0.15  -0.58  -0.30  -0.87  -1.25   
1977 -1.25  -1.47  -0.58  -0.97  -1.81  -2.17  -2.20   0.68   1.77  -0.40  -0.04  -0.10   
1978 -0.24  -0.54   0.51  -0.55  -0.20  -0.26  -0.22  -0.13  -0.43  -0.76   0.55   0.86   
1979 0.74   1.22   1.78   2.24   3.11   3.02   3.31   3.19  -0.19  -0.34  -0.25  -0.13   
1980 -0.63  -1.07  -0.97  -1.22  -1.36  -1.43  -2.46  -3.58  -3.08  -2.75  -2.83  -3.16   
1981 -3.35  -3.09  -2.99  -3.51  -2.78  -2.62  -2.45  -1.54  -2.08  -1.56  -1.93  -2.43   
1982 1.38  -0.19  -0.75  -0.68  -0.89   0.84   0.84   1.06  -0.57   0.20   0.51   3.13   
1983 -0.56  -1.14  -1.47   0.98   1.12   1.42  -0.10  -0.81  -1.36  -1.28   0.86   0.84   
1984 -0.49  -0.35  -0.17  -0.16  -0.09  -0.75  -1.26  -0.04   0.58   2.71   3.25   3.65   
1985 3.16   3.39   3.59   3.53   2.64   2.24   1.74   1.29   1.77   1.87   2.60  -0.43   
1986 -1.14  -1.45  -1.83  -1.18  -1.30  -1.48  -2.19  -1.64  -1.88  -1.52  -1.74  -2.12   
1987 -2.03  -1.12  -1.24  -1.99  -2.16  -0.03   0.03   0.15   0.04   0.13   0.58   2.07   
1988 1.77   1.40   1.74  -0.15  -0.67  -1.02   0.37   0.25   0.45   0.53   1.74   1.25   
1989 1.16   2.91   2.65   1.51   1.70   1.82   2.48  -0.08  -0.02  -0.76  -1.58  -2.24   
1990 0.43   1.06   1.65   1.67   2.81   2.04   1.33   1.12   1.22   2.05   1.57   1.98   
1991 2.06   1.19   0.73   2.24   1.72   1.28   1.01   0.89   0.96   2.07   2.41   2.59   
1992 -0.22  -0.54  -0.85  -1.21  -1.49   0.66   1.47   1.89   2.25   1.47   2.11   2.10   
1993 2.58   2.36   1.63   1.65   1.94   2.02   1.58   1.16   2.55   2.72   2.89   2.42   
1994 2.62   2.43   2.24   2.28  -0.82  -1.03  -0.68  -0.44  -0.79  -1.09   2.05   1.99   
1995 1.92  -0.50  -0.92   0.42   0.42   0.79   1.00  -0.94  -0.90  -0.93  -1.04   0.12   
1996 0.29  -0.78  -0.75  -0.40  -1.11  -1.28  -1.12  -1.42   1.49   1.31   3.10   2.73   
1997 1.99   2.12   2.09   2.39  -0.25  -0.01  -0.38  -0.61  -0.63  -0.73  -1.10  -1.20   
1998 0.76   0.83   1.81  -0.20  -0.88  -1.56  -1.91  -1.97  -2.28  -1.49  -1.74  -1.79   
1999 -1.17  -1.80  -1.62  -1.35  -1.56  -1.23  -1.67  -2.51  -2.91  -2.70  -3.25  -2.44   
2000 -2.23  -2.18  -2.53  -2.79  -1.81  -1.06  -0.86  -1.87  -2.12  -2.27   0.52   0.21   
2001 0.02   1.16  -0.52  -1.58  -2.13  -2.18  -2.10  -2.35   0.28   0.28   0.42   1.25   
2002 1.48   1.33   3.04   2.47   2.47   2.20   2.53   2.48  -0.41  -0.50  -1.06  -0.26   
2003 -0.82  -0.32  -0.94  -1.26   0.29   0.30   0.91   1.21   1.32   1.30   1.87   1.90   
2004 -0.25  -0.63  -1.02   1.01  -0.36  -0.45   0.85   1.20  -0.81   1.40   2.02   1.55   
2005 2.07  -0.13  -0.07  -0.05  -1.01  -1.75  -1.96  -2.03  -1.73  -2.38  -2.16  -2.78   
2006 -2.34  -2.40  -2.01  -1.72  -2.05  -2.35   0.00   0.31   1.14   2.06   2.53   2.92   
2007 3.44   3.18  -1.02  -1.09  -1.51  -1.45  -0.94  -1.87  -1.84  -1.42  -2.03   0.94   
2008 0.32   0.85   3.43   4.93   4.56   4.03   4.45   4.99   5.46   4.78   3.87   3.38   
2009 3.25   2.69   2.32   2.06   2.43   1.90   2.86   3.18   4.57   6.88   5.51   5.23   
2010 5.46  -0.18  -0.13  -0.21   0.38  -0.89  -0.20  -0.98  -0.47  -1.15  -1.33  -1.88   
2011 -2.35   0.70   0.53   2.66   3.98  -0.69  -1.55  -1.46  -1.57  -1.64   1.49   2.00   
2012 1.79   1.36   1.87  -0.91  -2.14  -2.84  -3.48  -3.05  -2.58  -2.32  -2.66  -2.71   
2013 -1.43  -0.81 -99.99 -99.99 -99.99 -99.99 -99.99 -99.99 -99.99 -99.99 -99.99 -99.99   
