1895 0.48  -0.89  -0.49  -1.12  -1.48   0.37   2.08  -0.08  -0.51  -0.90  -0.88  -0.84   
1896 -0.83  -1.16  -0.58  -0.92  -1.09  -1.41  -1.81  -2.14  -1.64  -1.56  -1.35  -2.16   
1897 1.15   0.87   2.53  -0.07  -0.80  -0.67  -0.67  -1.05  -2.07  -2.56  -2.96   0.32   
1898 1.53   0.75   1.21   0.90   1.08   1.15   1.45   1.69   2.96   3.67  -0.06  -0.76   
1899 -0.02  -0.28  -0.31  -0.68  -0.38  -0.90  -0.47  -0.80  -1.42  -1.70  -2.35  -2.38   
1900 -2.46  -1.55  -2.05  -1.77  -2.11   0.76   0.98   0.90   0.69   0.54   0.68  -0.40   
1901 -0.76  -1.13  -0.91  -0.92  -1.37  -1.96  -2.63  -2.47  -2.23  -2.56  -3.00  -2.62   
1902 -2.10  -2.06  -1.72  -2.13  -2.26   0.79   1.23   1.38   1.59   1.32   1.73   2.13   
1903 1.61   2.07   2.18   1.42   2.01   1.66   1.66   2.00   0.02  -0.37  -1.06  -1.15   
1904 0.30  -0.39   0.52   0.67   0.32   1.16   1.46   1.49  -0.09  -0.82  -1.58  -1.29   
1905 -0.90  -1.32  -1.40   0.24   1.17   1.55   3.30   3.58   3.95   4.21   3.60   3.43   
1906 3.72   2.98   3.16   1.99   1.44   1.57   2.52   2.88   3.44   3.12   3.77   3.93   
1907 4.26   3.52   2.52   2.59   3.33   3.35  -0.43  -0.65  -1.00  -1.17  -0.71  -1.16   
1908 -0.98  -0.57  -0.95   0.43   0.69   0.58   0.44   0.84  -0.52  -1.36  -1.25  -1.83   
1909 -1.88   0.62   0.30   0.45   0.89   0.86  -0.13  -0.95  -0.78  -1.16  -1.74  -1.47   
1910 -1.54  -1.32  -2.57  -0.02   0.53   0.93   2.07   2.34   2.56   2.92  -0.79  -0.75   
1911 -1.39  -1.30  -1.97   1.55  -1.12  -1.75   0.04   1.55   1.90   1.49   1.28   1.44   
1912 1.38   0.98   2.48   3.39  -0.60   0.56   0.67   0.65  -0.32  -0.67  -1.51  -2.31   
1913 1.25   0.99   1.28   0.02  -0.45  -1.07  -0.91  -1.51   1.20   1.80  -0.47  -1.05   
1914 -1.36  -0.87  -0.62  -0.60  -1.33  -2.26  -2.64  -1.69  -1.37  -1.77  -2.47  -1.87   
1915 -1.33  -1.16  -1.43  -2.26   0.17   0.49   0.51   3.19   2.58   2.33   2.65   2.79   
1916 4.32  -0.48  -1.31  -1.54  -1.81  -1.12  -1.64  -1.67  -1.57  -1.74  -2.22  -2.27   
1917 -1.92  -2.35   0.61   0.98   0.67   1.14   2.21   2.48  -0.14  -0.20  -0.87  -1.43   
1918 -0.94  -1.63  -2.76  -1.69  -2.00  -2.05  -2.43  -0.03   0.59   0.56  -0.17  -0.05   
1919 -0.32  -0.50  -0.28  -0.65   0.33   0.53  -0.54   0.21   0.24   2.05   2.69   1.94   
1920 2.40   1.44   1.59   1.95   2.21   1.84   1.90   2.10   2.01  -0.05  -0.61  -0.33   
1921 -0.88  -1.05   0.26   1.19  -0.71  -0.67  -1.11   0.85   1.17  -0.55  -0.22  -0.55   
1922 -0.94   0.24   1.55   1.67  -0.18  -0.66  -0.33  -0.66  -1.17  -1.73  -2.07   0.05   
1923 0.68   0.56   0.91   1.18   1.93   2.13   2.25   2.04   1.91  -0.33  -0.77  -0.61   
1924 -0.58  -1.05  -1.50  -1.48   0.13   0.31   0.33   0.08   0.62  -0.92  -1.59  -1.59   
1925 -1.81  -1.71  -2.49  -3.03  -3.63  -3.83  -3.38  -3.65   0.24   1.69   2.16  -0.53   
1926 -0.36  -0.75  -0.42  -0.94  -1.63  -1.87  -2.02   0.71   0.66   1.13   1.08   1.73   
1927 2.23   1.33   2.13   4.02   3.99   4.34   4.41   5.14   4.70   4.09   3.53   3.15   
1928 2.44   1.64   0.85   1.86   1.30   3.16   3.01   3.46   2.70   2.85   2.68   2.37   
1929 2.72   2.62   2.13   2.34   2.66   2.60   0.03  -0.49  -0.97  -0.79  -1.04  -1.06   
1930 2.04  -0.06  -0.62  -1.67  -0.79  -1.42  -2.56  -2.93  -2.60  -2.20  -2.20  -2.53   
1931 -2.92  -2.32  -2.12  -2.43  -2.54  -2.91   0.50   1.66   0.86   0.15   0.44   1.42   
1932 2.62  -0.21  -0.10  -0.34  -1.24  -1.42  -1.23  -1.27  -1.06  -0.76  -1.19   0.88   
1933 0.73   0.36   0.75   0.92   1.09  -0.64   0.51   0.82   1.19  -0.16  -0.96  -0.86   
1934 -1.20  -1.54   1.01  -0.46  -0.83  -1.29  -2.00  -1.93  -1.55  -2.22   0.57   0.34   
1935 0.76   0.17   1.24   0.79   1.53   2.77   2.65  -0.60  -0.63  -0.19  -0.67  -1.23   
1936 -1.79  -2.11  -2.60  -2.65  -3.16  -3.74  -3.24  -4.09   0.19   0.74   0.46   0.60   
1937 3.62   2.72   1.78   1.38   0.62   1.09   1.37   0.75   1.18   2.04   1.93   1.67   
1938 1.80   2.16   2.08   1.56   1.45   1.67   2.10  -0.35  -1.10  -1.70  -1.95  -2.36   
1939 0.41   1.83   1.13   1.72   1.67   1.62   1.75   0.01  -0.66  -1.21  -1.72  -2.19   
1940 -2.54  -2.15  -2.43  -1.77  -1.84  -1.82  -1.99  -1.15  -1.58  -2.21  -1.96  -1.98   
1941 -2.02  -2.56  -3.20  -3.34  -4.02  -4.26  -3.57  -3.01  -3.27  -2.19  -2.53  -2.33   
1942 -1.93  -1.89  -2.03  -1.15  -1.72  -1.34  -1.99  -0.98  -1.12  -1.32  -1.20  -1.09   
1943 -1.76  -2.52  -1.96  -2.13  -1.46  -1.47  -2.25  -2.86  -2.93  -2.82  -3.58  -3.71   
1944 -4.13  -2.83  -2.52  -1.41  -1.60  -1.88  -2.12  -2.23  -2.36  -2.74  -2.78   0.76   
1945 0.44   1.41   2.03   2.91   2.86   4.80   4.44   3.98   4.70   4.29   4.06   3.26   
1946 3.66   3.50   2.83   2.54   3.72  -0.61  -0.66  -0.81  -1.25  -1.07  -0.53  -0.73   
1947 -1.12  -1.85  -2.28  -1.80  -1.53  -1.04  -1.05  -1.87  -2.20   0.41   0.59   0.38   
1948 0.19   0.56   1.05  -0.58  -0.84   1.25   1.24   0.00  -0.36  -0.57   0.46   0.81   
1949 2.01   1.84   2.26   1.36   0.94   1.44   1.81   1.99   1.69   3.65   2.46   2.80   
1950 4.37   4.85   4.38   3.45   3.71   3.35   4.07   5.39   5.21   4.68   4.42   3.37   
1951 3.31   3.24   2.21   2.01   0.98   1.57   2.22   2.46   2.75   2.52   3.26   2.92   
1952 2.87   2.65   2.77  -0.09  -0.53  -1.65  -2.48  -2.55  -2.46  -2.80  -2.56   0.01   
1953 -0.02  -0.14   0.71   1.00   1.27  -0.98  -1.12  -1.96  -2.72  -3.16  -3.78  -4.05   
1954 -3.29  -3.33  -3.51  -3.93  -3.29  -3.70  -4.53  -5.00  -5.17  -4.93  -5.48  -4.84   
1955 -5.04  -4.60  -3.77  -3.04  -2.42  -1.91  -1.35  -1.58  -1.82  -1.74  -2.20  -2.99   
1956 -2.64  -0.79  -1.49  -1.32  -1.78  -1.43  -1.78  -1.99  -2.56  -2.84  -2.97  -3.43   
1957 0.66   0.84   0.04   1.65   2.55   2.50   3.25   4.10   3.59   3.91   5.89   5.30   
1958 4.61   3.81   3.94   3.56   3.57   3.28   4.33   4.01   4.37  -0.41   0.43  -0.80   
1959 -0.85  -0.36  -0.68  -1.30  -1.94  -1.78  -1.41  -1.07  -0.83  -0.80  -0.82  -0.71   
1960 -0.71  -1.01  -1.13  -1.81   0.37   1.14   1.10   1.15  -0.37  -0.37  -0.53  -0.59   
1961 -1.13  -0.02   0.78   0.62   1.64   1.46   1.89   1.83  -0.58  -1.29   0.78   1.18   
1962 1.31   2.06   2.11  -0.19  -1.39   0.20  -0.22   0.07   1.00  -0.02  -0.69  -1.33   
1963 -1.88  -2.45  -2.15  -2.69  -2.38  -2.06  -1.90  -2.39  -2.83  -3.78  -3.88  -4.06   
1964 -4.44  -4.28   1.36   1.67  -0.48  -1.16  -1.41   0.92   1.69  -0.44  -0.45  -0.42   
1965 0.16   0.44   0.48  -0.45  -0.79   0.26   0.71   0.70   2.33  -0.50  -0.84  -1.41   
1966 0.85   1.17  -1.04   1.29   0.02  -0.62   0.03   0.97   0.93  -0.16  -0.76  -0.73   
1967 -1.30  -1.77  -2.24  -2.30   0.65   0.86   1.91   1.81   2.20   2.18   1.72   2.06   
1968 1.53   0.71   0.84   0.85   1.74   1.64   1.20   0.72   1.66   1.34   1.40   1.85   
1969 2.85  -0.40  -0.78  -0.43  -1.03  -1.24  -1.36  -1.34  -1.84  -1.73  -1.81  -1.19   
1970 -1.71  -1.85   0.10   0.54  -0.63   0.15   0.23   1.15   1.89   2.82  -0.19  -0.08   
1971 -0.47  -0.26  -0.85  -1.31  -1.33  -1.71   0.58   1.03  -0.70  -1.68  -2.16  -1.68   
1972 -1.89  -2.36  -2.40  -2.18  -2.24  -2.29   0.37   0.17   1.01   1.89   2.53   2.70   
1973 2.61   2.16   2.98   4.33   4.63   4.03   3.49   2.88   3.20   2.93   3.73   3.78   
1974 3.60   3.03   2.04   2.22   2.03   2.59   2.14   2.77   2.73   2.30   2.64   1.92   
1975 1.62   1.64   3.43   2.72   2.20   2.12   1.97   2.68   3.17  -0.28  -0.24  -0.17   
1976 -0.43  -0.54  -0.31  -1.00   0.15   1.23   1.22  -0.41  -0.86  -0.12  -0.68  -1.37   
1977 -1.60  -2.06  -1.25  -1.63  -2.39  -2.42  -2.46   0.08   1.35   0.80   1.02   0.64   
1978 1.03  -0.47  -0.45  -1.02   0.46   0.48   0.67   1.76   1.61   1.04   1.46   2.70   
1979 2.30   2.62   2.46   3.35   3.71   3.22   3.08   2.76   2.91  -0.02  -0.14  -0.31   
1980 -0.76  -1.30  -0.88  -0.75  -0.68  -1.17  -2.46  -3.49  -3.04  -2.40  -2.29  -2.70   
1981 -3.02  -2.73  -2.83  -3.30   0.55   0.84   0.88   0.97   0.34   0.86  -0.27  -0.96   
1982 0.90  -0.42  -1.30   0.74   0.46   1.23  -0.37  -0.15  -0.61  -0.87   0.45   2.18   
1983 -0.65  -1.17  -1.58   0.93   2.08  -0.43  -1.26  -2.34  -2.84  -2.73   0.39   1.11   
1984 0.49   0.20   0.24   0.27   1.01  -0.80  -1.02  -0.99   0.32   2.59   3.34   3.19   
1985 -0.25  -0.44  -0.74  -0.48  -0.56  -0.52  -0.90  -1.06  -1.23   0.17   0.55  -0.49   
1986 -1.23  -1.52  -1.98  -1.63  -1.27  -1.21  -1.86  -1.56  -2.21  -1.84  -1.76  -1.95   
1987 -2.23  -1.39  -1.73  -2.50  -2.64  -2.45  -2.19  -2.35  -2.44  -2.30   0.55   2.01   
1988 -0.23  -0.19  -0.12  -0.66  -1.35  -2.10  -1.51  -1.95   0.58   0.77   2.30   1.72   
1989 1.63   3.17   3.15   2.20   2.06   2.46   2.51  -0.21  -0.02  -0.34  -1.21  -1.91   
1990 0.01   1.02   1.41   1.57   1.97  -0.35  -1.04  -1.36  -1.54   1.43   1.18   2.87   
1991 2.91   2.18   1.29   2.95   2.55   2.50   1.93   1.80   1.29   2.06   2.27   2.41   
1992 -0.44  -0.74  -0.69  -1.27  -1.77   0.69   1.53   1.86   1.96  -0.34  -0.31  -0.40   
1993 -0.27  -0.56  -0.87  -0.56  -0.49  -0.35  -1.15  -1.49   0.61   0.82   1.41   1.23   
1994 1.41  -0.19  -0.13  -0.16  -0.75   0.46   1.29  -0.25  -0.34  -0.59   0.53   0.60   
1995 0.63  -0.63  -1.39  -1.17  -1.27  -1.27   0.60  -0.45  -0.56  -0.54  -0.55  -0.91   
1996 -1.09  -1.65  -1.84  -1.70  -2.09  -2.06  -1.83  -2.29   0.59   0.93   2.43   2.10   
1997 1.52   1.70   1.97   2.62   2.35   2.26  -0.64  -0.41  -0.68  -0.66  -1.07  -1.40   
1998 -1.32  -1.24  -0.90  -0.75  -1.10  -1.56  -0.86  -0.82  -1.52  -0.94  -1.47  -1.62   
1999 -0.66  -1.49  -1.59  -1.45  -1.68  -1.02  -1.27  -1.98  -2.63  -2.37  -3.17  -2.90   
2000 -2.73  -2.87  -2.92  -2.91  -2.28  -1.71  -2.00  -2.83  -2.86  -3.21  -2.50  -2.73   
2001 -2.81  -1.74  -1.82  -2.80  -2.98  -2.99  -3.22  -3.67  -3.51   0.66   1.14   2.24   
2002 2.08   1.62   2.48   1.46   1.53   1.13   1.27   1.32   1.57   1.67   0.93   1.68   
2003 1.00   1.66  -0.89  -1.18   1.40   1.66   2.52   2.57   2.55   2.31   2.26  -0.24   
2004 -0.55  -0.87  -1.07   0.51   0.41   0.17   0.70   0.96   0.02   0.76   2.02  -0.14   
2005 0.14  -0.31  -0.32  -0.17  -1.21  -1.90  -1.63  -1.65  -1.59  -2.40  -2.92  -3.83   
2006 -3.85  -3.96  -3.75  -3.81  -3.72  -3.53   0.19   0.52   1.14   1.78   1.83   2.04   
2007 2.59  -0.27  -1.49  -1.46  -2.05  -1.92  -1.47  -2.43   0.33   1.01   0.61   1.34   
2008 0.68   0.83   1.85   2.65  -0.32  -0.90  -1.16  -0.75  -0.41  -0.37  -1.00  -0.72   
2009 -0.71  -0.85  -0.87   0.64   1.61   1.64   3.13   3.44   4.32   6.98   5.57   6.06   
2010 5.65  -0.22  -0.42  -0.84  -0.14  -0.99  -0.46  -1.46  -1.81  -2.56  -2.48  -2.95   
2011 -3.36   0.50   0.45   1.51   2.91  -0.63  -1.11  -1.44  -1.60  -1.64   1.43   2.05   
2012 -0.33  -0.65  -0.83  -1.74  -2.59  -3.11  -3.85  -3.81  -2.86  -2.34  -2.61  -2.55   
2013 -1.61  -1.22 -99.99 -99.99 -99.99 -99.99 -99.99 -99.99 -99.99 -99.99 -99.99 -99.99   
