1895 0.45  -0.87  -0.55  -1.29  -1.40   0.58   1.79  -0.14  -0.75  -1.14  -0.97  -0.96   
1896 -0.67  -1.06  -0.64  -0.95  -1.86  -2.68  -3.50  -3.86  -3.59  -3.39  -3.06  -3.70   
1897 -2.45  -2.65  -1.19  -1.65  -2.20  -2.21  -2.25  -2.52  -3.19  -3.66  -3.89   0.27   
1898 1.34   0.62   0.66   0.22   0.25   0.47   0.63   0.95   1.87   2.47   2.31  -0.51   
1899 0.56  -0.47  -0.98  -1.44  -1.14  -1.29  -0.59  -0.92  -1.42  -1.61  -2.17  -2.17   
1900 -2.19  -1.72  -2.27  -2.22  -2.31   0.94   1.24   1.43   1.46   1.56   1.51  -0.46   
1901 -0.91  -1.40  -1.26  -1.33  -1.62  -2.26  -2.85  -3.08  -2.84  -3.12  -3.28  -3.06   
1902 -2.44  -2.46  -2.11  -2.46  -2.62   0.37   0.92   0.50   0.78   0.44   0.85   1.27   
1903 0.84   1.54   1.56   0.58   1.06   0.99   1.18   1.45  -0.08  -0.42  -1.40  -1.62   
1904 -1.44  -1.67  -1.36  -1.39  -1.58   0.97   1.40   0.02  -0.29  -0.99  -1.74  -1.54   
1905 -1.20  -1.62   0.00   0.44   1.63   2.29   3.38   3.36   3.15   3.26   2.96   2.96   
1906 3.15   2.26   2.44   1.49   1.33   1.49   2.30   3.02   3.42   3.07   3.51   3.57   
1907 3.82   3.08   1.97   2.07   3.21   3.07  -0.33  -0.64  -1.10  -1.33  -0.81  -1.12   
1908 -1.04  -0.93  -1.39  -1.15  -0.63  -0.89  -1.15  -0.76  -0.62  -1.40  -1.12  -1.78   
1909 -2.03  -1.45  -1.65  -1.66  -1.05  -0.98  -1.15  -1.71  -1.96  -2.30  -2.67  -2.28   
1910 -2.30  -2.10  -3.08   0.13   0.57   0.95   1.50   1.87   1.39   1.90  -0.79  -0.87   
1911 -1.59  -1.73  -2.48  -0.78  -1.82  -2.36  -0.02   1.47  -0.03  -0.59  -0.83  -0.09   
1912 -0.22  -0.61   1.25   1.67  -0.90  -0.11  -0.30  -0.42  -0.97  -1.11  -1.83  -2.52   
1913 -1.28  -1.28  -1.22  -0.86  -1.27  -1.68  -1.62  -2.00   1.81   2.38  -0.53  -0.56   
1914 -1.02  -0.78  -0.49  -0.50  -0.55  -1.63  -2.26  -1.05  -1.28  -1.80  -2.21   0.54   
1915 0.69  -0.03  -0.10  -0.66  -0.71  -0.53  -0.60   2.73   1.82   1.46   1.61   1.60   
1916 2.96  -0.52  -1.41  -1.55  -2.02  -1.56  -1.89  -2.04  -1.81  -2.14  -2.52  -2.72   
1917 -2.61  -2.88   0.12   0.33  -0.34   0.51   1.09   1.34  -0.35  -0.52  -1.09  -1.79   
1918 -1.45  -2.18  -3.02  -1.90  -2.50  -2.48  -2.87  -2.67   0.40   0.32   0.17   0.53   
1919 -0.19  -0.43  -0.24  -0.61   0.32   0.79   0.31   0.48   0.38   2.37   2.87   2.05   
1920 2.61   1.63   1.55   1.48   2.19   2.06   2.08   2.31   2.02   1.99   1.35   1.58   
1921 0.94   0.77   0.84   1.70  -0.88  -0.60  -1.05   0.52  -0.54  -1.34  -1.02  -1.42   
1922 -1.65   0.26   1.28  -0.27  -0.25  -0.49  -0.37  -0.79  -1.51  -2.11  -2.26  -2.22   
1923 0.48   0.53   0.49   0.87   1.60   1.68   1.66   1.13   1.57   1.54   1.25   1.64   
1924 -0.14  -0.75  -0.99  -0.81  -0.65  -0.73  -0.92  -1.25  -0.84  -1.72  -2.25  -2.40   
1925 -2.78  -2.66  -3.37  -3.97  -4.44  -5.15  -4.73  -4.98  -4.29  -2.64  -1.67  -2.14   
1926 -1.73  -2.21  -1.64  -2.09  -2.63  -2.74  -2.62   0.39   0.08   0.56   0.36   1.28   
1927 1.68   0.91   1.44   3.47   3.16   3.68   3.61   4.23   3.91  -0.11  -0.42  -0.39   
1928 -0.73  -1.34  -1.82   1.13   0.67   2.22   2.14   2.48  -0.79   0.25   0.18   0.28   
1929 0.64   0.75   0.15   0.23   0.67  -0.11  -0.28  -0.94  -1.53  -1.30  -1.52  -1.54   
1930 1.54  -0.01  -0.72  -1.60   1.52  -0.93  -2.08  -2.47  -2.36  -1.87  -1.72  -1.89   
1931 -2.38  -2.21  -2.07  -2.21  -2.24  -2.16  -1.53  -1.04  -1.72  -2.08   0.34   1.28   
1932 2.34   2.31   2.24  -0.78  -1.56   0.03   1.02  -0.51  -1.07  -0.89  -1.48   0.91   
1933 0.87   0.67   0.64   0.58   0.65  -0.71  -0.81  -0.80  -0.84  -1.09  -1.57  -1.60   
1934 -1.63  -2.09  -1.21  -1.27  -1.44  -1.41  -2.26  -2.65  -2.03  -2.60   0.19   0.24   
1935 0.47  -0.47   0.58   0.46   2.03   3.64   2.91   2.42   2.45   2.78  -0.30  -0.31   
1936 -1.04  -1.43  -2.38  -2.33  -2.81  -3.37  -2.77  -3.58  -3.76  -3.10  -3.23  -0.01   
1937 2.10  -0.63  -1.00  -1.41  -1.36  -1.06  -1.30  -1.41   0.39   0.69   1.11   0.91   
1938 1.64   2.10   1.95   1.81  -0.24  -0.56  -0.40  -0.69  -1.43  -2.06   0.73   0.44   
1939 0.81   2.13   1.22   2.35   2.22   2.19   1.86   1.88  -0.66  -1.38  -1.87  -2.52   
1940 -2.94  -2.91  -3.47   0.46   0.10   0.47   0.67   1.36  -0.42  -0.71  -0.07  -0.52   
1941 -0.74  -0.71  -1.32  -1.43  -1.95   0.20   0.21   0.65   0.34   1.32  -0.42  -0.25   
1942 -0.29  -0.53  -0.65   1.13  -0.50  -0.16  -0.96   0.89  -0.12  -0.44  -0.97  -0.96   
1943 -1.62  -2.39  -1.68  -1.92  -1.56  -1.97  -2.81  -3.69  -3.61  -3.33  -3.98  -3.97   
1944 -4.08   0.87   1.20   1.75   1.84   1.25   1.22   1.50  -0.71  -1.53  -0.01   1.16   
1945 0.64   1.82   3.08   3.02   3.00   4.22   4.43   4.48   5.30   4.77   4.34   3.32   
1946 3.89   3.72   3.96   4.20   4.74  -0.52  -0.40  -0.70  -1.28  -1.57  -0.66  -0.88   
1947 -1.25  -2.01  -2.39  -2.08  -1.84  -1.65  -2.22  -2.92  -2.98  -2.84   0.04   0.19   
1948 -0.27   0.87   1.02   0.55   0.46   0.23   0.25   0.80  -0.78  -0.80   0.36   0.24   
1949 2.17   1.67   1.86   1.19   0.89   1.13   1.56   1.77   1.40   2.65   1.56   1.50   
1950 2.95   3.67   3.09   2.32   2.74   2.20   2.88   4.51   5.10  -0.24  -0.49  -1.23   
1951 -0.74  -0.52  -1.11  -1.03  -1.68   0.41   1.13   0.99   1.02   1.09   1.11   1.00   
1952 0.90   0.88   0.88   1.20  -0.32  -1.50  -2.14  -2.46  -2.56  -2.93   0.72   0.81   
1953 0.94   0.54   1.01   1.56   1.78  -1.23  -1.43  -2.02  -2.57  -3.15  -3.67  -3.91   
1954 -3.12  -3.25  -3.77  -3.87  -3.28  -3.89  -4.74  -5.44  -5.51  -4.75  -5.18  -4.88   
1955 -5.00  -4.53  -3.73  -3.94  -3.24  -3.02  -2.80  -2.67  -2.10  -2.17  -2.73  -3.41   
1956 -2.99  -1.00  -1.41  -1.22  -1.85  -1.90  -1.79  -2.22  -2.77  -2.80  -2.73  -3.10   
1957 0.68   0.53   0.64   2.38   3.11   3.00   2.81   3.63   3.51   3.66   4.31   3.56   
1958 3.14   2.13   2.26   2.52   2.78   3.12   3.13   3.12   3.56  -0.27   0.35  -0.70   
1959 -1.07  -0.34  -0.50  -0.89  -1.61   0.98   1.70   1.72   2.13   1.82   1.27   2.03   
1960 1.91  -0.11  -0.33  -1.10   0.33   1.16  -0.20  -0.50  -0.24  -0.50  -0.98  -0.54   
1961 -1.16   0.03   1.13   0.64   0.91   0.80   1.14   1.49  -0.08  -0.71   0.26   0.60   
1962 0.89   1.51   1.41  -0.45  -1.45  -1.03  -1.21  -1.43   1.02   1.28  -0.37  -1.02   
1963 -1.63  -2.05  -1.80  -2.04  -2.49  -2.68  -1.47  -1.77  -2.23  -3.16  -2.82  -3.01   
1964 -3.47  -3.29  -2.15  -1.03  -1.80  -2.56  -2.92  -2.56  -1.59  -2.06  -2.06  -2.28   
1965 -1.89  -1.30  -1.15  -2.00  -2.00  -1.91  -1.79  -1.74   1.27  -0.56  -1.30  -1.88   
1966 -1.54  -1.22  -2.17  -0.96  -1.15  -1.91  -2.28   1.86  -0.22  -0.14  -0.58  -0.55   
1967 -1.03  -1.49  -1.92   0.00   1.00   0.67   1.59   1.81   2.44   2.73   2.09   2.25   
1968 2.04   1.12   1.33   1.04   2.71   2.47   2.49   2.18   2.35   2.14   2.11   2.23   
1969 2.93  -0.27  -0.44  -0.91  -1.10  -0.82  -0.61  -0.93  -1.49  -1.27  -1.33   0.65   
1970 -0.67  -0.63   0.25   0.70  -0.65  -0.54  -0.64  -0.67  -0.83   1.00  -0.28  -0.44   
1971 -0.77  -0.91  -1.23  -1.74  -1.70  -1.67   0.50   1.47  -0.62  -1.09  -1.41  -0.59   
1972 -0.88  -1.60  -2.16  -2.60  -2.94  -2.60  -2.55  -2.67   0.51   1.51   2.29   2.66   
1973 2.66   2.23   3.16   4.32   3.57   3.80   4.41   4.12   4.85   5.11   5.58   5.34   
1974 5.09   4.11   2.82   2.85   2.52   4.01   3.68   4.02   4.28   4.11   4.78   3.97   
1975 3.43   3.35   4.26   3.43   3.64  -0.02  -0.01  -0.14  -0.02  -0.60  -0.95  -1.11   
1976 -1.32  -1.54  -1.39  -1.99   0.19   1.11  -0.11  -0.28  -0.42   0.76  -0.40  -0.86   
1977 -0.96  -1.28  -0.68  -0.78  -1.63  -1.64  -1.51  -1.75  -1.14  -1.63  -0.84  -1.26   
1978 -0.71  -1.18  -1.33  -1.62  -1.14  -1.16  -1.49   0.47   0.78   0.21   0.69   1.61   
1979 1.41   1.79   1.55   2.15   3.17   2.88   3.06   3.09   3.21  -0.01  -0.29  -0.37   
1980 -0.61  -1.19  -0.81  -0.44  -0.24  -0.98  -2.01  -3.07  -2.24  -1.94  -1.68  -2.08   
1981 -2.58  -2.33  -2.37  -2.83   0.58   0.89   1.28   1.38   0.99   1.64  -0.57  -1.36   
1982 0.72  -0.33  -1.15   0.42   0.02   0.60   0.48   0.60  -0.63  -0.67   0.84   2.56   
1983 -0.66  -0.85  -1.16  -0.71  -0.04  -0.12  -0.48  -1.11  -1.88  -1.99   0.00   0.73   
1984 -0.57  -0.41  -0.20  -0.55   0.61  -0.62   0.03   0.73   0.80   3.55   4.00   3.55   
1985 2.98   2.70   2.55   2.67  -0.60  -1.06  -1.72  -1.76  -1.43  -1.17  -0.77  -0.80   
1986 -1.62  -1.87  -2.19   0.49   0.10   1.04  -0.90  -0.20  -0.76   0.48   0.69   0.42   
1987 0.04   0.67  -0.59  -1.49  -1.77  -1.60  -1.94  -2.18   0.30   0.02   1.04   2.94   
1988 -0.07  -0.18  -0.41  -0.53  -1.32  -1.76   0.62  -0.36  -0.53  -0.50   1.43   0.93   
1989 0.67   2.26   2.69   1.78   1.55   1.80   3.27   2.82   2.88  -0.46  -1.15  -1.75   
1990 0.39   0.70   1.69   1.95   2.90   1.92   1.31   0.69   0.65   1.77   1.36   2.10   
1991 2.35   1.85   0.98   2.16   1.57   1.03   0.77   1.09   1.02   1.73   2.12   2.17   
1992 -0.45  -0.82  -0.46  -1.07  -1.43   0.85   1.36   1.42   1.35  -0.55   0.18   0.37   
1993 0.50  -0.31  -0.75  -0.23  -0.32  -0.42  -1.13  -0.96  -1.07   0.76   1.23   1.41   
1994 1.64   1.39   1.32   0.97   0.90   0.77   2.05   2.39   2.25   2.05   2.44   2.25   
1995 2.16  -0.54  -0.82  -0.60  -0.64  -0.78  -0.54  -1.19  -1.36  -1.37  -1.69  -1.75   
1996 -1.85  -2.18  -2.26  -2.10  -1.98  -1.86   0.98   0.85   1.39   1.81   2.89   2.44   
1997 1.91   2.08   2.29   3.00   2.36   2.88   2.20   1.84   1.50   1.82   1.62   1.36   
1998 1.60   1.70   1.81  -0.60  -1.22  -1.96  -2.52  -2.54  -2.31  -1.70  -2.11  -1.96   
1999 -0.85  -1.60  -1.17  -0.82  -0.98  -0.67  -1.08  -1.69  -2.07  -1.85  -2.49  -2.37   
2000 -2.62  -2.77  -2.80  -2.90  -2.56  -1.45  -1.99  -2.84  -3.01  -3.44   1.16   0.88   
2001 0.62   1.68  -0.26  -1.11  -1.02  -1.22  -1.26  -1.41  -1.51   0.36   0.41   1.24   
2002 -0.11  -0.47   1.41  -0.67  -0.63  -1.24  -1.24  -1.49  -1.89  -1.48  -1.87  -0.80   
2003 -1.56  -1.05  -1.71  -2.19   0.13   1.60   1.51  -0.06   0.08  -0.37  -0.28  -0.52   
2004 -0.48  -0.38  -0.61  -0.36  -0.56   0.18   0.49   0.68  -0.75   1.63   2.54  -0.38   
2005 -0.06  -0.45  -0.62  -0.94  -1.59  -2.02  -1.67  -1.79  -1.44  -2.17  -2.32  -3.16   
2006 -3.17  -3.36  -3.03  -2.67  -2.73  -2.87  -3.07  -2.94   0.21   0.45   0.42   0.92   
2007 1.94  -0.43  -1.45  -1.20  -1.59  -1.82   0.82  -0.86   0.48   0.96   0.47   0.85   
2008 0.25   0.54   1.48   2.25   1.81   1.56   1.16   2.19   3.99   4.21   3.53   3.08   
2009 2.44   1.93   2.05   2.07   3.72   2.68   3.97   3.97   5.37   8.14   6.68   7.43   
2010 -0.16   0.20  -0.60  -1.02  -0.76  -1.13  -1.19  -1.51  -2.05  -2.49  -2.50  -2.90   
2011 -3.30  -2.82  -3.15   0.83   1.84  -0.87  -1.88  -1.13  -1.48  -1.65   1.15   1.72   
2012 -0.27  -0.40   0.51  -0.74  -1.88  -2.70  -3.58  -3.04  -2.26  -2.09  -2.58  -2.66   
2013 -1.96  -1.60 -99.99 -99.99 -99.99 -99.99 -99.99 -99.99 -99.99 -99.99 -99.99 -99.99   
