1895 0.56  -0.70  -0.26  -1.04  -1.29   0.09   1.10  -0.02  -0.65  -0.90  -1.15  -1.87   
1896 -1.56  -1.46  -0.94  -1.35  -2.07  -2.45  -3.67  -4.00  -3.80  -3.21  -3.13  -3.96   
1897 -3.04  -2.98  -1.76  -2.31  -2.85  -3.21  -3.30  -3.35  -4.14  -4.06  -4.17  -3.21   
1898 -1.85  -2.45  -2.98  -3.11  -3.04  -2.83  -2.67   0.32   1.76   2.23  -0.36  -1.13   
1899 -0.30  -0.46  -0.64  -1.29  -1.24  -1.50  -1.12  -1.54  -2.05  -2.29  -2.91  -2.63   
1900 -2.68  -1.92  -2.43   0.44  -0.46   1.63   1.93  -0.14  -0.49  -0.35  -0.46  -0.74   
1901 -1.14  -1.46  -1.65  -1.78  -2.00  -2.46  -2.96  -2.38  -2.01  -2.24  -2.40  -1.95   
1902 -1.43  -1.45  -0.99  -1.58  -2.05   0.21   0.45   0.19   0.54   0.35   0.17   0.58   
1903 0.19   1.35  -0.10  -1.07   0.35   0.32   0.45   0.81  -0.26  -0.68  -1.34  -1.36   
1904 -1.47  -1.77  -1.69  -1.76  -1.98   0.67   1.16   1.10  -0.51  -1.03  -1.54   0.51   
1905 0.56  -0.15  -0.46   0.49   1.42   2.11   3.44   4.00   4.00   3.95   3.10   3.06   
1906 2.97   2.08   2.23   1.05   0.81   0.86   1.69   2.37   3.48   3.34   3.37   3.43   
1907 3.15   2.64   1.43   1.74   3.05   3.03  -0.61  -1.01  -1.17  -1.16  -0.70  -1.11   
1908 -1.16  -0.81  -1.40   0.31   0.44   0.55   0.24   0.58  -0.16  -0.95  -1.02  -1.50   
1909 -2.03   0.60   0.26   0.34   0.88   1.16  -0.47  -1.44  -1.21  -1.54  -1.97  -1.56   
1910 -1.72  -1.49  -2.74   0.18   0.64   1.15   2.15   2.45   2.03   2.40  -0.97  -0.91   
1911 -1.61  -1.58  -2.45   1.86  -1.00  -1.56   0.00   1.32  -0.05  -0.59  -0.74   0.86   
1912 0.62   0.35   0.81   1.92   1.22   1.69   1.52   1.47  -0.39  -0.72  -1.32  -1.26   
1913 1.33  -0.03  -0.21  -0.09  -0.36  -0.93  -0.77  -1.49   2.03   2.54  -0.96  -1.44   
1914 -2.07  -1.65  -1.40  -1.37  -1.79  -2.61  -3.10   1.07   1.17  -0.55  -1.12  -0.36   
1915 -0.11  -0.19  -0.32  -1.07  -0.94  -0.53  -0.80   2.24   1.66   1.40   1.54   1.74   
1916 2.46  -0.61  -1.50  -1.78  -1.85  -1.07  -1.03  -1.12  -1.00  -1.21  -1.63  -1.57   
1917 -1.34  -1.71   0.54   0.68   0.30   0.89   1.83   2.34  -0.19  -0.29  -1.00  -1.62   
1918 -1.10  -1.78  -2.80  -1.58  -2.13  -2.27  -2.75  -2.78   0.51   0.69   0.25   0.32   
1919 0.25   0.08   0.44  -0.42   0.50   0.69   0.06   0.41   0.05   1.94   2.22   1.54   
1920 2.22   1.36   1.00   1.65   2.03   2.09   2.23   2.69   0.00  -0.03  -0.60   0.54   
1921 -0.71  -0.81  -0.90   1.31  -0.76  -1.11  -1.73  -1.04  -1.35  -1.97  -1.72  -2.09   
1922 -2.24  -1.71  -0.74  -0.70  -0.57  -0.64  -0.67  -1.20  -1.90  -2.31  -2.46   0.34   
1923 0.62   0.89   0.77   1.51   2.41   2.55   2.68   2.48   2.32  -0.29  -0.74  -0.46   
1924 -0.44  -0.73  -1.08  -0.86  -0.55  -0.83  -1.51  -1.98  -1.65  -2.48  -2.97  -2.76   
1925 -2.85  -2.80  -3.58  -4.35  -4.75  -5.54  -4.99  -5.31  -4.81  -2.68  -2.15  -2.68   
1926 -2.26  -2.67  -2.32  -2.91  -3.25  -3.29  -3.37   0.60  -0.54   0.38   0.22   1.35   
1927 1.34   0.80   1.05   2.65   2.63   3.14   3.12   3.85  -0.14  -0.49  -0.81  -0.81   
1928 -1.32  -1.72  -1.97   1.44   1.10   2.84   2.82   3.07  -0.72  -0.51  -0.51  -0.73   
1929 0.18   0.40   0.06   0.20   0.56   0.61  -0.28  -1.05  -1.42  -1.30  -1.51  -1.56   
1930 1.24  -0.18  -0.77  -1.86   1.17  -0.84  -2.10  -2.51  -1.95  -1.13  -1.01  -1.45   
1931 -1.96  -1.71  -1.45  -2.01  -2.01  -2.20   1.15   1.30  -0.94  -1.51   0.53   1.63   
1932 2.83   2.77   0.02  -0.69  -1.21  -1.24  -0.85  -1.06  -1.03  -0.98  -1.30   0.70   
1933 0.11   0.18   0.16   0.02   0.57   0.02   1.34   1.99   0.02  -0.50  -1.20   0.99   
1934 -0.47  -1.08   0.67  -0.61  -0.90  -0.82  -1.43  -1.79  -1.78  -2.26   0.91   0.94   
1935 1.73   1.07   0.95   0.81   1.39   1.87  -0.40  -0.73  -0.77  -0.26  -0.43  -1.21   
1936 -1.72  -2.20  -2.51  -2.86  -3.34  -4.04  -2.89  -3.68  -3.96   0.56   0.52   0.66   
1937 3.25  -0.51  -1.08  -1.51  -1.69  -1.49  -1.55   0.20   0.38   1.00   1.03   0.63   
1938 1.30   1.16   1.27   1.19  -0.57  -0.36  -0.66  -1.15  -1.64  -2.41  -2.64  -2.77   
1939 0.93   2.73   2.10   2.45   1.74   2.19   2.04  -0.46  -0.80  -1.45  -1.63  -1.90   
1940 -2.26  -1.92  -2.33   0.53   0.19   0.29   0.74   1.16   0.00  -0.42  -0.24  -0.41   
1941 -0.67  -1.11  -1.70  -1.54  -2.22  -2.34  -1.74  -1.07  -1.53  -1.01  -1.53  -1.87   
1942 -1.92  -1.75  -1.64  -0.66  -1.20  -1.29  -2.02  -1.08  -1.43  -1.28  -1.47  -1.29   
1943 -1.83  -2.65  -1.42  -1.77  -1.77  -2.13  -3.17  -3.95  -3.23  -3.24  -3.61  -3.59   
1944 -3.73  -2.66  -1.92  -1.30  -1.25  -1.76  -2.22  -1.84  -2.11  -2.65   0.07   1.54   
1945 1.00   1.51   1.91   2.16   1.77   2.61   2.82   2.58   3.42   3.75   4.23   3.61   
1946 4.32   3.92   3.74   2.83   3.62  -0.35  -0.24  -0.77  -1.12  -1.10  -0.63  -1.06   
1947 -1.03  -1.84  -2.24  -1.96  -1.63  -1.53  -1.83  -2.45  -2.61  -2.47  -1.64  -2.14   
1948 -1.98   1.16   1.62   1.23   1.28   1.66   2.09   2.77   2.08   1.64   2.15   1.50   
1949 2.52   1.79   2.14   1.53   0.95   1.48   1.72   1.96   1.36   3.26   1.81   2.01   
1950 3.14   3.43   3.67   2.82   2.93   2.42   2.45   4.04   4.38  -0.30  -0.42  -0.92   
1951 0.89  -0.19  -0.76  -0.72  -1.47   0.31   0.78   0.88   0.98   0.65   0.51   0.73   
1952 -0.14  -0.20  -0.02  -0.24  -0.43  -1.59  -2.56  -2.64  -2.50  -2.76  -2.20  -2.29   
1953 -2.24   0.26   0.70   1.46   2.85  -1.04  -1.14  -1.85  -2.45  -2.80  -3.02  -2.82   
1954 -1.70  -1.94  -2.67  -2.79  -2.49  -3.11  -3.93  -4.32  -4.82  -4.61  -4.95  -4.56   
1955 -4.72  -3.79  -3.02  -2.43  -1.85  -1.50  -1.32  -1.35  -1.66  -1.72  -1.95  -2.54   
1956 -2.34  -0.74  -1.29  -0.83  -1.24  -1.15  -1.48  -1.78  -2.04  -2.02  -2.00  -2.13   
1957 0.66   1.10   0.72   2.06   2.23   2.40   2.91   3.04   3.36   4.05   4.86   4.22   
1958 3.58   2.71   2.48   2.97   3.20   3.63   4.40   4.31   5.32  -0.34  -0.18  -0.88   
1959 -0.81  -0.54  -0.78  -0.95  -1.46  -1.42   0.68   0.32   1.33  -0.11  -0.41  -0.30   
1960 -0.31  -0.55  -0.39  -1.18   0.12   1.53  -0.23  -0.24  -0.35   0.35  -0.39  -0.43   
1961 -1.11   0.35   1.38   1.07   1.35   1.29   1.37   1.36  -0.40  -0.95   1.00   2.14   
1962 2.28   2.52  -0.14  -0.79  -1.56   0.94   1.22   1.14   1.51   1.58  -0.65  -1.34   
1963 -1.95  -2.25  -2.30  -2.09  -2.18  -2.48  -2.03  -2.40  -2.53  -3.42  -3.48  -3.40   
1964 -3.54  -3.49   0.62   2.37  -0.72  -1.46  -1.58   0.44   0.62  -0.31  -0.70   0.32   
1965 0.21   0.74   0.92  -0.97  -1.32  -1.33  -1.83  -2.01   1.70  -0.57  -1.45  -2.03   
1966 -2.19  -1.22  -2.33  -1.41  -1.40  -2.06  -2.32   1.61   1.63   1.69  -0.65  -0.52   
1967 -1.04  -1.42  -1.98  -1.83   0.98   0.81   1.35   1.64   1.65  -0.10  -0.70   0.56   
1968 0.63   0.01   0.43   0.31   1.19  -0.31  -0.46  -0.87   0.73   0.56   0.56   0.77   
1969 0.80  -0.26  -0.60  -0.68  -1.26  -1.51  -1.98  -1.49  -1.86  -2.07  -1.92   0.74   
1970 -0.73  -0.76   0.34   0.64  -0.48  -0.62   0.30   1.26   0.76   1.64  -0.55  -0.74   
1971 -1.10  -1.07  -1.20  -1.63   0.28   0.43   0.80   1.51  -0.33  -1.11  -1.50  -1.18   
1972 -1.37  -2.04  -2.22  -2.51  -2.84  -2.78  -2.56  -2.51   0.72   1.43   2.14   2.68   
1973 2.53   2.22   2.87   4.24   3.90   3.10   2.63   1.85   1.92   1.85   2.42   2.15   
1974 2.50   1.94   0.93   1.24   1.54   3.19   3.00   3.79   3.83   3.34   3.16   2.63   
1975 2.26   2.34   3.61   3.09   2.87   2.74   2.55   2.48  -0.07  -0.48  -0.41  -0.77   
1976 -1.03  -1.19  -0.75  -1.38   0.06   0.78   0.69   0.18   0.24   0.83  -0.57  -1.09   
1977 -1.27  -1.75  -1.56  -1.77  -2.50  -2.33  -1.84  -2.06   1.25   0.74   1.16  -0.62   
1978 0.65  -0.71  -1.16  -1.68   0.78   0.91  -0.57  -0.25  -0.18  -0.69   0.23   1.05   
1979 1.20   1.36   0.93   1.88   3.26   3.40   3.58   3.87   4.10   3.72   3.67   3.16   
1980 2.59   1.60   2.73   2.64   2.45  -0.25  -0.77  -1.82   0.78   0.76   0.92  -0.77   
1981 -1.40  -1.65  -1.51  -2.11   0.70   1.30   1.17   1.25  -0.45   0.43  -0.58  -1.41   
1982 -1.00  -1.08  -1.80   0.95   0.63   1.03   0.84   1.04   0.71   0.85   0.99   2.47   
1983 -0.64  -0.86  -1.38   0.83   1.73  -0.01  -0.29  -1.09  -1.27  -1.34   0.36   1.32   
1984 -0.60  -0.57   0.21   0.17   1.25  -0.39  -0.51   0.59   0.42   2.92   3.00  -0.50   
1985 -0.57  -0.82  -1.17  -0.82  -1.14  -1.40  -1.61  -1.57  -1.88  -1.11  -1.39  -1.59   
1986 -2.35  -2.40  -2.93  -2.69  -2.86  -2.29  -3.08  -2.96  -3.49  -3.02  -1.80  -1.65   
1987 -2.05  -0.92  -1.19  -1.86  -2.10  -1.97  -2.04  -2.12  -2.26  -2.12   1.67   2.93   
1988 -0.05  -0.35  -0.48  -0.72  -1.39  -2.29  -1.84  -2.48  -2.52   0.20   1.42   1.13   
1989 1.28   2.63   2.78   1.70   1.93   3.08   4.26   3.96   4.41   3.68   2.82   2.02   
1990 1.94   2.64   3.38   3.34   3.56   2.97   2.20   1.55   1.20   2.19   1.69   2.26   
1991 1.92   1.86   1.23   3.61  -0.08  -0.25  -0.64  -0.41  -0.76   0.78   0.59   1.11   
1992 -0.49  -1.20  -0.59  -1.13  -1.44   1.22   1.95   2.21  -0.13  -0.42  -0.46  -0.78   
1993 -0.72  -1.09  -1.44  -0.72  -0.60  -0.64  -1.67  -1.53  -1.52   0.24   0.42   0.46   
1994 0.91   0.77   0.95   0.39   0.27   0.42   1.71   1.92  -0.07  -0.34  -0.75  -0.88   
1995 -0.70  -1.22  -1.80  -1.27  -1.44  -1.50  -1.18  -1.79  -2.33  -2.38  -2.33  -2.18   
1996 -2.36  -2.61  -2.61  -2.72  -2.63   0.39   1.10   1.02   1.59   2.10   2.20   1.75   
1997 1.47   1.66   2.04   3.15   2.79   3.18  -0.09  -0.18  -0.18   0.30  -0.42  -0.66   
1998 -0.34  -0.38  -0.44  -0.70  -1.47  -2.35  -2.97  -3.04  -3.45  -3.21  -3.63  -3.26   
1999 -2.38  -2.99  -2.40  -1.95  -2.01  -1.31  -1.64  -2.42  -2.79  -2.48  -2.88  -2.61   
2000 -3.09  -3.20  -3.25  -3.15  -2.54  -1.99  -2.63  -3.62  -3.80  -4.20  -2.72  -2.61   
2001 -2.56  -1.40  -1.58  -2.11  -1.92  -1.92  -2.22  -2.56  -2.77   1.23   1.78   2.71   
2002 2.25   1.54   3.11  -1.09  -0.81  -0.97  -1.03   0.08   0.32   0.72   0.16   1.16   
2003 0.19   1.11  -0.81  -1.36   0.82   1.37   1.41  -0.43  -0.38  -0.83  -0.60  -1.02   
2004 -0.97   0.32   0.05   0.30   0.17   0.70   0.90   1.14  -0.93   1.09   2.26  -0.14   
2005 0.13  -0.34  -0.62  -0.63  -1.38  -2.20  -1.94  -1.82  -1.31  -2.06  -2.26  -2.89   
2006 -2.37  -2.33  -2.46  -2.87  -2.57  -2.61  -2.81  -2.85  -2.20  -2.12  -2.05  -1.38   
2007 -0.91  -1.40  -2.53  -2.40  -2.75  -2.87  -2.24  -2.88   0.23   0.80  -0.50  -0.22   
2008 -0.70  -0.91   0.48   1.48  -0.18  -0.81  -1.37   0.76   1.10   1.18  -0.43   0.39   
2009 -0.25  -0.48   0.15   0.14   1.81   1.42   2.89   3.31   4.27   6.98  -0.84   0.94   
2010 -0.17  -0.25  -0.80  -1.39  -0.88  -1.72  -2.09  -2.53  -3.10  -3.36  -2.50  -2.99   
2011 -3.19  -3.08  -3.23   1.45   2.22  -0.68  -1.49  -1.09  -1.43  -1.43   0.82   1.43   
2012 -0.58  -0.71  -1.24  -2.03  -2.53  -2.95  -3.63  -3.24  -2.49  -2.11  -2.38  -2.19   
2013 -1.47  -1.19 -99.99 -99.99 -99.99 -99.99 -99.99 -99.99 -99.99 -99.99 -99.99 -99.99   
