1895 0.50  -0.77  -0.54  -1.23  -1.22   0.50   1.68   1.66  -0.85  -1.24   0.19   0.14   
1896 0.68  -0.17  -0.07  -0.58  -1.78  -2.45  -3.56  -4.11  -4.10  -3.50  -3.36  -3.88   
1897 -2.66  -3.00  -1.63  -1.72  -2.10  -2.15  -2.25  -2.21  -2.64  -2.73  -3.16   0.24   
1898 0.98  -0.66  -0.28  -0.71  -0.74   0.33   0.56   1.17   1.72   2.25   2.13   1.54   
1899 2.17  -0.54  -1.32  -1.55   0.05   0.04   0.64  -0.25  -0.83  -1.04  -1.48  -1.58   
1900 -1.67  -1.28  -1.60  -1.49  -1.58   0.57   0.94   1.28   1.38   1.38   1.29  -0.45   
1901 -0.85  -1.23  -0.97  -0.97  -1.27  -1.80  -2.25  -2.57  -2.62  -2.79  -3.00  -3.04   
1902 -2.64  -2.59  -2.48  -2.68  -2.80  -2.22  -1.76  -2.26   0.62   0.57   1.52   1.74   
1903 1.43   2.46  -0.02  -0.85  -0.46  -0.39  -0.23  -0.08  -0.40  -0.57  -1.56  -1.89   
1904 -1.96  -1.99  -1.69  -1.84  -2.02   0.82   1.21   1.40  -0.30  -0.60  -1.38  -1.32   
1905 0.40  -0.44   0.18   0.76   1.80   2.52   3.54   3.83   3.12   3.05   2.94   3.05   
1906 3.12   2.40   2.46   1.68   1.44   1.44   2.32   3.21   3.32   3.14   3.49   3.49   
1907 3.51   2.89   1.91   2.11   3.22   3.00  -0.60  -0.90  -1.40  -1.31   0.75   0.34   
1908 0.42   0.69   0.13   0.27   0.52   0.36   0.25   0.50   1.15  -0.68  -0.34  -1.06   
1909 -1.61  -1.10  -1.36  -1.50  -1.34  -1.20  -1.70  -2.07  -2.67  -2.83  -2.92  -2.34   
1910 -2.48  -2.21  -2.87   0.16   0.45   0.67   1.20   1.32  -0.88  -0.30  -1.22  -1.34   
1911 -2.10  -1.70  -2.26  -0.67  -1.51  -2.07   0.29   1.39  -0.57  -1.09  -1.39   0.69   
1912 0.53   0.22   0.94   1.40  -0.81  -0.17  -0.37  -0.33  -1.04  -1.06  -1.69  -2.37   
1913 0.83   0.79  -0.20  -0.03  -0.45  -0.79  -0.61  -0.95   2.24   3.08   2.67   2.82   
1914 -0.66  -0.45  -0.25  -0.16  -0.04  -0.93  -1.53   1.37  -0.71  -1.04  -1.24   0.57   
1915 0.59   0.66   0.69  -0.32  -0.72  -0.66  -1.04   2.31  -0.74  -1.00   0.05   0.15   
1916 1.14  -0.46  -1.28  -1.34  -1.99  -1.56  -1.79  -1.87  -1.77  -2.01  -2.33  -2.72   
1917 -2.92  -3.14  -3.13  -2.73  -2.79  -2.28  -1.47  -0.80  -1.22  -1.31  -1.82  -2.53   
1918 -2.46  -2.95  -3.73  -2.67  -3.20  -3.22  -3.76  -3.49  -2.96  -3.03   0.11   0.58   
1919 0.34   0.16   0.35   0.01   0.13   0.59   0.05   0.57   0.22   2.03   2.49   1.78   
1920 2.52   1.46   1.43   1.27   1.84   1.81   1.98   2.62   2.24   2.43   2.00   2.14   
1921 1.26   1.19   1.34   1.95  -0.75  -0.33  -0.65  -0.50  -1.31  -2.01  -1.92  -2.29   
1922 -2.36   0.38   1.26  -0.15  -0.13  -0.17  -0.06  -0.35  -1.18  -1.63  -1.69  -2.07   
1923 0.22   0.65   0.52   0.88   1.36   1.57   1.48   1.22   2.07   1.93   1.79   2.41   
1924 -0.20  -0.72  -0.76  -0.45  -0.41  -0.87  -1.47  -2.14  -1.93  -2.71  -3.26  -3.52   
1925 -3.64  -3.48  -4.03  -4.47  -4.82  -5.34  -4.76  -5.03   0.31   1.39   1.92  -0.54   
1926 -0.11  -0.71  -0.26  -0.60  -1.14  -1.31  -1.26   0.67   0.29   0.74   0.51   1.32   
1927 1.60   0.81   1.33   3.19   2.79   3.30   3.32   3.51   0.01  -0.08  -0.54  -0.55   
1928 -0.94  -1.40  -2.09   1.08   0.61   1.90   1.91   2.19  -0.79   0.08   0.23   0.51   
1929 0.66   0.64  -0.87  -0.88  -0.54  -0.66  -0.85  -1.56  -1.81  -1.65  -1.88  -1.92   
1930 1.47  -0.05  -0.81  -1.62   1.27  -0.82  -1.96  -2.48  -2.52  -1.56  -1.25  -1.44   
1931 -1.98  -1.97  -1.79  -2.33  -2.72  -2.68   0.82   1.12  -0.55  -1.04   0.25   0.94   
1932 2.46   2.45   2.55  -0.46  -1.28  -0.92  -0.48  -1.04  -1.75  -1.83  -2.54  -1.58   
1933 -1.24  -1.22  -1.29  -1.30  -1.52  -2.08  -2.21  -2.06  -2.17  -2.37  -3.11  -3.27   
1934 -3.42  -3.54  -3.04  -3.08  -3.16  -3.51  -3.91  -4.57  -3.84  -4.55  -3.89  -3.31   
1935 -2.53  -2.70  -2.81  -2.38  -1.26  -0.60  -0.93  -1.23  -1.15  -1.20  -0.96  -1.02   
1936 -1.68  -2.09  -3.00  -3.30  -3.50  -4.05  -3.77  -4.58  -4.23  -3.78  -3.94  -3.68   
1937 1.76  -0.44  -0.52  -0.87  -1.16  -0.78  -1.04   0.62   0.40   0.27   0.41   0.92   
1938 2.01   2.38   2.21   2.09   1.65   1.88   1.85  -0.37  -0.90  -1.80  -1.48  -1.65   
1939 0.32   2.02   1.51   2.06  -0.35  -0.61  -0.88  -0.84  -1.75  -2.30  -2.29  -2.92   
1940 -3.42  -3.49  -3.96   0.70   0.87   1.26   2.03   2.54  -0.53  -0.75   0.62   0.50   
1941 0.18   0.33   0.11   0.55  -0.68   0.49   0.86   1.07   1.15   1.29  -0.36  -0.26   
1942 -0.50  -0.97  -1.03   1.12  -0.11   0.17  -0.57   0.79   1.35   0.04  -0.54  -0.51   
1943 -1.10  -1.78  -1.22  -1.41  -1.09  -1.58  -2.29  -3.33  -3.34  -2.96  -3.44  -3.44   
1944 -3.34   0.68   1.29   1.66   2.39  -0.52  -1.15  -0.52  -0.98  -1.73   0.16   1.57   
1945 1.05   2.22   4.31   3.66   3.31   4.16   4.27   4.58   4.82   4.41   3.74   2.93   
1946 3.62   3.71   3.32   3.26   3.81  -0.63  -0.72  -0.77  -1.29  -1.29   1.32  -0.23   
1947 -0.60  -1.28  -1.30  -1.18  -0.70  -1.13  -1.83   0.38  -0.13  -0.47   0.14   0.44   
1948 0.39   0.78   0.86  -0.51  -0.14  -0.70  -1.09  -1.30  -1.99  -1.81  -1.74  -1.91   
1949 1.83  -0.04  -0.04  -0.52  -0.92   0.42   0.62   0.50   0.47   1.86   0.92   0.88   
1950 1.77   2.57   2.04   1.49   2.25   1.82   2.57   2.68   4.20  -0.19  -0.59  -1.37   
1951 -0.84  -0.22  -0.94  -0.74  -1.37   0.61   1.66   1.12   1.47   1.47  -0.13  -0.48   
1952 -0.59  -0.91   0.11   1.01  -0.19  -1.13  -1.82  -2.01  -2.60  -3.12   0.80   0.96   
1953 1.07   0.45   0.33   1.15   1.99  -1.03   0.93  -0.32  -0.90  -1.66  -2.08  -2.26   
1954 -1.79  -2.37  -3.05  -2.97  -2.15  -2.73  -3.20  -4.15  -4.12  -2.34  -2.50  -2.28   
1955 -2.44  -2.30  -2.01  -2.06  -1.81  -2.11  -1.72  -1.47  -0.99  -0.92  -1.52  -2.18   
1956 -2.35  -1.21  -1.75  -1.69  -2.21  -2.29  -2.83  -3.06  -3.58  -3.89  -3.93  -4.55   
1957 0.17   0.01   0.66   2.26   2.71   3.31   2.64   2.24   2.54   3.27   4.13   3.32   
1958 3.03   2.02   2.07   2.81   2.90   3.06   2.84   3.43   3.88   3.50   3.44  -0.78   
1959 -1.30  -0.79  -0.90  -1.14  -1.55   0.56   1.11   1.10   1.07   0.00  -0.39   0.65   
1960 0.90   0.84  -0.36  -1.06  -1.09   0.49  -0.29  -0.18  -0.13  -0.13  -0.63   0.70   
1961 0.12   0.11   1.09  -0.53   0.21   0.18   1.43   1.96   2.17   1.91   2.18   2.34   
1962 2.66   3.01  -0.13  -0.38  -1.16  -0.96  -1.30  -1.66   0.70   1.34   0.02  -0.71   
1963 -1.13  -1.72  -1.57  -1.62  -2.18  -2.14  -1.79  -1.81  -2.18  -3.16  -3.18  -3.24   
1964 -3.66  -3.56  -2.82  -1.65  -2.12  -2.61  -3.10  -2.07  -1.31  -1.83  -2.18  -2.55   
1965 -2.39  -1.31  -1.15  -2.05  -1.96  -1.60  -1.67  -1.76  -1.15  -1.74  -2.56  -3.19   
1966 -3.35  -3.14  -3.93   1.53   1.13   0.36   0.30   1.91   1.71   1.71  -0.48  -0.30   
1967 -0.86  -1.29  -1.93   0.40   1.58  -0.18   0.19  -0.11  -0.37  -0.35  -0.90   0.46   
1968 0.83   0.14   0.86   0.99   2.97   3.31   2.91   2.60   2.76   2.50   2.68   2.59   
1969 3.05   2.96   2.81  -0.57  -0.23  -0.15  -0.39  -1.14  -1.67  -1.50  -1.60   0.55   
1970 -0.62   0.30   0.64   0.91   0.34   0.42   0.07   1.36   0.89   1.47  -0.24  -0.58   
1971 -0.95  -0.95  -1.34  -1.84  -1.89  -2.35  -1.22  -0.71  -1.27  -1.41  -1.71  -0.86   
1972 -0.79  -1.60  -2.06  -2.69  -2.97  -3.09  -2.76  -2.71   0.56   1.37   2.22   2.23   
1973 2.27   1.81   3.04   3.86   2.88   3.61   3.79   3.35   4.22   5.04   5.26   5.04   
1974 4.93   3.75   2.30   2.01   1.54   2.79   2.41   3.74   5.45   5.37   5.99   5.33   
1975 4.54   4.56   4.47   3.67   3.69   3.79   3.50   3.54  -0.11  -0.88  -1.06  -1.37   
1976 -1.53  -1.74  -1.08  -1.66   0.30   0.92   0.57   0.47   0.92   1.34  -0.35  -0.62   
1977 -0.61  -0.55   0.62  -0.16  -1.00  -1.00  -1.00  -1.11  -1.04  -1.75  -1.39  -1.89   
1978 -1.39  -1.65  -1.67  -2.05  -2.10  -2.45  -3.19  -3.42  -3.83  -4.17   0.89   1.15   
1979 1.33   1.41   1.64   2.10   2.48   2.17   2.79   3.07   3.03   2.84  -0.13  -0.11   
1980 -0.02  -0.39  -0.39  -0.32  -0.13  -0.55  -1.38  -2.43  -1.03  -0.90  -0.85  -1.21   
1981 -1.77  -1.83  -1.93  -2.49   0.75   1.29   1.66   1.78   1.10   2.02  -0.52  -1.30   
1982 -0.81  -0.96  -1.88  -1.53  -1.76  -0.82  -1.10  -1.05  -1.60   0.30   1.24   3.09   
1983 -0.76  -0.45  -0.85  -0.89   0.31   0.64   1.16  -0.32  -0.88  -1.16  -1.14   0.53   
1984 0.10   0.27   0.65  -0.43  -0.07  -0.53   0.30   1.01   1.26   3.18   3.05   2.56   
1985 2.15   2.04   2.11   2.14  -0.40  -0.44  -0.52  -0.99  -1.24   0.21   0.38   0.65   
1986 -0.85  -1.01  -1.70   0.90   0.52   1.29  -0.50  -0.55   0.52   0.67   1.36   1.23   
1987 0.86   1.37  -0.05  -0.97  -1.22  -1.32  -1.41  -2.03   0.08  -0.16   1.18   3.18   
1988 -0.37  -0.55  -0.60  -0.86  -1.68  -2.23   0.07   0.33  -0.39   0.45   1.82   1.57   
1989 1.23   2.41   2.80   2.04   2.44   2.96   4.46   4.28   3.77   2.97   1.91   0.94   
1990 1.39   1.31   2.64   2.54   3.15   2.59   2.25   1.70   1.47   2.55   2.32   2.99   
1991 3.14   2.82   2.05   2.78   2.84   2.07   1.88   1.55   1.53   2.42   2.74   2.93   
1992 2.50   2.31   2.41   2.02   1.61   2.56   3.06   2.62   3.66   2.91   2.91   3.28   
1993 3.29   2.87   2.61   2.69   2.17   1.93   0.88   0.62   0.59   2.55   2.66   3.12   
1994 3.50   3.13   2.95   2.16   2.22   1.83   2.57   2.82   2.24   2.81   2.99   2.93   
1995 3.17  -0.44  -0.95  -0.55  -0.23  -0.29  -0.43  -1.08  -1.06  -1.62  -2.15  -2.42   
1996 -2.68  -3.10  -3.14  -2.91  -2.98   0.66   1.75   2.62   2.84   3.11   4.14   3.64   
1997 3.08   3.65   3.50   4.04   3.16   3.29   2.45   2.13   1.53   1.90   1.86   1.90   
1998 2.59   2.91   2.76  -0.44  -0.49  -1.05  -1.88  -1.77   0.81   1.28   1.07   1.30   
1999 1.93  -0.82  -0.35  -0.06  -0.41  -0.20  -0.75  -1.50  -1.66  -1.33  -2.03  -2.21   
2000 -2.37  -2.63  -2.47  -2.39   0.35   1.70  -0.77  -1.76  -1.87  -2.31   1.56   1.72   
2001 1.81   3.03   3.12   2.18   2.46   2.23   1.34   1.24   1.56   2.45   2.30   3.11   
2002 2.58   1.96   3.19  -0.41  -0.19  -0.69  -0.95  -1.55  -2.07  -1.34  -1.71  -0.93   
2003 -1.61  -0.55  -1.19  -1.79  -1.76  -0.86  -0.91  -1.20  -1.06  -1.59  -1.57  -1.83   
2004 -1.71  -1.21  -1.49  -1.59  -0.05   0.88   0.86  -0.11  -0.83   0.68   1.28  -0.48   
2005 -0.09  -0.48  -0.84  -1.20  -1.68  -2.09  -2.38  -2.72  -2.34  -3.02  -3.41  -4.27   
2006 -4.45  -4.67  -3.74  -3.81  -3.82  -3.80  -3.62  -3.64  -3.53  -3.16  -3.33   0.13   
2007 1.38  -0.43  -1.13  -1.21  -1.24   0.40   1.16  -0.36  -0.32  -0.36  -1.00  -1.05   
2008 -1.36   0.25   1.03   1.61  -0.28   0.27  -0.72   1.27   2.49   2.91  -0.17  -0.45   
2009 -0.75  -1.33   0.18   0.23   2.05   1.20   2.06   2.40   4.01   7.28   6.08   6.21   
2010 5.60   5.42  -0.65  -1.02  -1.27  -1.28  -1.35  -2.02  -2.27  -2.54  -2.71  -3.27   
2011 -3.74  -3.52  -4.22  -2.81  -2.02  -2.70  -3.44  -3.97  -4.07  -4.15  -3.35  -2.58   
2012 -2.42  -2.41  -2.04  -2.22  -2.92  -3.28  -3.51  -3.31  -2.99  -3.08  -3.56  -3.80   
2013 -3.44  -3.07 -99.99 -99.99 -99.99 -99.99 -99.99 -99.99 -99.99 -99.99 -99.99 -99.99   
