1895 0.49  -0.50  -0.08  -0.99  -0.90   0.65   1.75   2.03  -0.82  -1.09  -1.14  -2.04   
1896 -1.68  -1.52  -1.09  -1.59  -2.70  -3.42  -4.54  -4.96  -4.89  -4.24  -4.05  -4.67   
1897 -3.81  -3.98  -2.93  -3.15  -3.54  -3.70  -3.81  -3.63  -4.01  -3.92  -4.13  -3.23   
1898 -2.11  -2.58  -2.99  -3.16  -3.32   0.11   0.15   0.60   1.24   1.67   1.55  -0.69   
1899 0.77  -0.45  -0.98  -1.40  -1.69  -1.95  -1.59  -2.04  -2.56  -2.66  -3.30  -3.39   
1900 -3.53   0.14  -0.19   0.62   0.37   1.31   1.68   1.84   0.04  -0.11  -0.28  -0.61   
1901 -0.98  -1.28  -1.28  -1.33  -1.63  -2.28  -2.63  -2.79  -2.68  -2.83  -2.95  -2.86   
1902 -2.48  -2.47  -2.37  -2.67  -3.12  -2.81  -2.35  -2.57   0.73   0.64   0.84   1.13   
1903 0.84   2.20   2.10  -1.03  -0.87  -1.02   0.17   0.59  -0.54  -0.79  -1.76  -2.03   
1904 -2.29  -2.42  -2.27  -2.41  -2.54   0.74   1.27   1.51  -0.44  -0.87  -1.48   0.34   
1905 0.61   0.42   0.39   1.20   1.88   2.47   3.60   3.65   2.76   2.62   2.25   2.74   
1906 2.52   1.71   1.88   1.01   0.95   0.94   1.85   2.52   2.92   2.70   2.88   3.10   
1907 2.62   2.12   1.00   1.39   3.14  -0.04  -0.65  -0.98  -1.36  -1.22  -0.42  -0.83   
1908 -0.80  -0.62  -1.22   0.37   0.70   0.26   0.22   0.77   1.45  -0.67  -0.72  -1.21   
1909 -1.94  -1.50  -1.73  -1.67  -0.96  -0.87  -1.36  -2.02  -2.60  -2.74  -3.19  -2.63   
1910 -2.77  -2.53  -3.30   0.18   0.54   0.99   1.65   1.96  -1.01  -0.60  -1.46  -1.31   
1911 -2.02  -1.86  -2.40   1.68  -0.87  -1.33   0.41   1.74  -0.81  -1.22  -1.40   1.02   
1912 -0.12  -0.31   0.61   1.49   0.77   1.34   1.14   1.32  -0.79  -1.05  -1.68  -1.80   
1913 1.02   0.00  -0.28  -0.17  -0.47  -1.05  -0.85  -1.57   2.63   3.18  -0.64  -0.41   
1914 -1.26  -1.05  -0.65  -0.51  -0.52  -1.39  -1.81   1.40  -0.79  -1.22  -1.41   0.76   
1915 0.85  -0.08  -0.09  -0.32  -0.59  -0.55  -0.88   2.26   1.22   0.96   1.05   1.39   
1916 1.89  -0.71  -1.68  -1.72  -1.73  -1.46  -1.43  -1.53  -1.51  -1.62  -2.06  -2.40   
1917 -2.29  -2.56  -2.25  -1.95  -2.12   0.25   0.76   1.23  -0.55  -0.74  -1.42  -2.31   
1918 -2.14  -2.71  -3.60  -2.39  -3.12  -3.32  -3.88  -3.74  -3.25  -3.13  -2.91   0.22   
1919 0.22   0.10   0.46   0.15   0.65   0.91   0.53   0.86   0.34   1.93   2.33   1.78   
1920 2.50   1.55   1.08   1.30   1.86   1.71   1.97   2.69  -0.22   0.22  -0.39   0.44   
1921 -0.73  -0.77  -0.78   1.13  -0.77  -0.86  -1.25  -1.12  -2.14  -2.70  -2.50  -2.85   
1922 -2.74  -2.17  -1.03  -0.76  -0.56  -0.73  -0.66  -1.17  -2.08  -2.43  -2.56  -2.61   
1923 0.20   0.81   0.76   1.48   2.15   2.31   2.37   2.13   2.81   2.44   2.00   2.71   
1924 -0.02  -0.32  -0.63  -0.31  -0.16  -0.71  -1.52  -2.19  -2.08  -2.86  -3.44  -3.64   
1925 -3.47  -3.53  -4.14  -4.73  -4.87  -5.46  -4.89  -5.12   0.13   1.26   1.68  -0.60   
1926 -0.18  -0.97  -0.10  -0.57  -0.93  -1.43  -1.54  -0.99  -1.65   0.41   0.18   1.50   
1927 1.36   0.85   1.25   2.79   2.40   2.91   2.84   3.50  -0.13  -0.39  -0.84  -0.84   
1928 -1.39  -1.67  -2.05   1.30   0.90   2.00   2.03   2.21  -0.84  -0.60  -0.59  -0.45   
1929 -0.26  -0.12  -0.74  -0.74  -0.55  -0.79  -0.97  -1.79  -1.96  -1.84  -1.90  -1.90   
1930 1.19  -0.17  -0.66  -1.64   1.40  -0.93  -2.08  -2.56  -2.44  -1.59  -1.25  -1.61   
1931 -2.09  -1.97  -1.95  -2.45  -2.57  -2.63  -1.84  -1.42  -2.08  -2.47   0.48   2.30   
1932 3.74   3.68   3.40  -0.59  -1.35  -1.25  -1.12  -1.88  -2.26  -2.41  -2.83  -1.95   
1933 -2.10  -1.33  -1.30  -1.30  -1.40  -1.73  -0.93  -0.56  -1.18  -1.47  -2.17  -1.73   
1934 -1.74  -1.94  -0.99  -1.12  -1.30  -1.57  -2.27  -3.03  -2.76  -3.52   0.43   0.57   
1935 0.96  -0.25  -0.86   0.33   0.81   1.24  -0.48  -1.06  -0.89  -0.80  -0.80  -1.11   
1936 -1.69  -2.24  -2.79  -3.19  -3.29  -3.91  -3.60  -4.41  -4.77  -4.20  -4.09   0.21   
1937 2.29  -0.50  -0.71  -1.26  -1.77   0.24   0.61   0.81   0.74   1.09   1.69   2.07   
1938 2.36  -0.09  -0.32  -0.04  -0.45  -0.27  -0.09  -0.43  -1.10  -1.83   0.21  -0.27   
1939 0.61   2.32  -0.23   0.22  -0.42  -0.57  -0.69  -0.91  -1.77  -2.42  -2.21  -2.44   
1940 -2.85  -2.80  -3.09   0.40   0.17   0.55   1.93   2.60   1.97   1.35   2.00   2.06   
1941 -0.27   0.02   0.15   0.32  -0.39   0.01   0.56  -0.19  -0.51  -0.05  -0.31  -0.53   
1942 -0.95  -1.32  -1.38   1.17   1.06   1.15  -0.78  -0.17  -0.15  -0.50  -1.26  -1.49   
1943 -1.82  -2.66  -1.53  -1.88  -2.04  -2.35  -2.89  -3.76  -3.39  -3.16  -3.62  -3.84   
1944 -3.66   1.26   1.65   1.80   2.72  -0.71  -1.46  -0.88  -1.18  -2.01  -0.04   1.55   
1945 1.13   1.51   2.45   2.85   2.56   3.29   3.89   4.20   4.19   3.99   3.62   3.05   
1946 3.92   3.68   3.50   2.97   3.81  -0.59  -0.67  -0.96  -1.57  -1.65  -0.68  -1.07   
1947 -1.19  -1.70  -1.33  -0.84  -0.69  -0.67  -1.42  -1.42  -1.57  -1.51   0.36   0.09   
1948 0.35   0.92   1.50  -0.41  -0.17  -0.94  -1.34  -1.17  -1.88  -1.99   0.89   0.40   
1949 1.45  -0.45  -0.34  -0.47  -0.68  -0.72   0.05   0.31   0.26   1.86   0.76   0.66   
1950 1.46   1.89   2.25   1.77   1.88   1.25   1.59   3.09   4.33  -0.27  -0.80  -1.36   
1951 -0.53  -0.63  -1.22  -0.97  -1.69   0.46   1.12  -0.42   0.51  -0.22  -0.21  -0.10   
1952 -0.30  -0.16  -0.26   0.00  -0.02  -0.99  -1.59  -1.94  -2.22  -2.65   0.51   0.41   
1953 0.41   0.19   0.35   1.25   2.42  -1.00  -0.68  -1.40  -2.02  -2.56  -2.95  -3.00   
1954 -2.21  -2.86  -3.45  -3.20  -2.54  -3.19  -3.84  -4.70  -4.75  -4.08  -4.27  -4.13   
1955 -4.20  -3.53  -3.15  -2.98  -2.51  -2.51  -2.20  -1.99  -2.10  -1.93  -2.28  -2.86   
1956 -2.98  -1.68  -1.99  -2.07  -2.62  -2.47  -2.61  -2.92  -3.12  -3.19  -2.91  -3.43   
1957 0.27   0.40   0.61   2.38   2.27   2.55   2.02   1.53   2.28   3.12   4.22   3.56   
1958 3.10   2.20   1.83   3.40   3.76   4.31   3.84   3.84   4.69  -0.44  -0.50  -1.24   
1959 -1.66  -1.21  -1.44  -1.33  -1.69   0.62   1.12   1.16   1.23  -0.01  -0.55  -0.15   
1960 -0.14  -0.03  -0.04  -0.76  -0.97  -0.71  -1.30   0.46   0.50   0.47  -0.57   0.69   
1961 0.02   0.35   1.00  -0.44  -0.67   0.07   1.26   1.82   2.02   2.02   2.32   3.05   
1962 3.21   2.96   2.52   2.02   1.19   1.63   1.28   1.08   1.81   1.93  -0.32  -0.96   
1963 -1.55  -2.01  -2.19  -2.10  -2.74  -2.83  -2.15  -2.22  -2.43  -3.25  -3.00  -2.77   
1964 -3.06  -3.22  -2.70  -1.31  -2.12  -2.76  -3.25  -2.94  -2.01  -2.35  -2.76  -2.54   
1965 -2.19  -1.25  -0.76  -1.72  -1.87  -1.80  -2.12  -1.83  -0.68  -1.29  -2.04  -2.59   
1966 -2.78  -2.20  -3.11  -1.50  -1.36  -1.98  -2.32  -0.93  -1.00  -0.77  -1.49  -1.43   
1967 -1.94  -2.27  -2.95  -0.03   0.80  -0.31  -0.09  -0.32  -0.09  -0.21  -0.86   0.40   
1968 1.08  -0.52   0.27   0.42   1.90   1.75   1.69   1.71   2.26   2.14   1.90   1.88   
1969 1.61   1.70   1.84  -0.49  -0.54  -0.53  -0.71  -0.97  -1.38   0.08   0.49   0.93   
1970 0.06   0.17   1.03   1.20  -0.14  -0.52  -0.54  -0.36  -0.68  -0.34  -0.63  -1.10   
1971 -1.46  -1.67  -1.83  -2.27  -2.13  -2.35   1.68   2.47  -0.32  -0.64  -0.96  -0.92   
1972 -0.52  -1.51  -1.55  -2.20  -2.49  -2.40  -2.15  -2.06  -1.91   0.94   1.93   2.39   
1973 2.35   1.96   3.01   3.82   3.26   3.23   3.63   3.31   4.06   4.26   4.35   4.41   
1974 4.82   3.84   2.51   2.59   2.11   4.01   3.91   5.85   7.55   6.99   6.91   5.97   
1975 5.23   5.25   5.29   4.51   4.68   4.67   4.39   4.54  -0.14  -0.55  -0.89  -1.54   
1976 -1.59  -1.88  -1.11  -1.86   0.32   1.20   1.02   0.73   1.24   1.52  -0.44  -0.85   
1977 -0.87  -1.13  -0.81  -0.70  -1.44  -1.48  -1.49  -1.30  -1.40  -2.03  -1.85  -2.39   
1978 -1.66  -1.98  -2.27  -2.52  -1.75  -1.79  -2.17  -1.73  -2.20  -2.49   0.17   0.75   
1979 1.38   1.42   1.07   1.98   2.80   2.85   3.38   3.43   3.59   3.26   3.12   2.75   
1980 2.67   1.87   2.42   2.44   2.66  -0.63  -1.44  -2.47  -1.15  -1.02  -0.94  -1.60   
1981 -2.19  -2.24  -2.32  -3.04   1.14   1.30   1.88   1.85   1.52   2.16  -0.72  -1.55   
1982 -1.27  -1.17  -2.18  -2.12  -2.31   0.97  -0.15  -0.17  -0.81   0.51   1.03   2.70   
1983 1.57   2.00   1.46   1.33   1.78   1.89  -0.56  -0.76  -0.94  -1.22   0.10   1.05   
1984 -0.46   0.24   0.46   0.25   0.49   0.54   0.83   2.39   2.30   4.54   4.21  -0.53   
1985 -0.67  -0.78  -0.59  -0.73  -1.27  -1.53  -1.55  -1.81   0.28   1.49  -0.11  -0.02   
1986 -1.00  -1.13  -1.68  -1.37  -1.70   1.49   0.73   0.62   0.68   1.43   2.53   2.43   
1987 1.80   2.68  -0.82  -1.78  -1.77  -1.86  -2.08  -2.74  -2.68  -2.82   1.70   2.84   
1988 -0.32  -0.78  -0.85  -1.14  -1.73  -2.23  -2.20  -2.39  -2.37   0.66   1.69   1.51   
1989 1.48   2.40   2.56   1.67   1.94   3.24   4.57   4.14   3.49   2.70   1.79   1.03   
1990 1.30   1.86   3.31   3.11   3.78   3.44   2.58   1.93   1.59   2.66   2.29   2.27   
1991 2.34   2.43   1.76   4.05   3.88   3.04   2.62   2.36   2.19   2.35   2.04   2.44   
1992 1.96   1.84   1.93   1.29   0.94   1.97   2.12   1.86   1.85  -0.26   0.04   0.18   
1993 0.23  -0.59  -0.75   0.43   0.44   0.70  -0.82  -0.84  -1.04   0.71   0.67   0.99   
1994 1.30   1.28   0.01  -0.76  -0.51  -0.78   0.96   1.52   0.96   1.84   1.46   1.51   
1995 1.74  -0.44  -0.73  -0.46  -0.62  -0.52  -0.60  -1.10  -1.23  -1.75  -2.36  -2.20   
1996 -2.44  -2.88  -2.69  -2.53  -2.84   0.21   0.98   1.74   1.82   1.75   2.09   1.66   
1997 1.62   2.00   2.29   4.04   3.69   3.80   2.93   2.82   2.03   2.16   1.99   1.87   
1998 2.35   2.31   2.13  -0.58  -1.25  -1.95  -2.52  -2.40   0.88   0.88   0.40   0.72   
1999 1.76  -1.07   0.38   0.39   0.27   0.83  -0.58  -1.17  -1.53  -1.63  -2.44  -2.82   
2000 -3.32  -3.68  -3.15  -2.73  -1.68  -0.91  -1.51  -2.40  -2.19  -2.61   1.40   1.72   
2001 1.85   3.23   3.23   2.46   3.23   3.08   2.44   2.36   2.43   3.44   3.41   4.23   
2002 3.43   2.60   3.86   2.80   3.46   2.74   2.52   2.21   1.80   1.89   1.34   2.21   
2003 1.02   2.08  -0.80  -1.35   0.18   1.60   1.42   1.29   1.52  -0.39  -0.68  -1.16   
2004 -1.22   0.79   0.97   0.75   1.45   2.68   2.75   2.73   1.86   2.87   3.78  -0.05   
2005 0.12  -0.54  -1.04  -1.08  -1.29  -1.79  -1.63  -1.83  -1.33  -2.01  -2.34  -3.21   
2006 -3.06  -2.81  -2.45  -2.83  -3.00  -3.11  -3.35  -3.54  -3.10  -2.80  -3.07   0.39   
2007 1.30  -0.44  -1.18  -1.01  -1.06  -1.21   1.18   0.78   0.79   1.23  -0.45  -0.22   
2008 -0.75  -0.61  -0.69  -0.23  -0.52  -0.41  -1.10   2.35   4.08   4.35   3.61   3.32   
2009 2.59   1.71   1.80   1.72   3.96   2.97   4.02   3.86   5.39   9.08   7.60   7.96   
2010 -0.04  -0.01  -0.71  -1.34  -1.65  -2.04  -2.39  -2.60  -3.14  -3.39  -3.16  -3.86   
2011 -4.11  -4.13  -4.69  -3.27  -2.97  -3.60  -4.01  -3.71  -3.72  -3.76  -3.43  -2.34   
2012 -2.57  -2.67  -2.01  -2.07  -3.05  -3.71  -3.58  -2.55  -1.77  -1.64  -2.21  -2.27   
2013 -2.03  -1.95 -99.99 -99.99 -99.99 -99.99 -99.99 -99.99 -99.99 -99.99 -99.99 -99.99   
