1895 0.42  -0.58  -0.10  -0.83  -1.20   0.54   1.35   1.50  -0.75  -0.90  -1.17  -2.16   
1896 -2.07  -1.49  -1.07  -1.50  -2.40  -2.73  -3.92  -4.21  -4.27  -3.55  -3.67  -4.49   
1897 -4.20  -4.20  -3.11  -3.10  -3.70  -4.02  -4.08  -3.83  -4.45  -4.18  -4.37  -3.19   
1898 -2.05  -2.51  -3.29  -3.34  -3.40  -3.03  -2.87   0.47   1.94   2.31  -0.10  -1.06   
1899 -0.35  -0.64  -0.94  -1.38  -1.63  -1.79  -1.63  -1.88  -2.47  -2.60  -3.18  -3.05   
1900 -3.24   0.33  -0.40   0.72   0.25   1.74   1.96   0.02  -0.52  -0.61  -0.95  -1.25   
1901 -1.52  -1.64  -1.77  -1.60  -1.78  -2.37  -2.77  -2.39  -2.11  -2.21  -2.45  -2.12   
1902 -1.95  -1.97  -1.77  -2.08  -2.53  -2.48  -2.18  -2.23   0.58   0.51   0.40   0.66   
1903 0.29   1.81  -0.08  -0.96  -0.51  -0.68  -0.55  -0.03  -0.49  -0.78  -1.66  -1.81   
1904 -2.11  -2.35  -2.28  -2.45  -2.73  -1.95  -1.24  -0.90  -1.41  -1.81  -2.30   0.46   
1905 0.69   0.92   0.58   1.20   1.87   2.17   3.13   3.48   3.22   3.08   2.46   2.84   
1906 2.34   1.37   1.59   0.76   0.88   0.77   1.51   1.77   3.01   2.87   2.59   2.68   
1907 -0.53  -0.58  -1.55   0.55   2.29  -0.11  -0.76  -1.05  -1.30  -1.10  -0.58  -1.11   
1908 -1.07  -0.61  -1.32   0.15   0.45   0.46   0.36   1.02   1.27  -0.70  -1.06  -1.55   
1909 -2.39   0.44   0.05   0.14   1.20   1.45  -0.47  -1.18  -1.20  -1.45  -2.02  -1.55   
1910 -1.79  -1.55  -2.75  -2.53   0.38   0.90   1.77   2.08  -0.59  -0.27  -1.12  -0.99   
1911 -1.62  -1.81  -2.59   1.46  -0.81  -1.29   0.20   1.57  -0.50  -0.80  -0.96   1.30   
1912 -0.27  -0.55   0.30   1.37   0.83   1.28   1.16   1.38  -0.57  -0.90  -1.51   0.36   
1913 1.15   1.14  -0.33  -0.20  -0.34  -0.96  -0.79  -1.38   2.90   3.29  -0.69  -1.10   
1914 -1.99  -1.76  -1.43  -1.25  -1.83  -2.64  -2.99   0.99   0.89  -0.55  -0.89   0.72   
1915 0.69   0.70  -0.13  -0.70  -0.58  -0.29  -0.59   1.68  -0.63  -0.54  -0.55   0.36   
1916 0.82  -0.61  -1.66  -1.77  -1.63  -1.27  -0.99  -0.98  -0.98  -1.00  -1.51  -1.70   
1917 -1.51  -1.52   0.30   0.35  -0.44   0.01   0.45   0.77  -0.43  -0.63  -1.34  -2.23   
1918 -1.86  -2.45  -3.56  -2.49  -3.19  -3.48  -3.96  -3.73   0.26   0.49   0.37   0.32   
1919 0.37   0.35   0.79   0.61   1.07   1.23  -0.49  -0.06  -0.53   1.43   1.77   1.22   
1920 1.86   1.10   0.58   1.18   1.67   1.54   1.71   2.10  -0.20  -0.10  -0.56   0.54   
1921 -0.57  -0.62  -0.77   1.06  -0.76  -1.07  -1.56  -1.25  -1.98  -2.38  -2.55  -2.90   
1922 -0.05   0.41   1.34   1.21   1.28  -0.28  -0.39  -0.83  -1.72  -1.96  -2.09   0.14   
1923 0.32   0.86   0.76   1.44   2.79   2.94   3.09   3.03   2.98   2.49   1.97   2.57   
1924 0.04  -0.25  -0.66  -0.34  -0.32  -0.72  -1.64  -2.28  -2.34  -3.01  -3.64  -3.58   
1925 -3.16  -3.18  -3.98  -4.56  -4.66  -5.16  -4.66  -4.89  -4.42  -2.68  -2.17  -2.69   
1926 -2.04  -2.54  -1.82  -2.01  -2.26  -2.53  -2.75  -2.05  -2.74   0.34   0.11   1.47   
1927 1.16   0.97   1.36   2.44   2.30   2.67   2.37   2.97  -0.30  -0.60  -1.00  -0.83   
1928 -1.35  -1.75  -2.09   1.27   0.95   2.38   2.29   2.34  -0.84  -0.68  -0.71  -0.88   
1929 -0.77  -0.39  -0.92  -0.94  -1.17  -1.23  -1.50  -2.14  -2.32  -2.11  -1.92  -1.94   
1930 -1.09  -1.28  -1.76  -2.59  -0.72  -1.54  -2.66  -2.94  -2.29  -1.51  -1.18  -1.67   
1931 -2.11  -2.41  -2.52  -2.85  -2.82  -3.03  -1.99  -1.70  -2.57  -2.62  -0.01   2.63   
1932 4.24   4.00  -0.28  -0.70  -1.27  -1.36  -1.48  -2.08  -2.02  -2.12  -2.19   1.19   
1933 0.53   0.91   0.88   0.88  -0.27  -0.96   0.99   1.02  -0.46  -0.84  -1.67   0.24   
1934 -0.27  -0.34   0.73  -0.65  -1.03  -1.08  -1.77  -2.38  -1.87  -2.37   1.10   1.04   
1935 1.55  -0.44  -0.89  -0.35  -0.38  -0.08  -0.59  -1.38  -1.45  -1.54  -1.26  -1.75   
1936 -1.92  -2.35  -2.91  -3.28  -3.77  -4.53  -3.20  -3.65  -4.33   0.14   0.26   0.47   
1937 2.18  -0.52  -0.83  -1.44  -2.03  -1.62  -1.75  -1.39  -1.46   0.81   0.99   1.15   
1938 1.14  -0.33  -0.46  -0.23  -0.63  -0.33  -0.54  -0.37  -0.97  -1.60  -1.70  -2.09   
1939 1.03   2.11   1.67   1.69   1.59   2.16  -0.21  -0.61  -0.99  -1.63  -1.76  -1.91   
1940 -2.27  -2.03  -2.33   0.86   0.61   0.98   2.42   2.87   2.68   2.27   2.60  -0.16   
1941 -0.50  -0.73  -0.64  -0.62  -1.45  -1.62   0.50  -0.27  -0.58   0.77  -0.44  -1.10   
1942 -1.67  -1.97   0.08   1.06  -0.18   0.26  -0.76  -0.80  -0.92  -1.31  -2.10  -1.77   
1943 -2.13  -2.67  -1.61  -2.26  -2.34  -2.82  -3.64  -4.20  -3.62  -3.61  -3.79  -3.91   
1944 -3.72   1.09   1.89   1.95   2.51  -0.79  -1.58  -1.13  -1.47  -2.16  -2.08   1.33   
1945 0.99   1.27   1.87   2.27   1.90   2.27   2.48   2.90   3.39   3.52   3.14   2.59   
1946 3.67   3.47   3.36   2.41   3.18   2.68   3.03  -0.29  -0.88  -1.08  -0.49  -0.79   
1947 -0.65  -1.12  -0.03   0.33   0.41   1.21  -0.49  -1.26  -1.21  -1.38   0.64  -0.37   
1948 -0.52   0.74   1.01  -0.48  -0.54  -0.98  -0.71  -0.18  -0.83  -1.15   1.04  -0.50   
1949 0.76   0.17   0.50   0.40   0.27   0.41   0.53   1.00   1.03   2.78   1.43   1.25   
1950 1.94   2.15   2.59   2.45   2.20   1.98   2.25   4.08   4.41  -0.42  -0.92  -1.24   
1951 -0.12  -0.60  -0.99  -1.23  -1.95   0.58   1.43  -0.30   0.29  -0.36  -0.62  -0.24   
1952 -0.26  -0.40  -0.22  -0.22  -0.44  -1.54  -2.31  -2.71  -2.42  -2.76  -2.48  -2.54   
1953 -2.67   0.26   0.77   1.64   3.25  -0.91  -1.02  -1.63  -2.29  -2.72  -2.84  -2.68   
1954 -2.08  -2.64  -3.34  -2.98  -2.21  -2.79  -3.35  -4.17  -4.26  -4.13  -4.20  -4.28   
1955 -4.33  -3.59  -3.10  -2.67  -2.36  -2.12  -2.01  -1.76  -2.10  -1.95  -2.22  -2.62   
1956 -2.66  -1.13  -1.35  -1.35  -1.78  -1.85  -2.14  -2.68  -2.89  -2.57  -2.35  -2.62   
1957 0.78   1.10   0.81   1.62   1.58   2.09   2.18   1.97   3.20   3.43   4.69   3.84   
1958 3.22   2.45   2.00   3.34   4.54   4.90   4.90   4.82   7.25  -0.36  -0.35  -1.10   
1959 -1.37  -1.15  -1.25  -1.23  -1.46  -1.34  -0.93  -0.59  -0.53  -0.75  -1.07  -1.01   
1960 -1.00  -0.95  -0.71  -1.31   0.01   0.29  -0.44   0.42   0.45   0.54  -0.43  -0.06   
1961 -0.77   0.91   2.12   1.61   1.63   1.59   2.02   2.47   2.09   1.72   2.43   3.25   
1962 3.16  -0.26  -0.64  -0.87  -1.13  -0.23  -0.70  -0.74  -0.45  -0.49  -1.08  -1.67   
1963 -2.25  -2.55  -2.73  -2.46  -2.86  -2.69  -1.64  -1.50  -1.87  -2.63  -2.53  -2.41   
1964 -2.61  -2.90  -2.59  -1.21  -1.93  -2.56  -3.00  -2.80  -2.36  -2.59  -2.65  -2.25   
1965 -2.23  -1.66  -1.19  -2.12  -2.29  -2.38  -2.48  -2.35  -0.78  -1.35  -2.11  -2.66   
1966 -2.78  -1.45  -2.54  -2.02  -1.98  -2.54  -2.82  -1.88  -1.79  -1.22  -1.83  -1.63   
1967 -2.23  -2.27  -3.14  -3.18   1.03   0.82   1.21  -0.21  -0.39  -0.79  -1.36   0.30   
1968 0.96   0.44   0.42   1.08   1.70   1.35   1.22   1.01   2.09   2.04   2.11   2.00   
1969 -0.41  -0.37  -0.56  -0.82  -1.02  -1.03   0.28   0.70   0.21   0.04   0.41   0.87   
1970 0.08   0.00   0.72   1.03  -0.41  -0.74  -0.75  -0.53  -0.93  -0.27  -0.73  -1.09   
1971 -1.39  -1.55  -1.68  -1.93  -1.59  -1.85   0.65   1.07  -0.44  -1.08  -1.47  -1.45   
1972 -0.99  -1.91  -1.78  -2.00  -2.50   0.25   0.29   0.33   0.10   0.62   1.87   2.42   
1973 2.46   2.09   3.44   4.30   4.01   3.35   3.46   2.81   3.00   3.17   3.30   3.00   
1974 3.62   2.94   1.77   1.97   1.86   3.09   3.09   4.23   5.14   4.73   4.21   3.79   
1975 3.32   3.87   4.43   4.28   4.60   4.96   4.60   5.35   4.97  -0.18  -0.22  -0.79   
1976 -0.82  -1.00  -0.47  -1.27  -1.19  -0.70  -0.60  -0.93  -0.67  -0.16  -0.53  -0.67   
1977 -0.77  -1.42  -1.17  -1.00  -1.79  -2.01  -1.94  -2.25  -2.03  -2.11  -1.79  -2.18   
1978 -1.64  -2.03  -2.59  -2.81   1.20   1.08  -0.70  -0.39  -0.87  -1.08   0.06   0.59   
1979 1.53   1.51   1.38   2.47   3.50   3.67   3.87   4.10   4.26   4.01   4.17   3.34   
1980 2.98   2.11   3.23   3.19   3.30  -0.54  -1.44  -2.40  -1.32  -1.03  -1.13  -1.93   
1981 -2.47  -2.61  -2.43  -3.29  -2.40  -2.12  -1.99  -1.69  -1.24  -0.59  -1.14  -1.88   
1982 -1.78  -1.57  -2.48   0.59   0.02   0.64   0.69   1.12   0.71   1.50   1.65   3.82   
1983 2.73   3.05   2.33   2.37   3.02   3.02   2.33   1.32   1.33   0.72   1.16   2.24   
1984 1.61   1.76   1.65   1.58   1.81   2.11   1.83   3.07   2.63   4.67   4.31  -0.91   
1985 -0.98  -0.96  -1.16  -1.59  -2.21  -2.41  -2.37   0.10  -0.12   1.71  -0.49  -0.63   
1986 -1.51  -1.86  -2.48  -2.70  -2.67  -1.85  -2.34  -2.43  -2.80   0.58   2.11   1.97   
1987 1.39   2.45  -0.36  -1.12  -1.01  -1.03  -1.50  -1.97  -2.02  -2.34   1.51   1.78   
1988 -0.28  -0.67  -0.40  -0.72  -1.58  -2.10  -1.74  -1.92  -2.00   0.49   0.95   1.05   
1989 1.48   2.39   2.08   1.32   1.69   3.58   5.42   5.30   4.88   3.96   3.30   2.65   
1990 2.86   3.51   4.36   4.09   4.19   3.37   2.19   1.66   1.25   1.89   1.66   2.33   
1991 1.74   3.10   2.36   5.56   5.58   4.65   3.61   3.23   2.81   3.38   2.86   3.02   
1992 2.45   2.20   2.17   1.45   0.78   1.84   2.02   2.44  -0.15  -0.50  -0.49  -0.70   
1993 -0.77  -1.19  -1.56   0.73  -0.16  -0.19  -0.75  -0.73   0.14   0.28   0.24   0.27   
1994 1.11   1.29   1.24   0.56   0.65   0.56   1.30   1.21   1.07   1.73  -0.38  -0.48   
1995 -0.27  -0.42   0.14   0.60  -0.35  -0.43  -0.37  -0.98  -1.53  -1.80  -2.23  -1.69   
1996 -1.91  -2.29  -2.15  -1.67  -2.33  -2.20   0.17   0.35   0.95   0.92   1.11   0.80   
1997 0.95   1.21   1.40   2.26   2.48   2.88  -0.62  -0.78  -1.06  -0.71  -0.94  -0.99   
1998 -0.26  -0.37  -0.64  -0.97  -1.40  -2.14  -2.28  -2.77  -2.76  -3.05  -3.10   0.31   
1999 1.97  -1.03  -0.92  -0.88  -0.90  -0.61  -1.33  -2.12  -2.24  -2.45  -2.90  -2.94   
2000 -3.29  -3.62  -3.30  -2.56  -2.03  -1.49  -2.07  -3.12  -2.94  -3.29   1.37   1.58   
2001 1.68   2.82   2.59   1.92   1.77   1.50   0.69   0.92   0.85   1.86   2.61   3.38   
2002 3.26   2.44   3.50  -0.72   0.69  -0.42  -1.04  -0.99  -1.24   0.64   0.32   1.05   
2003 0.01   0.97  -0.88  -1.40   0.20   1.11  -0.24  -0.69  -0.33  -0.69  -0.70  -1.19   
2004 -1.26   0.83   0.65   0.40   0.79   1.95   2.02   1.85   0.71   1.79   3.34  -0.09   
2005 -0.07  -0.50  -1.06  -1.19  -1.27  -1.49  -1.30  -1.49  -1.09  -1.78  -2.17  -2.76   
2006 -2.22  -1.87  -1.90  -1.99  -2.03  -2.21  -3.06  -3.20  -2.86  -2.22  -2.43  -1.93   
2007 -1.50  -2.10  -3.34  -2.99  -3.05  -3.05   1.66  -0.29   0.00   0.00  -0.62  -0.76   
2008 -1.25  -1.06  -1.46  -0.74  -0.52  -0.69  -1.45   2.14   4.32   3.88   2.94   3.15   
2009 2.42   1.47   1.27   0.91   2.83   1.96   2.55   2.36   3.75   6.93   5.60   5.75   
2010 5.33  -0.25  -1.14  -1.61  -2.05  -2.53  -2.66  -3.03  -3.68  -3.72  -3.39  -4.00   
2011 -4.07  -4.20  -4.86  -3.93  -4.14  -4.52  -4.72  -4.34  -3.72  -3.60  -3.25  -2.13   
2012 -2.59  -2.77  -2.87  -3.01  -3.71  -3.67  -3.67   0.84   1.26   1.71   0.87   0.94   
2013 2.07   1.85 -99.99 -99.99 -99.99 -99.99 -99.99 -99.99 -99.99 -99.99 -99.99 -99.99   
