1895 1.19  -0.74  -1.20   0.00   0.91   1.72   2.30   2.42   2.98   1.84   1.30   1.39   
1896 2.45   1.72   1.64   2.72   2.68   2.30   1.85   1.31   0.97   1.29   1.99   1.91   
1897 -0.79   0.25   0.70  -0.71  -1.32  -1.45  -1.82  -2.07  -2.05  -1.88  -1.68  -2.20   
1898 -3.18  -2.85  -3.79  -4.29  -3.59  -3.50  -3.55  -3.59  -3.01  -3.16  -3.37  -3.73   
1899 -3.31  -3.72   0.84   0.40   0.56   0.73   0.64   0.46   0.15   1.98   2.56  -0.50   
1900 -0.27  -1.07  -1.49  -1.60   0.72   0.72   0.74   0.68   0.60   1.63   2.06  -0.56   
1901 0.65  -0.11  -1.09   0.22   0.42  -0.19  -0.34  -0.64   0.73   0.47   0.62  -0.85   
1902 -1.73   1.52   1.20   1.21   1.48  -0.06   0.10  -0.07  -0.49   0.30   0.83   0.86   
1903 1.07  -0.88  -0.22  -0.42  -0.99  -1.34  -1.64  -1.69  -1.95  -2.36   1.78  -0.82   
1904 -1.44   1.26   3.70   3.45  -0.64  -1.13  -1.41  -1.69   0.82   1.60  -0.22  -0.29   
1905 0.39  -0.75  -0.66  -1.10   1.18   1.15   1.34  -0.16  -0.46  -0.94  -1.40  -1.81   
1906 1.26   1.40   2.98   2.22   4.23   4.72   5.06   4.48   4.05   2.84   2.47   3.26   
1907 3.96   3.68   5.61   4.78   4.23   4.35   4.09   3.77   3.28   2.84   1.89   2.53   
1908 2.58  -0.40  -1.04  -1.50   0.82   0.77   0.88  -0.06  -0.48  -0.06  -0.19  -0.60   
1909 5.59   6.45  -0.30  -1.14  -1.35  -1.69  -1.87  -1.96  -1.89   0.38   1.49   1.83   
1910 2.12   2.02  -0.20  -0.79  -1.18  -1.60  -1.98  -2.19  -2.06  -2.06  -1.33  -2.31   
1911 3.39   2.55   2.54   2.32   2.50   2.24   2.16  -0.11   0.17  -0.44  -0.65  -0.95   
1912 0.82   0.20   0.24   0.81   2.11   2.36   2.54   2.54   3.15   2.68   2.79   2.00   
1913 3.03  -0.93  -1.10  -1.09   0.11   0.32   0.73   0.84  -0.28  -0.90   0.96   1.35   
1914 4.79   4.66   3.12   2.83   2.58   2.82   2.72   2.31   2.46   2.66   1.80   1.96   
1915 3.73   4.79   3.61   2.88   5.71   5.06   4.85   4.42   3.55   2.42   2.55   2.76   
1916 6.41   5.97   5.59   4.53   4.30   3.96   3.94   3.82   3.24   2.99   2.69   3.03   
1917 2.38   2.66  -0.32   0.34  -0.19  -0.46  -0.69  -1.00  -1.12  -2.02  -2.00  -1.86   
1918 -2.62  -1.83  -0.82  -1.35  -1.59  -2.08  -2.43  -2.35   0.60   0.26   0.54  -0.81   
1919 0.25   1.22  -0.01  -0.34  -0.74  -1.15  -1.46  -1.63  -1.42  -1.68  -1.96  -1.79   
1920 -2.85  -3.56   0.56   0.93   0.39   0.36   0.23   0.17   0.59   1.55   2.54   2.94   
1921 4.35   3.70   3.05   2.24   2.91   2.67   2.55   2.13   1.99   1.55   1.58   2.09   
1922 1.50   1.87   1.93  -0.37  -0.05  -0.11  -0.24  -0.50  -0.79   0.33   0.49   1.51   
1923 1.73  -0.95  -2.25  -1.17  -1.37  -1.09  -0.92  -1.02  -1.02  -1.51  -2.19  -2.66   
1924 -2.83  -3.18  -3.68  -3.85  -4.21  -4.53  -4.71  -4.45  -4.26   1.50   1.45   1.13   
1925 0.63   1.25   0.40   0.69   1.62   1.82   2.01  -0.01  -0.11  -0.40  -0.60  -1.13   
1926 0.07   0.95  -1.60   1.03   1.01  -0.30  -0.66  -0.67  -1.03   0.17   2.50   1.59   
1927 1.99   3.19   2.35   2.39   2.31   2.43   2.29   1.90   2.09   2.36   2.95  -0.41   
1928 -0.73  -1.30  -0.24  -0.11  -0.37  -0.70  -0.95  -1.15  -1.30  -1.75  -1.17  -1.13   
1929 -1.64  -2.28  -2.66  -2.00  -2.24  -1.14  -0.83  -0.88  -1.19  -1.93  -2.76  -1.48   
1930 -0.95  -1.04  -1.56  -1.60  -1.02  -1.00  -0.82  -0.91  -0.96  -1.53  -1.71  -2.41   
1931 -2.21  -2.89  -3.12  -3.47  -3.57  -2.96  -3.00  -3.12  -3.17  -2.82  -2.82  -1.63   
1932 -2.17  -2.88  -3.40  -2.95  -2.30  -2.15  -1.94  -1.93  -2.23  -2.76  -2.81  -2.73   
1933 -2.33  -2.92  -2.38  -2.84  -1.60  -1.27  -0.80  -0.79  -0.78  -0.80  -1.75  -0.93   
1934 -1.89  -2.11  -2.96  -3.20  -3.03  -2.82  -2.75  -2.70  -2.62  -2.08  -1.63  -2.20   
1935 -1.93  -2.37  -2.10  -1.09  -1.53  -1.84  -1.98  -1.95  -1.90  -1.89  -2.31  -2.24   
1936 0.74   1.43  -0.99  -1.11  -0.02   0.55   0.72  -0.11  -0.55  -1.41  -2.28  -2.40   
1937 -2.51   0.65   1.00   1.24   0.81   1.57   1.61   1.32   0.83   0.77   1.65   1.34   
1938 1.06   2.70   4.38   0.05  -0.50  -0.89  -1.05  -1.29  -1.24  -1.13  -1.29  -1.68   
1939 -2.05  -2.35  -2.52  -3.15  -2.83  -2.87  -2.84  -2.86  -2.83  -3.14  -3.76   0.56   
1940 1.00   2.61   2.74  -0.42  -0.23  -0.40  -0.62  -0.85  -0.33  -0.15  -0.66   1.15   
1941 1.95   2.42   2.10   2.80   3.16   3.39   3.72   3.50   3.14   2.63   2.18   3.13   
1942 2.65   2.84   1.83   2.67   3.72   3.37   3.32   2.89   2.31   1.57   2.21   2.19   
1943 2.60  -0.71  -0.86  -0.57  -0.54  -0.31  -0.17  -0.17  -0.59  -0.22  -0.78  -1.50   
1944 -1.70  -1.62  -2.15   0.28   0.55   1.04   1.46   1.44   1.01   0.82   1.49  -0.45   
1945 -1.37   0.18   0.53   0.03   0.83   0.75   0.78   0.53   0.16   0.78   1.22   2.03   
1946 -0.77  -0.95  -1.30  -1.87  -2.10  -2.31  -2.28  -2.38  -2.41  -2.50  -1.97  -2.55   
1947 -3.27  -3.58  -2.95  -3.22  -3.49   0.54   0.91   0.82   0.42   1.73  -0.93  -1.77   
1948 -1.90  -2.09   0.07   2.01   2.22   2.41   2.66   2.54   2.85  -0.37  -0.73  -0.50   
1949 -1.63  -1.45  -0.56  -1.30  -1.05  -1.27  -1.42  -1.53  -1.71  -2.03  -2.29  -2.59   
1950 1.01   0.76   1.05   0.74   0.62   0.83   0.86   0.68   0.49   3.04   2.47   2.33   
1951 2.46   2.27  -0.61  -0.81  -0.48  -0.61  -0.64  -0.64  -0.76   0.47   0.86   1.59   
1952 2.30   2.04   1.80   1.21   0.88   1.48   1.67  -0.05  -0.37  -1.21  -1.45   1.58   
1953 2.53   1.33   1.26   1.72   2.67   3.08   3.48   3.80   3.19   2.81   2.89   1.66   
1954 2.72   2.12   2.03   2.26   1.44   1.80   1.68   2.37  -0.03  -0.44  -0.33  -0.15   
1955 -0.78  -1.52  -2.32  -1.23  -1.68  -1.88  -1.89  -1.92  -1.60  -1.88   0.24   2.17   
1956 3.28   3.53  -0.99  -1.32  -1.18  -1.09  -1.02  -1.10  -1.27   0.92  -1.12  -1.74   
1957 -1.96   0.16   0.62   0.41   1.72   1.51   1.61   1.38   2.48   3.57   2.61   2.19   
1958 2.41   4.53   4.53   4.91   4.17   4.22   4.09   0.00  -0.23  -1.01  -1.51  -1.92   
1959 0.75   1.16  -0.75  -1.48  -1.81  -2.24  -2.59  -2.68  -1.32  -1.97  -2.75  -3.00   
1960 -2.91   0.76   1.20   0.92   1.86  -0.09   0.09  -0.19  -0.59  -1.02   0.47  -0.39   
1961 -1.04   0.01   0.71   0.47   0.90   0.92   0.92   0.95  -0.02  -0.29  -0.04  -0.55   
1962 -1.56   0.78   0.76  -0.53  -0.68  -0.99  -1.16   0.70   0.68   2.99  -0.57  -1.04   
1963 -1.63  -1.71   0.47   2.40   2.38   2.17   2.04   1.78   1.31   1.67   2.26  -1.03   
1964 -0.72  -1.83  -2.01  -2.45  -2.31  -1.81  -1.44  -1.40  -1.62  -1.78   0.75   2.44   
1965 2.34  -1.01  -1.92   0.94   0.40   0.27   0.24   0.84  -0.33  -1.11   0.63   0.15   
1966 0.65  -0.43  -0.69  -1.05  -1.52  -1.77  -1.88  -1.80  -1.63  -2.27   0.94   0.84   
1967 1.72  -1.17   0.66   1.68   1.26   1.53   1.46  -0.19  -0.47  -0.56  -0.90  -0.95   
1968 -0.51  -0.63  -0.92  -1.53  -1.47  -1.66  -1.84   1.18   0.78   0.76   0.69   1.52   
1969 2.93   3.25  -0.88  -0.68  -1.07  -1.05  -1.13  -1.31  -1.44  -1.08  -1.67   1.16   
1970 3.23  -0.65  -1.26  -1.55  -1.74  -1.69  -1.77  -1.90  -2.13   0.12   1.52   2.06   
1971 1.68   0.58   1.45   1.37   1.22   1.33   1.41   1.42   1.78  -0.45  -0.23  -0.20   
1972 -0.39  -0.45  -0.57  -0.30  -0.50  -0.40  -0.50  -0.57   0.49   0.53   0.67   0.57   
1973 1.34   0.01  -0.10  -0.73  -1.22  -1.77  -2.14  -2.32   0.73   1.39   3.53   3.33   
1974 3.44   3.02   3.95   3.91  -0.46  -0.68  -0.28  -0.35  -0.82  -1.14  -1.60  -1.40   
1975 -1.81   1.23   3.04   2.92  -0.39  -0.58  -0.58  -0.49  -0.86   1.33  -0.56  -1.30   
1976 -2.52  -2.26  -2.79  -2.38  -2.71  -2.81  -2.68  -1.08  -1.05  -1.76  -2.29  -2.97   
1977 -3.63  -3.77  -3.95  -4.27   0.38  -0.13  -0.34  -0.40   1.63   1.14   1.35   1.50   
1978 2.27   2.26   1.97   2.56   1.97   1.60   1.28   1.20   2.25  -1.00  -1.46  -2.12   
1979 0.08   0.71   0.03   0.08   0.42   0.27   0.32   0.28   0.07   1.22   1.34   0.94   
1980 0.74   1.35  -0.38  -0.17  -0.30  -0.14  -0.02  -0.21  -0.52  -0.93  -1.51  -1.23   
1981 -1.21  -1.49  -1.55  -1.95  -1.84  -1.98  -2.18  -2.34   0.24   0.96   1.97   2.62   
1982 2.40   2.25   2.77   3.72   2.73   2.68   2.38   2.01   1.94   2.62   2.86   2.94   
1983 3.05   4.25   6.42   6.49   5.60   4.84   4.59   5.94   5.42   4.34   5.48   6.08   
1984 -1.55  -1.58  -1.84  -1.53  -1.42  -1.06  -0.89  -0.85  -1.03   0.35   2.15  -0.93   
1985 -2.32  -2.53  -2.21  -2.83  -3.07  -3.21  -3.35  -3.33  -2.59  -2.22  -2.11  -2.51   
1986 0.04   2.47   2.61  -0.48  -0.27  -0.51  -0.77  -1.05   1.91  -0.30  -1.05  -1.41   
1987 -1.44  -1.53  -0.95  -1.67  -2.10  -2.58  -2.58  -2.73  -2.96  -3.40  -3.27  -2.13   
1988 -1.90  -3.03  -4.02  -3.72  -3.19  -2.23  -1.83  -1.86  -2.11  -2.77  -1.64  -2.05   
1989 -2.77  -3.34   1.53   1.00   0.76   0.55   0.26   0.12   0.99   1.33  -0.79  -1.82   
1990 -1.53  -1.73  -2.33  -2.78   2.00   1.92   2.25   2.40  -0.18  -0.67  -1.36  -1.84   
1991 -2.84  -2.92   1.74   1.23   1.12   1.09   1.32   0.05  -0.44  -0.74  -1.23  -1.63   
1992 -2.45  -1.71  -1.86  -1.79  -2.28  -1.61  -1.50  -1.63  -1.88  -1.44  -2.02   0.95   
1993 1.73   1.72   1.19   1.74   2.72   3.16   3.46   3.44  -0.34  -0.86  -1.33  -1.25   
1994 -1.78  -1.61  -2.66  -2.58  -2.20  -2.13  -2.12  -2.23  -2.40  -2.83   0.67   0.16   
1995 2.98   1.62   3.94   4.33   4.28   4.61   4.92   4.49   3.72   2.45   1.30   2.55   
1996 2.93   3.29   2.50   2.84   3.49   3.20   3.26   2.73   2.41   2.06   1.81   3.57   
1997 3.98   2.60   1.47   1.22   0.78   0.93   0.82   1.19   1.31   1.28   1.62   0.78   
1998 2.41   4.56   4.43   4.06   5.14   4.86   4.81   4.22   3.44   2.83   3.76   2.63   
1999 1.90   3.35   3.24  -0.05  -0.34  -0.58  -0.71  -0.67  -1.05  -1.30  -1.07  -1.87   
2000 0.36   1.32  -0.69  -0.64  -0.35  -0.24  -0.27  -0.43  -0.59  -0.25  -0.87  -1.63   
2001 -2.04  -1.81  -2.34  -2.35  -2.71  -2.51  -2.47  -2.47  -2.41  -2.71  -1.53  -0.75   
2002 -1.06  -1.40  -1.73  -2.03  -2.02  -2.19  -2.34  -2.49  -2.73  -3.36  -3.21   2.46   
2003 1.70   0.85   0.62   2.56  -0.08  -0.35  -0.56  -0.58  -0.90  -1.78  -1.68   1.10   
2004 -0.46   0.88  -1.04  -1.35  -1.63  -1.98  -2.24  -2.33  -2.50  -1.58  -2.17  -1.45   
2005 -1.76  -2.23   0.18   0.44   2.09   2.93   3.55   3.21   2.57   1.90   1.69   3.58   
2006 3.43   2.84   4.08   4.68  -0.23  -0.41  -0.67  -0.94  -1.31  -1.91  -1.42  -1.26   
2007 -2.50  -1.58  -2.60  -2.38  -2.47  -2.53  -2.27  -2.34  -2.44  -1.65  -2.36  -2.09   
2008 -0.89  -1.10  -2.00  -2.36  -2.64  -2.96  -3.20  -3.29  -3.46  -3.57  -3.53  -3.43   
2009 -4.52  -3.59  -3.53  -3.78   0.64   0.79   0.76  -0.11  -0.44  -0.10  -0.72  -1.08   
2010 0.64   0.32   0.15   1.51   2.04   2.40   2.67   2.46   2.09   2.81  -0.33   0.37   
2011 -1.23  -1.34   1.45   1.15   1.49   2.25   2.75   2.59  -0.36  -0.17  -0.57  -1.49   
2012 -1.40  -2.27   1.27   1.40  -0.43   0.77   0.71  -0.47  -0.90  -1.05   0.51   1.04   
2013 -1.12  -2.04 -99.99 -99.99 -99.99 -99.99 -99.99 -99.99 -99.99 -99.99 -99.99 -99.99   
