1895 1.61   1.19   0.88   0.87   1.12   1.42   1.57  -0.01   0.02  -0.57  -0.77  -0.96   
1896 1.48   0.63   0.96   2.00   2.79   2.34   2.31   2.21   1.91   1.87   2.31   1.98   
1897 0.99   1.39   1.97  -0.42  -0.79  -0.93  -1.29  -1.53  -1.74  -0.99  -1.12  -1.28   
1898 -2.24  -2.52  -2.99  -3.36  -2.24  -2.25  -2.37  -2.47  -2.37  -2.41  -2.61  -3.37   
1899 -3.09  -3.70   1.32   0.84   1.02   1.02   0.70   0.78   0.34   1.87   2.43   2.38   
1900 -0.11  -0.83  -1.30   0.06   0.42  -0.08  -0.19  -0.37  -0.40   0.86   1.90   1.16   
1901 1.97   2.20  -0.72  -0.30  -0.14  -0.38  -0.57   0.48   0.62   0.77  -0.01  -0.64   
1902 -1.50   0.74   1.10   1.28   1.21  -0.28  -0.29  -0.42  -0.66   0.37   0.90   0.72   
1903 2.02   1.13   1.82  -0.01  -0.23  -0.59  -0.99  -1.18  -1.40  -1.74   1.02  -0.88   
1904 -1.31   1.13   3.30   3.32   2.75   2.03   1.60   1.69   2.10   2.98  -0.34  -0.49   
1905 -0.93  -1.36  -1.59  -2.06  -0.95  -1.10  -1.11  -1.23  -1.21  -1.65  -1.78  -2.37   
1906 1.85   1.72   3.11   2.68   3.85   4.10   4.36   4.03   3.56   2.50   2.07   3.10   
1907 4.34   3.80   6.16   5.18   4.53   4.70   0.02  -0.03  -0.07   0.06  -0.91   0.81   
1908 1.12  -0.23  -0.97  -1.41   0.64   0.62   0.54   0.31   0.49   0.70  -0.27  -1.16   
1909 3.91   4.32   3.70   2.74   2.21   1.62   1.04   0.64   0.71   0.98   1.96   2.69   
1910 3.05  -0.34  -0.78  -1.25  -1.61  -2.17  -2.42  -2.68  -2.25  -2.26  -2.28  -2.53   
1911 3.09   2.47   2.72   2.69   2.68   0.04   0.08  -0.23  -0.26  -0.62  -1.07  -1.67   
1912 -1.59  -2.24   0.04   0.64   1.15   1.22   1.28   1.25   1.38   1.35   1.43  -0.65   
1913 -0.27  -1.03  -1.15  -0.02   0.38   1.26   2.67   3.18   2.94   2.00   2.80   3.45   
1914 7.03   6.51  -1.05  -0.82  -0.87  -0.31  -0.24  -0.43  -0.33  -0.11  -0.89  -1.20   
1915 0.12   1.27   0.52   0.16   1.90  -0.23  -0.13  -0.25  -0.27  -1.00  -1.06   0.27   
1916 3.97  -0.03  -0.17  -0.68  -0.52  -0.69   0.34   0.30   0.13   0.74   0.62   0.95   
1917 0.16   0.52   0.27   0.26   0.82  -0.18  -0.10  -0.24  -0.48  -1.23  -1.55  -2.13   
1918 -3.05  -2.78  -1.69  -1.80  -1.72  -1.81  -2.06  -2.13  -1.13  -1.16  -0.83  -1.42   
1919 -1.92  -1.08  -0.84  -1.22  -1.53  -2.08  -2.63  -2.94  -2.64  -2.59  -3.05  -2.74   
1920 -3.76  -4.36   0.61   0.90   0.47   0.34   0.12   0.24   0.13   1.05   2.21   2.82   
1921 3.67  -0.43  -0.77  -1.07   1.06  -0.06  -0.16  -0.42  -0.55  -0.90  -1.28   0.92   
1922 0.75   1.31   1.37  -0.20  -0.06  -0.21  -0.21  -0.08  -0.56   0.17   0.51   1.59   
1923 1.63  -0.82  -1.84   0.89   0.86   1.33   1.37   1.28   1.48  -0.40  -1.30  -2.11   
1924 -2.89  -3.87  -4.39  -4.41  -5.03  -5.62  -6.13  -6.00  -5.77   1.17   1.13   1.21   
1925 0.78   0.97   0.40   0.62   1.02   1.21   1.49   1.58   1.67   0.00  -0.27  -0.99   
1926 -1.36  -1.08  -2.31  -1.72  -1.78  -2.16  -2.52  -2.58  -2.79  -2.60   2.00   1.43   
1927 1.40   2.11  -0.34   0.26   0.28  -0.27  -0.53  -0.79  -0.88   0.58   1.05  -0.33   
1928 -0.74  -1.27   0.93   0.85  -0.51  -0.80  -1.22  -1.55  -1.84  -2.24  -1.83  -1.94   
1929 -2.19  -2.53  -2.47  -1.87  -2.13  -1.31  -1.30  -1.27  -1.37  -2.01  -2.81  -2.32   
1930 -1.76  -1.94  -2.39  -2.32  -1.21  -1.32  -1.29  -1.12  -0.68  -1.04  -0.97  -1.95   
1931 -2.46  -3.07  -3.34  -3.11  -2.93  -2.42  -2.43  -2.22  -2.16   0.18   0.09   0.90   
1932 0.75   0.87  -0.57  -0.52  -0.62  -0.48  -0.65  -0.84  -0.99  -1.50  -2.26  -2.74   
1933 -2.36  -2.96  -2.86  -2.99  -2.18  -2.07  -2.01  -2.06  -2.28  -1.98  -2.78  -2.40   
1934 -2.86  -3.12  -3.82  -4.32  -4.23  -3.29  -3.34  -3.08  -2.83  -2.59  -2.45  -2.79   
1935 -2.36  -2.64   0.26   2.09  -0.26  -0.72  -0.82  -0.62  -1.07  -1.00  -1.31  -1.66   
1936 0.47   2.11  -0.56  -0.93  -1.22  -0.96  -0.83  -0.72  -0.87  -1.11  -2.00  -1.86   
1937 -1.81  -0.66  -0.86  -0.76  -1.29  -1.39  -1.37  -1.66  -2.00  -2.01   0.13   0.92   
1938 0.48   2.19   4.12   3.70   3.30   3.21   3.22  -0.16  -0.23  -0.07  -0.46  -1.31   
1939 -1.75  -2.15  -2.28  -2.80  -2.73  -2.88  -2.87  -2.98  -2.42  -2.16  -2.94  -3.59   
1940 1.06   2.13   2.23  -0.27  -0.74  -1.30  -1.92  -2.26  -1.88  -1.82  -2.01   0.87   
1941 0.86   0.87   0.19   0.51   0.53   0.83   0.93   1.21   0.97   1.16  -0.52   1.08   
1942 1.32   1.22   0.62   1.02   1.79   1.61   1.56  -0.09  -0.47  -1.07   0.79   0.77   
1943 2.24  -0.48  -0.13  -0.18  -0.41   0.26   0.43  -0.20  -0.66  -0.75  -1.49  -2.09   
1944 -2.47  -2.27  -2.18   0.19  -0.26   0.32   0.54  -0.16  -0.37  -0.66   0.79  -0.36   
1945 -1.13   0.74   0.82   0.42   1.24   1.42   1.62   1.62   1.25   2.49   2.48   2.90   
1946 -0.66  -1.15  -0.87  -1.40  -1.72  -2.15  -1.84  -1.97  -1.94   0.23   1.16  -0.31   
1947 -1.06  -1.55  -1.60  -1.89  -2.23  -2.12  -2.39  -2.44  -2.53  -1.84  -2.24  -2.98   
1948 -3.50  -4.12  -4.00  -2.69  -2.09  -1.42  -1.17  -1.23  -1.15  -1.41  -1.84  -1.74   
1949 -2.38  -2.66  -2.37  -2.98  -2.04  -2.20  -2.46  -2.37  -2.60  -2.77  -2.96  -3.45   
1950 0.69   0.28   0.45   0.37   0.27   0.51   0.42   0.17   0.17   0.87   2.02   2.13   
1951 -0.04  -0.52  -1.24  -1.16  -1.00  -1.15  -1.47  -1.49  -1.88   0.55   0.43   1.23   
1952 2.34   2.11   2.80  -0.38  -0.91  -0.88  -0.24  -0.49  -0.40  -1.23  -1.44  -0.89   
1953 -0.66  -1.48  -1.83   0.34   1.36   1.67   2.06   2.17  -0.43  -0.68  -1.09  -1.77   
1954 -1.96  -2.18  -1.67  -2.06  -2.63  -2.87  -3.33  -3.44  -3.56  -3.90  -3.90  -3.59   
1955 -3.84  -4.03  -4.19  -3.35  -3.00  -2.78  -2.50  -2.54  -2.17  -2.63  -2.58   3.50   
1956 4.34   3.86   2.67   2.25   2.50   2.03   2.00   1.54   1.22   2.48  -0.75  -1.31   
1957 -1.41   0.30  -0.07  -0.27   0.96   0.61   0.44   0.11   0.05   0.46   0.41   0.59   
1958 0.63   1.42   2.38   3.14   2.32   2.44   2.79   3.01  -0.07  -0.69  -1.16  -1.97   
1959 -1.97  -1.29  -2.10  -2.55  -1.94  -2.21  -2.62  -2.80  -1.77  -2.37  -3.19  -3.73   
1960 -3.77  -2.79  -2.44  -2.61  -2.39  -2.72  -2.82  -3.07  -3.25  -3.46  -2.89  -3.14   
1961 -3.90  -4.13  -3.93  -3.58  -2.98  -2.61  -2.57  -1.81  -1.58  -1.40  -1.59  -2.17   
1962 -2.72   1.80   2.20  -0.62  -0.37  -0.71  -0.83  -0.90  -1.13   2.62   2.02   1.42   
1963 1.89   1.83   1.77   3.59   3.72   4.38   4.25   4.04   4.19   3.59   4.14   3.08   
1964 2.81   1.57   1.27   1.00   1.60   1.98   2.26   2.03   1.51   0.75   1.13   4.14   
1965 4.30   3.10   2.15   2.10   1.68   1.86   2.25   3.75   3.67   2.68   3.40   3.29   
1966 -0.68  -1.12  -1.70  -1.93  -2.18  -2.52  -2.74  -2.85  -2.86  -3.27   0.61   1.17   
1967 2.53   1.34   2.80   3.89   3.63   3.82   3.84   3.66   3.51  -0.19  -0.53  -0.78   
1968 -0.76  -0.84  -1.17  -1.55  -1.49  -1.50  -1.48   0.47  -0.33  -0.57   0.09   0.48   
1969 3.45   4.00   3.18   2.82   2.04   2.65   2.46   1.96   1.30   1.67   0.87   1.29   
1970 3.26  -0.60  -1.02  -0.80  -1.16  -0.35  -0.25  -0.51  -0.75  -0.86   0.94   1.56   
1971 -0.29  -0.98   0.84   0.84   2.13   2.31   2.89   2.82   2.84   2.33   2.03   2.44   
1972 -0.44  -0.67  -1.52  -1.07  -1.15  -1.13  -1.41  -1.56   0.61   0.89   1.04   0.87   
1973 1.51   1.48  -0.20  -0.56  -0.63  -1.02  -1.36  -1.18  -1.23   0.03   1.24   1.50   
1974 1.56   0.82   1.68   1.62  -0.54  -1.09   0.74   0.77  -0.49  -0.55  -0.99  -1.33   
1975 -2.01   0.79   1.80   2.40   1.97   1.69   1.45   1.89   1.71   2.79  -0.41  -1.26   
1976 -2.29  -2.68  -2.83  -2.90  -3.22  -3.36  -2.84  -1.62  -0.79  -1.11  -1.89  -2.85   
1977 -3.73  -4.46  -5.00  -5.30  -4.18  -3.54  -3.68  -3.56  -3.40  -3.69  -3.52   0.66   
1978 1.40   1.38   1.07   1.21   0.99   0.77   0.61   0.58   0.79  -0.70  -1.02  -1.58   
1979 -1.60   0.31  -0.29  -0.17  -0.13  -0.40   0.15   0.34  -0.41   0.52   0.16   0.32   
1980 2.05   3.13   2.83   2.56   2.60   2.45   2.86   2.77   2.62  -0.22  -0.88  -1.31   
1981 -1.27  -1.49  -1.24  -1.49  -1.03  -1.27  -1.60  -1.82  -1.77   1.05   3.45   3.97   
1982 4.24   3.97   4.96   6.07   5.10   5.12   4.89   4.68   6.21   7.29   7.75   7.71   
1983 7.30   7.49   8.31   8.39   7.23   6.52   5.72   6.36   6.72   6.16   7.96   8.51   
1984 6.70   5.99   4.96   4.63   3.79   3.63   3.66   3.30   2.76   3.09   3.99  -0.49   
1985 -1.26  -1.42  -0.52  -1.23  -1.71  -2.22  -2.34  -2.56   1.10   0.97   1.78   1.40   
1986 1.03   4.85   4.89  -0.12  -0.23  -0.47  -0.47  -0.73   1.16  -0.60  -1.42  -2.30   
1987 -2.88  -3.09  -3.02  -3.41  -3.05  -2.94  -2.84  -2.89  -3.11  -3.23  -3.39  -2.92   
1988 -2.89  -3.57  -4.16  -3.78  -3.41  -2.80  -2.42  -2.28  -2.40  -3.00   1.00  -0.11   
1989 -0.63  -0.73   1.63   1.10   1.16   1.44   1.11   1.70   2.87   3.30   0.04  -0.97   
1990 -1.18  -0.97  -1.45  -1.47   0.56   0.45   1.14   1.56   1.71  -0.52  -1.02  -1.71   
1991 -2.86  -3.97   2.65   2.39   2.78   2.76   3.26   3.75   3.46   3.78  -0.11  -0.63   
1992 -1.50  -1.34  -1.68  -2.13  -2.47   0.16   0.20   0.40   0.06   0.58  -0.66   1.42   
1993 2.73   3.74   3.22   2.92   2.67   2.93   2.71   2.54  -0.30  -0.17  -0.68  -1.22   
1994 -2.25  -2.08  -2.65  -2.88  -2.14  -2.29  -2.39  -2.61  -2.45  -2.48   0.95   0.54   
1995 2.34   1.29   5.27   6.00   6.86   6.88   6.93   6.41   5.43   4.20   2.83   3.07   
1996 3.81   4.39   4.43   4.31   5.09   4.69   4.65   4.33   3.95   3.72   3.67   5.98   
1997 7.59  -0.81  -1.72  -1.66  -1.99  -1.36  -1.18  -1.29  -1.33  -1.39  -1.45  -1.80   
1998 0.64   2.10   2.22   1.90   2.74   3.37   3.93   3.87   5.02   4.28   4.37   3.62   
1999 3.64   4.11  -0.54  -0.07  -0.31  -0.34  -0.52  -0.10  -0.38  -0.50  -1.16  -2.04   
2000 0.87   1.67  -0.77  -0.94  -0.79  -1.03  -1.36  -1.36  -1.36  -1.10  -1.47  -2.24   
2001 -2.89  -3.32  -3.68  -2.87  -3.31  -3.67  -3.80  -3.86  -3.76  -3.99  -3.16  -2.37   
2002 -2.66  -3.03  -2.62  -2.30  -2.46  -2.71  -2.90  -3.08  -3.26  -3.53  -2.69  -1.46   
2003 -2.16  -2.59  -2.67   1.39   1.21   0.73   0.74   1.16  -0.25  -1.01  -1.25   0.72   
2004 -0.62  -0.19  -1.25  -1.69  -1.70  -1.98  -2.31  -2.33  -2.46   1.10   0.92   1.31   
2005 1.38   0.75   1.09   1.15   2.10   2.23   2.33   2.02   1.65   1.23   0.81   3.87   
2006 3.93   3.82   4.68   5.71  -0.28  -0.62  -1.01  -1.26  -1.62  -1.78  -1.82  -2.31   
2007 -3.18  -2.81  -3.46  -3.14  -3.19  -3.27  -3.47  -3.32  -2.89  -2.55  -3.07  -3.29   
2008 -2.13  -1.84  -2.35  -2.66  -2.15  -2.36  -2.56  -2.75  -2.99  -3.06  -3.15  -2.96   
2009 -3.49  -3.48   0.62   0.19   0.58   0.79  -0.07  -0.20  -0.69   0.71  -0.55  -0.51   
2010 -0.30  -0.68   0.07   0.81   0.91   0.71   0.64   0.56   0.11   1.55   1.53   2.97   
2011 1.87   1.65   3.16   2.84   2.83   3.91   4.08   3.71  -0.12  -0.11  -0.67  -1.70   
2012 -1.62  -2.31  -1.27  -1.04  -1.34  -1.41  -1.47  -1.26  -1.65  -1.66  -1.60   1.77   
2013 0.77  -1.60 -99.99 -99.99 -99.99 -99.99 -99.99 -99.99 -99.99 -99.99 -99.99 -99.99   
