1895 1.75   1.37   0.71   0.56   1.12   2.05   2.34   2.46   2.77   2.07   1.79   1.09   
1896 2.25   1.22   1.27   2.17   2.15   2.42   2.19   1.78   1.52   2.19   2.46   0.01   
1897 -0.51  -0.32  -0.27  -0.97  -1.38  -1.56  -1.78  -1.90  -2.02  -1.58  -1.94  -2.67   
1898 -3.70  -4.11  -4.85  -5.64  -5.66  -6.58  -6.98  -6.96  -6.31  -6.24  -6.34  -6.74   
1899 -6.38  -7.03  -5.67  -5.80  -5.51  -5.18  -5.09  -4.93  -4.85   1.71   2.47   2.14   
1900 2.08   0.82   0.28   0.39   1.11   1.22   1.11   0.92   0.61   1.16   2.56   1.79   
1901 2.42   2.32  -0.93   0.24   0.78   0.85   0.68   0.40   0.78   0.77   0.84  -0.87   
1902 -1.71   0.56   0.36   0.42   0.83   1.10   1.11   1.00   0.62   1.08   1.59   1.00   
1903 1.28   0.55   1.47  -0.14  -0.28  -0.39  -0.52  -0.61  -0.88  -1.50   1.13  -0.60   
1904 -1.42   0.44   1.93   1.96   1.67   1.50   1.26   0.98   2.36   3.10   2.33   1.67   
1905 1.50   0.98   1.29   0.73   2.18   2.38   2.44   2.24  -0.25  -0.91  -0.74  -1.54   
1906 1.84   1.57   3.72   3.34   5.54   6.31   6.83   6.57   5.95   4.61   3.88   5.20   
1907 6.50   5.42   7.58   6.41   5.84   5.60   5.10   4.60   3.92   4.01  -1.00   0.41   
1908 1.07  -0.17  -0.82  -1.32   0.89   0.92   0.97  -0.01  -0.11  -0.14  -0.32  -0.84   
1909 5.54   5.88   5.60   4.27   3.44   2.91   2.46   2.12   1.87   1.82   2.57   3.85   
1910 4.33  -0.60  -0.40  -0.97  -1.28  -1.48  -1.56  -1.64  -1.38  -1.71  -1.94  -2.55   
1911 4.26   3.56   4.54   4.32   4.13   4.06   4.04   3.73  -0.06  -0.30  -0.92  -1.45   
1912 -1.59  -2.73   0.57   1.24   2.63   3.28   3.55   3.59   4.35   3.81   3.71   2.51   
1913 2.93   2.01   1.35   1.12   1.51   1.61   1.89   1.93   1.49   0.63   1.96   3.53   
1914 7.60   7.09   5.58   5.21   4.96   4.84   4.52   4.12   3.72   3.71   2.59   2.94   
1915 4.57   5.72   4.80   4.34   7.47   7.55   7.72   7.50   6.68   5.34   4.55   4.71   
1916 9.66   8.36   7.19   5.83   5.18   4.67   4.43   4.19   3.74   4.07   3.50   4.22   
1917 3.61   3.82  -0.56   0.06   0.23   0.45   0.57  -0.04  -0.31  -1.04  -1.39  -2.48   
1918 -3.80   0.06   1.47   0.92   0.78   0.65   0.50   0.46   1.73   1.17   1.55  -0.49   
1919 -0.87  -0.20  -0.12  -0.60  -0.67  -0.75  -0.66  -0.65  -0.34  -0.69  -1.32  -1.16   
1920 -2.38  -2.82   0.65   1.08   0.98   1.27   1.39   1.43   1.36   2.21   3.54   4.26   
1921 5.56   4.23   3.65   2.70   3.75   3.76   3.74   3.48   3.22   2.69   1.79   3.58   
1922 3.44   3.83   3.59   2.81   3.23   3.13   3.02   2.74   2.22   2.19   2.66   3.93   
1923 3.57   2.40   1.08   2.27   1.99   2.19   2.36   2.36   2.59  -0.64  -1.42  -2.61   
1924 -3.00  -3.83  -3.85  -4.00  -5.04  -5.69  -5.90  -5.75  -5.61   1.01   0.84   0.89   
1925 -0.95   0.22   0.09   0.67   1.94   2.66   3.03   3.01   2.80   2.74  -0.19  -0.94   
1926 -0.85  -0.62  -1.66   1.57   1.71   1.87   1.83   1.74   1.35   1.21   3.58   2.92   
1927 2.86   3.53   2.92   3.06   2.96   3.14   3.18   3.00   2.59   2.93   3.19  -0.02   
1928 -0.63  -1.15  -0.67  -0.72  -0.29  -0.19  -0.12  -0.11  -0.34  -0.83  -0.33  -0.21   
1929 -0.81  -1.17  -1.33   0.28   0.20   1.10   1.42   1.48  -0.14  -0.79  -1.74   0.08   
1930 0.91   0.25   0.38   0.31   1.13   1.48   1.70   1.70   1.63  -0.61  -0.43  -1.44   
1931 -1.43  -2.10  -2.88  -3.38  -3.35  -3.48  -3.73  -3.74  -3.73  -3.77  -3.31  -1.12   
1932 -1.05  -0.85  -1.69  -1.95  -1.82  -1.83  -1.76  -1.66  -1.76  -2.20  -2.88  -2.95   
1933 -2.08  -2.64  -2.71  -3.02  -2.22  -1.72  -1.25  -0.98  -0.96  -0.87  -1.79  -1.34   
1934 -2.28  -2.11  -3.28  -3.77  -4.00  -3.66  -3.70  -3.60  -3.34  -3.15  -2.66  -2.59   
1935 -2.02  -2.57   0.35   1.49   1.31   1.43   1.45   1.84  -0.14  -0.05  -0.66  -1.29   
1936 -1.65   1.36  -0.73  -0.80  -0.61  -0.43  -0.33  -0.39  -0.63  -0.78  -1.69   0.19   
1937 0.51   1.28   2.56  -0.28  -0.37  -0.18  -0.18  -0.25  -0.50  -0.74  -0.79   0.49   
1938 0.22   2.06   3.06   2.85   2.53   2.41   2.31   2.09   1.82   1.88  -0.52  -1.34   
1939 -1.77  -2.05  -2.10  -2.50  -2.60  -2.84  -2.92  -2.86  -2.41  -2.37  -2.98  -3.75   
1940 1.56   2.90   2.99  -0.45  -0.37  -0.42  -0.45  -0.49  -0.46  -0.57  -1.16   1.16   
1941 1.95   3.18   3.75   4.82   4.80   4.66   4.49   4.14   3.53   3.25   2.37   3.60   
1942 3.62   3.24   2.75   3.60   4.11   4.28   4.40   4.20   3.75   3.42   3.42   2.71   
1943 3.28  -0.35   0.41   0.37   0.23   0.25   0.33   0.34  -0.21  -0.37  -1.07  -1.46   
1944 -1.72   1.06  -0.68   0.15   0.60   0.89   1.12   1.23   0.97   1.26   2.22  -0.21   
1945 -1.16   0.54   1.04   0.43   0.63   0.67   0.64   0.54   0.24   0.88   0.84   1.86   
1946 -0.76  -0.94  -0.90  -1.42   0.23   0.22   0.33  -0.01  -0.20  -0.59   0.77  -0.29   
1947 -1.26  -1.74  -1.75  -2.19  -2.23  -2.06  -2.10  -2.07  -2.18  -0.81  -1.17  -1.89   
1948 -3.16  -3.62   0.10   1.15   1.40   1.28   1.16  -0.03  -0.25  -0.55  -1.24  -0.71   
1949 -1.24  -1.16   1.03  -0.72  -0.68  -0.77  -0.78  -0.71  -0.88  -1.31  -1.65  -1.93   
1950 0.76   0.53   0.16   0.08   0.29   0.43   0.67   0.69   0.45   1.20   2.29   2.79   
1951 2.49   1.91   1.19   0.87   1.08   1.07   1.10   1.18   0.91   0.88   1.10   2.70   
1952 4.41   3.56   4.15   3.65   3.31   3.25   3.16   2.90   2.44   1.55   1.51   2.95   
1953 2.42   1.11   0.65   1.06   1.25   1.70   2.04   2.15  -0.11  -0.51  -0.43  -1.50   
1954 -1.64  -1.80   0.51   0.31   0.25   0.43   0.48   0.53  -0.20  -0.77  -0.70   0.24   
1955 0.60  -0.39  -1.31   0.42   0.72   0.87   1.02   1.11  -0.12  -0.70  -0.77   3.42   
1956 4.25  -0.26  -1.25   0.13   0.58   0.61   0.61   0.59   0.63   0.99  -1.00  -2.09   
1957 -2.16  -2.00  -2.19  -0.02   1.95   2.34   2.38   2.20   2.40   3.10   2.12   1.89   
1958 1.90   3.38   4.82   6.36   6.07   5.96   5.60   5.17   4.72  -0.69  -1.53  -2.51   
1959 -2.39  -1.62  -2.54  -2.96  -3.23  -3.39  -3.45  -3.39  -0.64  -1.32  -2.23  -2.99   
1960 -2.84  -2.24  -2.64  -2.49  -2.07  -1.81  -1.71  -1.66  -1.75  -2.02  -1.14  -1.72   
1961 -2.21  -2.92  -2.89  -2.96  -2.75  -2.83  -2.92  -2.88  -2.76  -3.10  -2.41  -2.65   
1962 -3.16   1.67   1.51  -0.61  -0.82  -0.86  -0.83  -0.73  -0.82   2.82   2.09   1.57   
1963 1.59   1.47   1.78   3.09   3.13   3.23   3.27   3.14   2.89   2.97   3.36  -1.00   
1964 -1.08  -2.07  -2.28  -2.62  -2.53  -2.27  -2.21  -2.04  -2.10   0.17   0.61   1.54   
1965 -0.08  -0.85  -1.04   0.83   0.72   0.91   1.20   1.53  -0.13  -0.80   1.45   1.69   
1966 -0.42  -0.72  -1.61  -2.10  -2.38  -2.54  -2.37  -2.26  -2.12  -2.60   0.70   1.08   
1967 2.28   1.08   1.81   3.76   3.48   3.97   4.09   3.86  -0.05  -0.53  -0.93  -1.28   
1968 -1.24  -1.82  -1.74  -1.96  -1.94  -1.93  -1.90  -1.63  -1.76  -1.64   0.09   0.32   
1969 2.52   4.00  -0.64   0.33   0.23   0.37   0.48   0.46   0.26   0.45  -0.69  -0.65   
1970 0.93  -0.52  -0.84  -1.26  -1.37  -1.20  -1.16  -1.16  -1.33  -1.44   1.56   2.54   
1971 -0.71  -1.53  -1.67  -1.57   0.20   0.41   0.58   0.65  -0.07  -0.54  -0.79  -0.28   
1972 -1.14  -1.87  -3.00  -3.10  -3.72  -4.01  -4.20  -4.20   0.13   1.63   3.25   2.82   
1973 4.02   4.81   4.51   3.38   2.70   2.11   1.60   1.23   1.03   1.51   2.91   3.10   
1974 3.05   2.08   2.79   3.04   2.70   2.83   3.28   3.13  -0.18   0.16  -0.66  -0.96   
1975 -1.90   0.32   1.25   1.42   1.23   1.35   1.54   1.86   1.53   2.39  -0.67  -1.85   
1976 -3.23  -3.66  -4.07  -3.92  -5.11  -5.93  -6.32  -5.03  -3.45  -3.50  -3.78  -4.15   
1977 -4.73  -5.41  -5.45  -5.77  -5.50  -6.22  -6.53  -6.51  -5.64  -5.62  -5.30   0.37   
1978 1.82   2.26   2.85   3.77   3.33   3.13   2.91   2.61   2.61  -0.71  -0.55  -1.34   
1979 0.65   1.24   1.18  -0.35  -0.30  -0.38  -0.34  -0.42  -0.70   0.67   0.53   0.70   
1980 1.06   2.11   1.57   1.41   1.45   1.52   1.96   1.90  -0.15  -0.77  -1.64  -2.23   
1981 -1.82  -2.30  -1.44  -1.79  -1.79  -1.81  -1.93  -1.96  -1.98   0.72   1.72   1.58   
1982 2.77   2.32   3.71   4.46   3.96   3.95   3.87   3.66   4.27   4.64   5.66   5.26   
1983 6.01   6.64   8.36   8.67   8.03   7.53   6.98   6.60   6.51   5.55   6.61   6.84   
1984 -1.16  -1.60  -2.13  -1.99  -2.07  -2.00  -1.97  -1.91  -2.02   0.67   2.09  -0.19   
1985 -1.14  -1.55  -0.94  -1.53  -1.64  -1.60  -1.63  -1.69  -1.52  -1.39  -0.64  -1.02   
1986 -1.30   1.62   2.45  -0.38  -0.36  -0.39  -0.43  -0.47   0.87  -0.53  -1.41  -2.15   
1987 -2.50  -2.26  -2.11  -2.56  -2.82  -2.96  -2.96  -2.87  -2.89  -2.52  -2.44  -1.91   
1988 -2.08  -2.79  -3.74  -3.32  -3.15  -3.01  -2.96  -2.92  -2.95  -3.19  -2.80  -2.30   
1989 -2.98  -3.32  -2.70  -2.94  -2.89  -2.77  -2.65  -2.49  -1.20  -0.59  -1.03  -2.30   
1990 -2.64  -2.77  -3.33  -3.82  -2.84  -3.24  -3.44  -3.47  -3.19  -3.46  -3.94  -4.23   
1991 -5.22  -5.29  -2.43  -2.61  -2.38  -1.98  -1.59  -1.15  -1.17  -0.77  -1.47  -1.66   
1992 -2.27  -0.99  -0.70  -1.35  -1.72  -1.76  -1.84  -1.90  -2.07  -1.69  -2.47   0.79   
1993 2.70   3.24  -0.14  -0.55   0.26   0.49  -0.05  -0.13  -0.41  -0.84  -1.02  -1.45   
1994 -2.09  -1.56  -2.42  -2.29   0.65   0.57   0.49   0.40   0.37   0.06   1.23   0.85   
1995 3.21   1.93   4.22   3.98   4.40   5.14   5.39   5.11   4.43   3.28   1.89   2.18   
1996 2.56   3.47   2.88   2.51   3.45   3.45   3.33   2.97   2.43   2.54   2.73   4.21   
1997 5.62  -1.03  -2.07  -2.55  -3.12  -3.37  -3.57  -3.03  -3.14  -3.09   1.60   1.59   
1998 3.15   6.33   5.77   5.65   7.48   7.62   7.91   7.72   6.98   6.13   5.96   4.64   
1999 4.09   4.25   4.00   3.89   3.51   3.58   3.57   3.46   3.16  -0.52  -0.64  -1.80   
2000 0.65   2.52   1.93   1.72   2.06   2.19   2.05   1.91   1.73   2.85  -0.46  -1.61   
2001 -1.53   0.75  -0.36  -0.16  -0.25  -0.22  -0.32  -0.38  -0.48  -0.83   0.75   1.99   
2002 -0.57  -1.15  -1.26  -1.63  -1.15  -0.98  -0.86  -0.83  -1.02  -1.54   0.23   2.42   
2003 -0.94  -1.26  -1.72   1.01   1.60   1.94   2.05   1.96  -0.25  -0.90  -0.94   1.07   
2004 0.57   1.30  -1.05  -1.69  -2.18  -2.51  -2.67  -2.71  -2.71   1.90   1.68   2.64   
2005 2.83   3.00   3.25   3.13   3.87   4.38   4.59   4.34   3.79   2.95   2.18   3.49   
2006 3.18   2.50   4.10   5.36   5.36   5.24   4.89  -0.09  -0.35  -0.69  -0.88  -0.94   
2007 -1.96  -1.53  -2.47  -2.51  -2.68  -2.85  -2.89  -2.85  -2.61  -2.00  -2.58  -2.66   
2008 -0.81  -0.74  -1.68  -2.12  -2.45  -2.66  -2.75  -2.76  -2.85  -3.02  -2.88  -2.99   
2009 -3.78   0.94   0.71   0.18   0.46   0.41   0.35   0.26   0.13   2.04   1.27   0.86   
2010 1.55   1.56   1.21   2.13   2.51   2.82   2.91   2.82   2.40   2.44   2.34   3.12   
2011 2.12   2.35   3.57   2.73   3.07   4.21   4.41   4.26  -0.12   0.20  -0.22  -1.44   
2012 -1.95  -2.90  -2.18  -1.48  -1.70  -1.80  -1.86  -1.89  -2.04  -2.17  -1.69  -0.73   
2013 -1.56  -2.29 -99.99 -99.99 -99.99 -99.99 -99.99 -99.99 -99.99 -99.99 -99.99 -99.99   
