1895 1.96   1.78   1.26   1.10   1.48   2.45   2.96   3.04   2.96   2.32   1.98   1.20   
1896 2.29   1.15   1.33   2.24   2.55   3.08  -0.23  -0.46  -0.40  -0.62  -0.15  -0.39   
1897 -0.87   0.41   0.76  -0.70  -1.26  -1.64  -1.98  -2.07  -2.22  -1.02  -1.27  -1.67   
1898 -2.53  -3.20  -3.77  -4.32  -3.81  -4.58  -4.99  -4.91  -4.37  -4.09  -4.04  -4.51   
1899 -4.22  -5.02   0.96  -0.67  -0.54  -0.32  -0.53  -0.67  -1.00   0.95   1.22  -0.01   
1900 -0.25  -1.09  -1.49   0.40   1.11   1.56   1.41   1.13   0.82   1.32   2.45   1.54   
1901 2.18   2.65   1.61   1.71   2.10   2.33   2.17   1.91   2.07   2.23   0.02  -0.72   
1902 -1.56   0.25   0.51   0.63   0.87   1.24   1.23   1.15   0.68   0.93   1.35   0.68   
1903 1.40   0.75   1.67  -0.12  -0.36  -0.52  -0.79  -0.81  -1.08  -1.33   0.65  -0.81   
1904 -1.57   0.60   2.15   2.21   1.84   1.66   1.26   1.07   2.62   3.28  -0.56  -1.03   
1905 -1.44  -1.75  -1.11  -1.69   1.41   1.65   1.78  -0.08  -0.34  -0.87  -0.78  -1.41   
1906 1.82   1.52   3.42   3.24   5.33   6.05   7.12   6.32   5.50   4.32   3.68   4.87   
1907 6.26   5.38   7.70  -0.46  -0.48   0.36   0.50   0.51  -0.14  -0.14  -1.06  -0.51   
1908 -0.05  -0.13  -0.85  -1.43   0.88   1.01   1.23  -0.21   0.21   0.23  -0.34  -1.01   
1909 3.94   4.07   3.83   2.69   1.96   1.48   1.09   0.90   0.96   1.17   1.99   3.14   
1910 3.65  -0.65  -0.86  -1.46  -1.91  -2.29  -2.47  -2.51  -1.91  -1.92  -2.30  -2.55   
1911 3.43   2.98   3.75   3.62   3.46   3.52   3.56  -0.01  -0.19  -0.65  -1.19  -1.72   
1912 -2.10  -3.24   0.46   1.18   2.26   2.90   3.08   3.05   3.63   3.49   3.29  -0.86   
1913 -0.65  -1.29  -1.70  -1.59   0.48   0.73   1.16   1.34  -0.31  -0.89   1.11   2.43   
1914 6.18   5.65   4.15   4.07   3.82   3.86   3.77   3.41   2.96   2.48   1.41   1.48   
1915 2.05   3.00   2.26   2.14   5.16   5.42   5.79   5.55   4.84   3.75   3.00   3.07   
1916 7.27  -0.29  -0.49  -1.12  -1.11  -1.04   0.25   0.42   0.39   1.20   0.92   1.48   
1917 1.00   1.27   0.67   0.42   0.71   1.00   1.00  -0.24  -0.62  -1.19  -1.46  -2.54   
1918 -3.62  -3.42   1.13  -0.34  -0.31  -0.32  -0.71  -0.81   1.70   1.55   1.68  -0.42   
1919 -1.17   0.43   0.49  -0.58  -0.85  -1.18  -1.36  -1.44  -1.03  -1.11  -1.73  -1.45   
1920 -2.66  -3.13   0.86   1.30   1.02   1.13   1.12   1.16   0.85   1.39   2.36   2.85   
1921 3.77   2.72   2.10   1.37   2.71   3.07   3.01   2.60   2.23   1.56   0.71   2.22   
1922 2.28   2.79   2.69   2.10   2.49   2.48   2.29   2.01   1.40   1.33   1.70   2.66   
1923 2.46  -0.78  -1.75   1.32   1.10   1.37   1.74   1.73   2.22  -0.18  -0.96  -1.83   
1924 -2.57  -3.51  -3.45  -3.72  -4.84  -5.62  -5.90  -5.60  -5.43   0.83   0.55   0.68   
1925 -0.81  -0.79  -0.87   0.61   1.68   2.37   2.60   2.42   2.37   2.24  -0.18  -0.89   
1926 -1.21  -1.35  -2.45  -1.37  -1.38  -1.42  -1.75  -1.78  -1.94  -1.99   1.92   1.49   
1927 1.35   1.87   1.52   1.74   1.66   1.81   1.78   1.53   1.08   1.60   1.77  -0.14   
1928 -0.85  -1.51  -0.88  -0.97  -0.81  -0.85  -0.90  -0.92  -1.19  -1.52  -1.13  -1.16   
1929 -1.53  -1.84  -1.81   0.28  -0.26   0.74   1.10   1.04  -0.25  -0.80  -1.66  -1.62   
1930 0.58   0.04   0.02   0.02   1.02   1.62   1.84   1.75   1.90   1.58   1.67  -1.06   
1931 -1.20  -1.65  -2.38  -2.62  -2.67  -2.54  -2.71  -2.71  -2.72  -2.86   0.37   1.99   
1932 2.05   2.25  -0.84  -0.94  -0.37  -0.20  -0.17  -0.18  -0.40  -0.91  -1.70  -1.91   
1933 -0.81  -1.41  -1.60  -1.97   0.78   1.25   1.66  -0.20  -0.49  -0.56  -1.48  -1.02   
1934 -1.62  -1.61  -2.76  -3.54  -3.72  -3.76  -3.83  -3.71  -3.45   0.28   0.65   0.47   
1935 0.87   0.43   0.88   2.40  -0.13   0.14  -0.12  -0.06  -0.41  -0.14  -0.58  -1.15   
1936 -1.32   2.26  -0.44  -0.56  -0.56  -0.22  -0.09  -0.26  -0.57  -0.14  -1.06   0.70   
1937 0.89   2.03   2.55  -0.12  -0.42  -0.48  -0.52  -0.68  -1.00  -1.36  -1.73   0.70   
1938 0.69   2.16   3.87   3.93   3.51   3.38   3.09   2.65   2.26   2.54  -0.55  -1.23   
1939 -1.59  -1.80  -1.70  -2.12  -1.83  -1.75  -1.74  -1.72   0.71   0.96  -0.90  -1.83   
1940 1.48   2.48   2.30  -0.31  -0.62  -1.06  -1.48  -1.59  -1.73  -1.11  -1.69   1.31   
1941 1.49   2.37   2.23   3.02   2.70   2.58   2.59   2.41   1.92   1.98   1.36   2.46   
1942 2.41   2.02   1.48   2.25   2.86   3.22   3.44   3.14   2.52   1.79   2.07   1.81   
1943 2.70   2.26   3.23   2.92   2.51   2.35   2.43   2.26  -0.32  -0.39  -1.00  -1.39   
1944 -1.61   0.58   0.02   0.40   0.55   0.91   1.36   1.49   1.12   1.08   2.11   1.73   
1945 0.73   1.46   2.11   1.42   1.51   1.84   1.94   1.71   1.32   2.29   2.21   2.74   
1946 -0.59  -0.75  -0.34  -1.04  -0.75  -0.80  -0.63  -0.60  -0.78   0.45   1.36   1.37   
1947 -0.68  -1.14  -1.37  -1.75  -1.73  -1.83  -1.86  -1.69  -1.75  -0.87  -1.22  -1.93   
1948 -3.13  -3.51   0.50   1.85   2.38   2.85   3.12   3.07  -0.22  -0.46  -1.12  -1.04   
1949 -1.37  -1.41  -0.58  -1.34  -0.99  -1.07  -1.20  -1.13  -1.34  -1.72  -1.86  -2.13   
1950 0.47  -0.23  -0.35  -0.42  -0.35  -0.33  -0.19  -0.32  -0.30   0.73   2.20   2.56   
1951 2.46  -0.31  -0.86  -0.75  -0.58  -0.37  -0.29  -0.30  -0.63   0.17   0.22   1.58   
1952 2.89   2.31   3.13   2.92   2.38   2.18   2.39   0.02  -0.05  -0.78  -0.71   0.80   
1953 -0.15  -1.09  -1.39   0.25   0.78   1.57   2.58   2.49  -0.31  -0.54  -0.68  -1.41   
1954 -1.45  -1.61  -0.76  -1.01  -1.17  -0.96  -0.87  -0.90  -1.12  -1.59  -1.50  -1.31   
1955 -0.73  -0.87  -1.67   0.38   0.80   1.09   1.29   1.40  -0.27  -0.88  -0.87   2.83   
1956 3.42   2.63   1.33   1.60   2.32   2.57   2.64   2.44   2.09   2.33  -0.92  -1.76   
1957 -1.93  -2.15  -2.25   0.00   1.56   2.13   2.32   2.17   1.84   1.98   1.39   1.15   
1958 1.04   1.66   3.08   4.01   3.91   3.93   3.92   3.73   3.75  -0.76  -1.41  -2.43   
1959 -2.72  -2.21  -3.06  -3.39  -3.53  -3.80  -4.02  -3.93  -1.99  -2.50  -3.23  -3.83   
1960 -3.94  -3.37  -3.53  -3.20  -3.07  -2.76  -2.88  -2.90  -2.95  -3.06  -2.12  -2.54   
1961 -2.94  -3.56  -3.54  -3.67  -3.32  -3.27  -3.39  -3.09  -2.88  -3.10  -2.71  -2.95   
1962 -3.29  -1.13  -1.11  -1.76  -1.79  -1.80  -1.76  -1.66  -1.74  -1.14  -1.85  -2.50   
1963 -2.39  -0.03   0.16   1.55   1.76   2.12   2.36   2.47   2.39   2.55   2.94  -0.83   
1964 -1.24  -2.22  -2.40  -2.45   0.13   0.22   0.23   0.31   0.14   0.35   0.93   2.13   
1965 1.99  -0.73  -1.09   0.83   0.55   0.65   1.00   1.68   1.41   0.70   1.95   2.06   
1966 -0.52  -0.88  -1.79  -2.31  -2.72  -3.09  -3.18  -3.04  -3.01  -3.35   0.29   1.34   
1967 1.85   0.82   1.29   3.49   3.23   3.38   3.51  -0.03   0.08  -0.53  -0.58  -0.84   
1968 -1.21  -1.78  -2.02  -2.33  -2.40  -2.53  -2.66  -2.34  -2.48   0.35   0.56   0.97   
1969 3.92   5.19  -0.37  -0.11  -0.36   0.28   0.53   0.47   0.26   0.59  -0.43  -0.73   
1970 0.83  -0.48  -0.71  -0.86  -1.14  -0.97  -1.01  -1.13  -1.37  -1.60   1.23   1.75   
1971 -0.52  -1.19  -1.48  -1.55   0.87   1.34   1.72   1.63  -0.11  -0.43  -0.47   0.66   
1972 -0.75  -1.47  -2.62  -2.69  -3.15  -3.38  -3.59  -3.37   0.08   0.13   1.09   1.00   
1973 1.80   2.31   2.56  -0.60  -0.96  -1.41  -1.76  -1.76  -1.90   0.55   1.10   1.24   
1974 1.34  -0.74   0.47   0.67   0.37   0.40   0.71   0.64   0.18   0.67  -0.53  -0.83   
1975 -1.68   0.15   0.82   1.18   0.87   0.88   0.81   1.34   1.00   2.03  -0.45  -1.44   
1976 -2.81  -3.16  -3.63  -3.35  -4.15  -4.94  -5.28  -4.25  -2.31  -2.32  -2.75  -3.49   
1977 -4.17  -5.00  -5.38  -5.92  -5.23  -6.27  -6.76  -6.31  -5.93  -5.91  -5.62   0.68   
1978 1.59   2.45   3.28   4.09   3.43   3.13   2.83   2.49   3.97  -0.77  -0.80  -1.16   
1979 0.41   0.98   1.21  -0.52  -0.63  -0.93  -1.08  -1.11  -1.27   0.39  -0.14  -0.52   
1980 1.58   2.46   2.17   1.77   1.94   1.99   2.41   2.29  -0.27  -0.75  -1.52  -2.11   
1981 -1.76  -2.28  -1.57  -1.65  -1.47  -1.47  -1.78  -1.85  -1.98   0.90   1.55   1.28   
1982 1.94   1.67   3.18   3.95   3.34   3.54   3.57   3.48   5.17   5.97   6.87   6.76   
1983 7.40   7.57   8.66   8.45   7.74   7.23   6.69   7.01   7.24   6.32   7.64   8.05   
1984 -0.99  -1.21  -1.74  -1.86  -2.01  -2.03  -1.91  -1.86  -2.05  -1.31  -0.08  -0.26   
1985 -0.91  -1.25  -0.77  -1.50  -1.89  -2.05  -2.25  -2.25   0.45   0.49   1.52   1.18   
1986 0.81   2.87   3.25  -0.28  -0.38  -0.55  -0.65  -0.69   0.79  -0.57  -1.32  -2.07   
1987 -2.46  -2.47  -2.08  -2.65  -2.77  -2.97  -3.06  -2.86  -2.89  -2.49  -2.42  -2.24   
1988 -2.16  -2.88  -3.57  -2.90  -2.56  -2.24  -1.99  -1.95  -2.09  -2.62  -2.07  -1.79   
1989 -2.46  -2.64  -2.20  -2.70  -2.56  -2.58  -2.62  -2.45   1.41   1.75  -0.48  -1.61   
1990 -1.93  -2.17  -2.75  -3.08  -2.42  -2.73  -2.87  -2.82  -2.74  -3.12  -3.44  -3.86   
1991 -4.80  -5.49  -2.58  -2.79  -2.40  -1.93  -1.51  -1.36  -1.57  -0.83  -1.36  -1.79   
1992 -2.42  -1.88  -1.77  -2.44  -2.96  -3.26  -2.74  -2.62  -2.76  -1.82  -2.49   0.74   
1993 2.40   2.94   2.70   1.96   1.83   2.31   2.29   2.17  -0.32  -0.54  -0.69  -1.14   
1994 -1.87  -1.65  -2.44  -0.02   0.45  -0.05  -0.18  -0.34   0.11   0.28   0.93   0.59   
1995 2.82   1.77   4.02   3.97   4.84   5.55   6.13   6.01   5.10   3.87   2.39   2.31   
1996 2.48   3.07   2.67   2.37   2.96   3.17   3.06   2.56   1.94   2.30   2.78   3.76   
1997 5.67  -0.87  -1.99  -2.61  -3.33  -3.70  -3.89  -3.77  -3.63  -3.49   0.32   0.11   
1998 1.10   3.27   3.26   3.47   5.34   6.34   7.55   7.44   7.01  -0.18  -0.13  -0.69   
1999 -0.41  -0.29  -0.75  -0.62  -0.66   0.32   0.57   0.62  -0.22  -0.85  -1.18  -2.23   
2000 0.27   1.43   0.80   0.56   0.80   1.00   0.77   0.69   0.57   1.72  -0.56  -1.62   
2001 -1.68  -1.50  -1.94  -1.29  -1.60  -1.90  -2.03  -2.07  -2.15  -2.29  -1.59  -0.72   
2002 -1.01  -1.60  -1.57  -1.89  -1.54  -1.47  -1.58  -1.65  -1.86  -2.25  -1.43  -0.65   
2003 -1.56  -1.76  -2.11   1.02   1.49   1.73   1.69   1.77  -0.39  -1.15  -1.21   0.61   
2004 -0.50  -0.01  -1.05  -1.78  -2.32  -2.84  -3.14  -3.15  -3.12   2.03   1.75   1.92   
2005 2.69   2.49   2.63   2.32   3.43   3.80   4.29   3.81   3.44   2.79   1.81   2.31   
2006 2.66   2.02   3.08   4.38   4.23   3.97  -0.14  -0.45  -0.82  -0.99  -1.46  -1.62   
2007 -2.51  -2.37  -3.13  -3.23  -3.69  -4.17  -4.39  -4.23  -3.82  -3.50  -4.01  -3.83   
2008 -2.86  -2.38  -3.16  -3.62  -3.62  -3.86  -3.91  -3.83  -3.86  -3.79  -3.56  -3.42   
2009 -3.65  -3.18  -3.25  -3.36  -2.77  -2.47  -2.30  -2.21  -2.36   1.00  -0.74  -0.68   
2010 -0.48  -0.21  -0.59   1.02   1.27   1.64   1.61   1.35   0.83   1.58   1.75   3.35   
2011 2.65   2.42   3.31   2.44   2.77   3.51   3.77   3.54  -0.22  -0.04  -0.45  -1.55   
2012 -2.36  -3.45  -3.48  -2.84  -3.62  -4.32  -4.67  -4.65  -4.65  -4.61  -4.44  -3.37   
2013 -3.75  -4.16 -99.99 -99.99 -99.99 -99.99 -99.99 -99.99 -99.99 -99.99 -99.99 -99.99   
