1895 2.74   2.36   1.66   1.21   1.32   1.54   1.60   1.65   1.61   1.34   1.62  -0.77   
1896 0.70  -0.93   0.01   0.42   0.84   1.11  -0.09  -0.42   0.42  -0.11  -0.05  -0.63   
1897 0.50   0.44   0.50  -0.60  -0.70  -0.75  -0.90  -1.14   0.06   0.69  -0.67  -1.09   
1898 -1.34  -2.20  -2.46  -3.15  -3.12  -3.80  -4.26  -4.43  -4.19  -4.02  -4.02  -3.94   
1899 -3.60  -4.23  -3.45  -3.85  -3.88  -3.88  -4.02  -4.05  -4.12  -3.71  -3.33  -3.22   
1900 -3.57  -4.29  -4.43  -3.38  -3.32  -4.02  -4.50  -4.60  -4.55  -0.02   1.68   0.91   
1901 1.56   2.00   1.17   1.04   1.36   1.50   1.40  -0.30  -0.36  -0.09  -0.11  -0.70   
1902 -1.54  -1.71  -1.40  -1.64  -2.08  -2.58  -2.88  -2.99  -3.15  -3.01  -2.01  -2.48   
1903 -2.16  -2.43  -1.45  -1.37  -1.04  -0.67  -0.56  -0.61  -0.68  -0.87  -0.80  -1.44   
1904 -2.50  -2.45  -1.70  -1.74  -1.90  -2.08  -2.15  -2.12   2.43   2.43   1.42   0.61   
1905 1.07   1.62   3.28   4.09   4.77   5.19   5.41   5.00   4.37   3.56   4.54   3.90   
1906 5.06   4.16   5.51   5.34   6.16   6.56   6.84   6.44   5.51   4.59   4.04   5.03   
1907 6.81   5.45   6.78   5.99   5.63   5.42   5.18  -0.01  -0.26   0.25  -0.75  -0.93   
1908 -0.70  -0.57  -0.98  -1.15   0.46   0.61   0.80   0.68   0.77   0.55   0.14   0.05   
1909 3.68   3.43   3.48   2.56   2.23   2.10   1.92   2.01   1.80   1.55   1.88   2.85   
1910 3.40  -0.87  -1.13  -1.53  -1.65  -1.67  -1.63  -1.78  -1.47  -1.52  -2.12  -2.07   
1911 3.48   3.08   3.60   3.33   3.20   3.32   3.45   0.04  -0.14  -0.19  -0.90  -1.27   
1912 -1.96  -2.87   1.36   2.06   2.57   3.04   3.29   3.18   4.12   4.17  -0.08  -0.92   
1913 -0.82  -0.92  -1.44  -1.59  -1.49  -1.53  -1.28  -0.88  -1.15  -1.34   1.42   2.47   
1914 5.72   5.05   3.83   3.52   3.34   3.27   3.16   2.83   2.26   1.98   1.05   1.61   
1915 3.00   3.64   3.01   3.67   5.06   5.63   6.21   6.17   5.39   4.53   3.38   3.42   
1916 8.62   7.04   6.24   5.24   4.76   4.48   4.36   4.32   4.39   4.70   3.80   3.71   
1917 3.68   3.43   2.43   3.09   3.55   4.11   4.43   4.06  -0.27  -0.58  -1.09  -2.06   
1918 -2.53  -0.04   1.20   0.73   0.77   1.06   1.06   1.03   3.05   2.87   3.11   2.95   
1919 1.95   1.99   1.84   1.50   1.58   1.63   1.72   1.51   2.21   2.04   1.58   1.52   
1920 0.73   0.61   1.47   1.57   1.66   1.97   2.12   2.20   1.75   1.80   2.55   2.38   
1921 2.98  -0.92  -1.27  -1.54   0.84   1.05   1.24   1.21  -0.16  -0.37  -1.14   1.46   
1922 2.07   2.21   2.25   1.95   2.35   2.59   2.74   2.43   1.88   1.50   2.18   2.39   
1923 -0.13  -0.81  -1.26   0.78   0.87   1.05   1.33   1.43   2.54   2.37  -0.30  -0.46   
1924 -1.39  -2.43  -1.86  -1.86  -2.58  -3.05  -3.30  -3.39  -3.43  -2.99  -3.20  -2.60   
1925 -3.34  -3.47  -3.23  -2.35  -1.81  -1.77  -1.69  -1.50  -1.10  -0.68  -0.70  -1.14   
1926 -1.50  -1.92  -1.99   2.37   2.35   2.45   2.38   2.03   1.82   1.31   2.70   2.68   
1927 2.09   2.38   2.19   2.36   2.42   2.76   2.98   0.01  -0.23   0.28   0.17   0.24   
1928 -0.99  -1.45  -1.41  -1.72  -2.36  -2.84  -3.17  -3.33  -3.38  -3.14  -2.61  -2.54   
1929 -2.77  -2.88  -2.79  -2.25  -2.30  -2.27  -2.29  -2.24  -1.91  -2.01  -2.60  -3.13   
1930 0.95   0.04   0.55   0.56   1.50   2.14   2.50   2.41   2.29   2.11   2.63  -0.53   
1931 -0.57  -0.31  -1.23   0.47   0.83   0.79   0.63   0.69   0.48   0.51   1.03   2.22   
1932 2.00   3.10  -0.87  -1.04  -1.02  -0.83  -0.75  -0.80  -0.88  -0.52  -1.29   0.05   
1933 1.53  -0.79  -1.53  -0.03   0.37   0.77   1.03   1.03  -0.22  -0.37  -1.03   0.76   
1934 -0.05  -0.30  -1.25  -1.89  -2.23  -1.92  -1.95  -1.87  -1.86   1.41   1.51   1.77   
1935 1.90   1.68   1.73   2.21   2.28   2.67   2.84   3.31  -0.10  -0.36  -0.64  -1.29   
1936 -2.24   1.46   1.03   0.84   0.92   1.02   1.06   0.91   0.56   2.17   1.29   2.78   
1937 2.97   4.22   4.56   3.83   3.74   3.61   3.42  -0.13  -0.41  -0.85  -1.47  -1.36   
1938 -1.70   1.23   3.39   3.10   3.17   3.23   3.24   3.03   2.51   2.06   1.18   2.21   
1939 2.20   1.79   1.39   1.05   1.05   1.12   1.12   0.94   4.53   4.01   3.08   1.90   
1940 1.97   2.29   1.47   1.80   1.83   1.80   1.66   1.36   0.98   1.69   1.15   2.59   
1941 2.47   3.87   5.46   6.80   6.60   6.38   6.17   5.73   5.01   6.03   4.97   5.17   
1942 -0.70  -1.09  -1.30  -0.49  -0.47  -0.39  -0.33  -0.21  -0.46  -0.29  -0.84  -1.28   
1943 2.20   2.07   2.24   2.20   2.17   2.23   2.24   1.98   1.59   1.45   0.62   1.90   
1944 1.36   2.66   2.20   2.11   2.14   2.36   2.56   2.52   2.09   1.52   3.07   2.46   
1945 1.47   1.53   2.16   1.60   1.51   1.60   1.72   2.56   2.15   2.04   1.31   2.29   
1946 1.38   0.76   1.17   0.81   0.84   1.01   1.38   1.20   0.91   1.47   3.63   3.80   
1947 -0.48  -1.16  -1.59  -1.92  -1.84  -1.77  -1.73  -1.55  -1.63  -1.77  -2.13  -2.11   
1948 -2.98  -3.06  -2.58  -2.25  -2.40  -2.41  -2.48  -2.53  -2.60  -2.25  -2.71  -2.31   
1949 -1.71  -1.74  -1.80  -2.14  -1.36  -0.92  -0.69  -0.67  -0.88  -1.02  -1.04  -0.88   
1950 -0.71  -0.93  -1.29  -1.42  -1.36  -1.23  -0.94  -0.97  -0.91  -1.12  -1.20  -2.13   
1951 -2.17  -2.48  -2.85  -2.34  -2.59  -3.00  -3.16  -2.86  -2.81   0.18   0.03   1.27   
1952 3.10   2.06   3.46   3.53   3.41   3.41   3.63   3.36   3.07   2.28   2.97   3.17   
1953 -0.51  -1.24  -1.61  -1.41  -1.35  -1.26  -1.15  -1.22  -1.40  -1.66  -1.66  -2.42   
1954 0.64   0.29   1.08   0.53   0.49   0.56   0.77  -0.14  -0.34  -0.74  -0.77  -1.25   
1955 -0.73  -1.09  -1.69   0.03   0.62   0.53   0.57   0.70  -0.32  -0.71  -0.74  -0.97   
1956 -0.02  -0.60  -1.43   0.67   1.03   1.18   1.25  -0.08  -0.38  -0.53  -1.28  -2.07   
1957 0.83  -0.51  -0.92   0.09   0.93   1.37   1.37   1.10   0.68   1.96   1.51   1.43   
1958 0.86   1.65   2.81   4.35   4.31   4.35   4.24   4.02   3.79  -0.41  -0.95  -1.96   
1959 -2.52  -1.79  -2.63  -3.11  -3.45  -3.74  -3.96  -3.96  -3.78  -3.74  -4.08  -4.02   
1960 -3.59  -3.27  -3.67  -3.28  -3.20  -3.16  -3.14  -3.16  -3.07  -2.97  -2.12  -2.67   
1961 -3.25  -4.00  -4.15  -4.78  -5.27  -5.80  -6.10  -5.74  -5.52  -5.36  -4.66  -4.41   
1962 -4.05  -1.92  -1.96  -2.35  -1.78  -1.34  -0.99  -0.89  -1.05  -1.22  -1.80  -2.56   
1963 -3.23  -2.99  -0.04   0.39  -0.20  -0.32  -0.52  -0.49   1.78   1.69   2.04  -0.84   
1964 -1.26  -2.01  -1.87  -1.77  -1.98  -2.43  -2.87  -3.06  -3.06  -2.98  -2.44  -2.37   
1965 -2.93  -3.41  -3.39   2.02   1.83   1.74   1.91   1.90   1.96   1.22   4.59   5.37   
1966 -0.26  -0.61  -1.27  -1.75  -1.79  -1.75  -1.73  -1.82  -1.86  -1.89   0.33   1.94   
1967 2.23   1.09   0.86   2.55   2.63   2.91   3.33   3.31   3.15   2.30   3.25   3.02   
1968 -0.57  -1.35  -1.32  -1.46  -1.72  -1.90  -1.74  -1.80  -1.97  -1.86  -2.12  -2.29   
1969 2.97   4.56   3.73   3.25   3.30   3.27   3.34  -0.01  -0.27  -0.63  -0.61  -1.47   
1970 -1.98  -2.19  -1.73  -2.02  -2.55  -2.87  -3.12  -2.94  -3.01  -3.11   1.09   1.71   
1971 -0.47  -1.05  -1.67  -1.68  -1.11  -0.90  -0.71  -0.73  -0.96  -0.64  -1.08   1.21   
1972 -0.75  -1.59  -2.47  -2.96  -3.29  -3.29  -3.50  -3.44  -3.32   0.13   0.94   0.74   
1973 0.94   1.68   2.06  -0.44  -0.33  -0.19  -0.25  -0.33  -0.57  -0.86  -0.55  -1.20   
1974 1.02  -0.86  -0.62  -0.83  -0.69  -0.48  -0.29  -0.37  -0.61   0.59  -0.63  -0.27   
1975 -1.14  -1.24   0.70   1.34   1.50   1.93   2.27   2.14  -0.04  -0.16  -0.51  -1.32   
1976 -2.45  -1.82  -1.91  -1.61  -1.67  -1.70  -1.69  -1.74   2.80  -0.01  -0.55  -1.21   
1977 -1.20  -2.00  -2.10  -2.78   1.09  -0.45  -1.02   1.76  -0.36  -0.73  -1.40   0.36   
1978 1.97   3.18   4.91   4.91   4.74   4.74   4.41   3.85   4.13   3.26   3.43   3.19   
1979 4.02   3.72   4.20  -0.52  -0.41  -0.31  -0.19  -0.30  -0.61  -0.22  -0.71  -1.46   
1980 1.58   3.74   3.85   3.34   3.39   3.45   3.44  -0.12  -0.41  -0.76  -1.44  -2.07   
1981 -2.32  -2.57  -1.77  -2.02  -2.23  -2.52  -2.82  -2.97  -2.99  -2.72  -2.40  -2.97   
1982 -2.55  -2.93   0.99   1.14   1.36   1.64   2.00   2.05   2.47   2.04   3.11   2.81   
1983 3.17   3.50   5.33   6.09   5.88   5.79   5.58   6.48   6.35   6.20   6.21   5.85   
1984 -0.93  -1.85  -2.66  -3.08  -3.95  -4.41  -4.36  -3.94  -3.80  -3.65  -3.07  -1.76   
1985 -2.06  -2.32  -2.45  -2.83  -2.85  -2.80  -2.67  -2.77  -2.49  -2.40   1.41   0.80   
1986 0.14   0.57   1.03   0.72   0.71   0.74   0.76   0.59   1.37  -0.02  -0.37  -1.04   
1987 -1.47  -1.84  -1.94  -2.64  -3.51  -4.06  -4.28  -4.20  -4.02  -1.92  -1.67  -1.40   
1988 -1.48  -1.91  -2.54  -1.75  -1.93  -2.15  -2.32  -2.24  -2.30  -2.61  -2.56  -2.02   
1989 -2.51  -2.58  -2.91  -3.64  -3.99  -4.29  -4.50  -4.45  -3.98  -3.64  -3.95  -4.57   
1990 -4.47  -4.16  -4.49  -4.68  -4.56  -4.68  -4.78  -4.60  -4.40  -4.50  -4.55  -4.89   
1991 -5.14  -4.83   2.30   1.57   1.40   1.38   1.59   1.57  -0.12  -0.17  -0.87  -0.84   
1992 -1.03   0.99   1.75  -0.55  -0.50  -0.58  -0.46  -0.20  -0.56  -0.12  -0.84   0.69   
1993 4.10   5.05  -0.21  -0.82  -0.81  -0.26  -0.32  -0.48  -0.77  -1.02  -1.13  -1.63   
1994 -2.43  -1.89  -1.84  -1.85  -1.94  -2.15  -2.32  -2.40  -2.53  -2.42  -2.33  -2.70   
1995 3.04   2.33   3.70   3.33   3.55   4.16   4.38   4.08  -0.25  -0.73  -1.43  -1.89   
1996 -2.31  -1.68  -1.76  -2.07  -2.36  -2.60  -2.76  -2.92  -3.00   0.63   0.87   1.09   
1997 1.71  -0.77  -1.71  -2.26  -2.73  -3.03  -3.18  -3.30   0.47  -0.45   0.31   0.70   
1998 0.77   3.92   3.75   3.91   5.64   6.18   6.91   6.83  -0.01  -0.36  -0.42  -1.08   
1999 -1.66  -2.30  -2.45  -1.94  -2.44  -2.91  -3.27  -3.48  -3.44  -3.70  -3.94  -4.55   
2000 -5.03  -3.94  -3.77  -3.28  -3.27  -3.26  -3.29  -3.15  -3.08  -2.15  -2.50  -3.30   
2001 -2.73  -1.67  -1.78  -1.40  -1.00  -0.67  -0.57  -0.67  -0.89  -1.23  -1.09  -1.48   
2002 -2.24  -3.06  -3.50  -4.08  -4.78  -5.40  -5.76  -5.76  -5.50  -5.35  -4.50  -3.86   
2003 -4.62   0.47   0.51   0.81   1.64   2.17   2.66   2.57  -0.24  -0.67  -0.86  -1.26   
2004 -2.11  -1.59  -2.33  -2.88  -3.56  -3.97  -4.22  -4.23  -4.21   4.02   3.42   4.01   
2005 5.49   6.40   5.46   4.84   4.76   4.48   4.32   3.87   3.38   3.52  -0.64  -1.37   
2006 -1.86  -2.21   0.34   1.06   1.19  -0.15  -0.47  -0.84  -1.11  -1.34  -1.96  -2.50   
2007 -3.14  -3.45  -4.14  -4.57  -5.40  -5.97  -6.33  -6.25  -5.64  -5.34  -5.24  -5.02   
2008 -3.24  -3.22  -3.79  -4.06  -3.69  -3.50  -3.42  -3.38  -3.43  -3.60  -3.21  -2.80   
2009 -3.49  -3.00  -3.48  -3.91  -4.41  -4.55  -4.70  -4.70  -4.65  -3.79  -4.03   0.24   
2010 1.26   1.48   0.65   1.05   1.15   1.39   1.55   1.37   1.00   2.21   1.91   3.90   
2011 3.02   2.90   3.03   2.27   2.45   2.50   2.60   2.31   1.95   1.99   2.11  -0.58   
2012 -1.39  -2.09  -2.10  -1.75  -2.51  -3.34  -3.71  -3.81  -3.85  -3.70  -3.71  -3.38   
2013 -3.68  -4.07 -99.99 -99.99 -99.99 -99.99 -99.99 -99.99 -99.99 -99.99 -99.99 -99.99   
