1895 0.75   1.69   1.86   1.19   2.36   4.12   7.50   8.49   7.75   7.29   6.83   6.64   
1896 6.46   6.08   6.28   5.18   4.00   3.68   3.78   3.23   3.41   3.32   2.92   2.60   
1897 2.12   2.41   3.14   3.08   3.26   4.01   4.46   5.23   4.43   4.55   3.74   3.54   
1898 3.02   2.38   1.91   1.64   2.78   3.17   3.68   3.03   2.48   2.29   2.62   2.77   
1899 2.60   2.25   2.34  -0.50  -1.63  -1.56   1.60  -0.44  -0.84   0.38   0.65   0.90   
1900 0.56   0.77   0.33   4.41   4.08   4.60   4.43  -0.99  -1.16  -1.48  -1.94  -1.91   
1901 -1.93  -2.22   0.15   1.01   1.20   1.19  -0.89  -0.63  -1.22  -1.62  -2.16  -1.90   
1902 -1.94  -2.03  -2.06  -2.72  -2.55  -2.90  -2.89  -2.72   0.28   0.06   0.00   0.31   
1903 -0.37   0.95   0.80   0.80   0.08   1.59   1.48  -0.26  -0.49  -0.37  -1.08  -1.30   
1904 -1.58  -2.25  -2.94  -3.29   0.69   2.02   2.22   2.54   3.04  -0.28  -0.99  -1.25   
1905 -1.16  -1.24   0.53   2.95   3.22   3.38   4.32  -0.02  -0.44  -0.12  -0.70  -1.04   
1906 -1.18  -1.51   0.59   1.86   1.71   1.64   2.99   2.98   3.70   4.02   4.05   3.27   
1907 2.84   2.19   1.02   1.72   2.48   2.41   3.03   3.15  -0.04  -0.09  -0.09   0.24   
1908 0.08   0.35  -0.60  -0.80  -0.70  -1.13   0.63   1.49   0.59   1.21   2.20   2.39   
1909 2.39   2.41   2.92   3.47   3.26   4.02   4.71   5.65   6.15   5.61   5.97   6.22   
1910 5.88   5.79   4.48   4.02   3.95   3.50   3.31   3.29   2.68   2.57   1.89   1.88   
1911 1.65   2.65   2.45   2.41   1.61   1.23   2.87   3.25   2.79   3.27   3.56   3.77   
1912 3.82   4.30   5.22   5.19   5.03   6.59   7.76   7.99   7.86   7.37   6.58   6.05   
1913 5.84   5.89   5.58   4.97   3.30   3.55   3.53   2.70   3.21   3.46   3.12   5.44   
1914 5.56   5.28   4.98   5.34   6.33   6.63   8.43   9.27   8.23   8.59   7.18   6.80   
1915 6.47   6.53   6.45   7.37   7.69   8.09   8.17   9.42   9.26   8.10   7.56   7.33   
1916 7.01   6.40   5.56   5.95   5.42   4.91   5.14   6.35   5.51   6.30   5.98   5.73   
1917 5.32   4.77   4.59   4.97   6.04   5.66   5.12   5.44   4.87   4.33   3.36   2.85   
1918 3.36   3.45   3.27   3.42   2.35   2.09   2.68   2.33   2.85   2.71   3.26   4.04   
1919 3.53   3.70   4.55   4.78   4.12   4.36   5.13   4.70   4.61   4.67   5.45   5.12   
1920 4.76   4.52   4.09   5.29   5.08   5.67   6.02   6.95   6.37   6.00   5.65   5.37   
1921 5.18   4.68   4.13   5.15   4.46   6.53   7.41   8.94   7.88   6.66   5.76   5.25   
1922 4.72   4.43   4.61   5.06   4.51   4.14   4.07   3.76   2.67   2.06   3.05   2.87   
1923 2.19   2.27   2.89   2.49   2.90   4.08   5.36   7.02   6.87   8.23   7.58   7.49   
1924 6.98   6.66   7.61   7.41   7.64   6.94   0.03  -0.85  -0.84  -0.38  -0.76   0.72   
1925 -0.12  -0.45  -0.80  -1.81  -2.27  -2.73   0.88   1.57   1.43   2.15   2.50   2.52   
1926 2.59   2.07   3.11   4.20   4.53   5.05   6.27   6.01   5.08   5.00   4.78   4.74   
1927 4.20   4.20   4.60   4.01   2.58   4.19   5.43   6.74   7.06   6.21   5.65   5.36   
1928 4.58   4.46   4.28   4.09   5.27   6.47   7.33   6.97   6.06   6.00   6.88   6.26   
1929 5.74   5.45   5.28   4.83   5.04   4.48   5.72   6.98   7.23   6.89   6.87   6.03   
1930 5.80   4.94   4.62   3.45   3.46   2.76   3.96   4.71   3.87   3.94   4.41   3.88   
1931 3.11   3.37   3.24   2.68   3.05   0.03  -0.68  -1.16  -1.65  -1.88  -1.41  -1.76   
1932 -1.64  -2.09  -1.94  -1.50  -2.43  -2.02  -2.12  -2.04  -2.32  -2.18  -2.53  -2.47   
1933 -2.80  -3.01  -3.38  -1.83  -1.44  -1.58  -1.55  -0.75  -0.69  -1.41  -1.69  -1.28   
1934 -1.63  -0.63  -1.21  -1.71  -3.09  -4.07  -4.70  -5.05  -4.89  -5.32  -5.15  -5.00   
1935 -5.09  -5.00  -5.63  -5.44  -3.35  -3.47  -3.90  -4.13  -3.00  -3.00  -2.99  -3.06   
1936 -2.89  -2.82  -3.32  -3.84  -3.48  -3.99  -4.19  -3.60  -2.76  -2.31  -2.60  -2.59   
1937 -2.69  -2.48  -2.17  -2.32  -3.12  -3.06  -3.81  -4.56  -4.28  -4.04  -3.87   0.13   
1938 0.15   0.25   0.38   0.78   1.47   1.66   1.85   1.55   2.86   2.41   2.70   2.48   
1939 2.95   3.41   3.36  -0.17  -0.66  -0.92  -1.70  -2.20  -2.78  -3.19  -3.14  -3.01   
1940 0.26   0.56   0.56   0.59   0.97  -0.43  -0.85  -1.24   1.01   0.27   0.83   0.89   
1941 1.03   0.61   1.56   2.33   3.01   4.00   5.29   5.87   7.48   8.80   7.71   7.22   
1942 6.65   6.63   6.77   9.44   7.78   8.74   8.06   7.82   8.24   9.29   8.01   7.61   
1943 6.83   5.98   5.37   4.27   4.01   3.41   2.65   2.72   1.65   1.00   0.66   0.97   
1944 1.49   1.13   1.58   3.87   4.69   4.60   5.38   4.49   3.42   3.28   2.92   2.70   
1945 2.87   2.72   1.83   2.48   1.89   1.98   2.50   4.18   3.85  -0.04  -0.50  -0.68   
1946 -0.56  -0.70  -0.63  -1.21  -0.91  -1.54  -1.84   0.79   0.02   0.63   3.21   2.60   
1947 2.49   2.61   2.75   2.90   3.93   5.18   5.89   5.98   5.28   5.00   4.48   4.40   
1948 4.92   5.21   5.91   4.95   4.96   5.82   5.28   5.16   4.12   3.18   2.88   2.49   
1949 2.51   2.09   2.07   1.79   2.10   3.73   4.21  -0.28  -0.68  -0.35  -1.31  -1.63   
1950 -1.70  -1.94  -2.26  -2.71  -3.42  -3.92  -2.94  -2.93  -2.13  -2.83  -2.75  -2.89   
1951 -2.38  -2.37  -2.33  -2.10  -1.66  -0.89  -1.68  -1.27  -1.77   0.13   0.44   0.55   
1952 0.32   0.25   0.47   0.99  -0.18  -1.30  -2.14  -1.88  -2.05  -2.66  -1.95  -1.88   
1953 -2.14  -2.10  -2.26  -1.86  -1.29  -2.05  -1.98  -1.61  -2.62  -2.38  -1.94  -1.39   
1954 -1.47  -2.15  -2.31  -3.37  -3.55  -4.65  -4.65  -4.65  -4.96  -4.30  -4.45  -4.14   
1955 -4.17  -3.74  -3.91  -4.12  -2.34  -2.57  -3.40  -2.80  -2.98  -3.40  -3.25  -3.33   
1956 -2.87  -2.72  -2.83  -2.58  -3.30  -4.39  -4.18  -4.27  -5.13  -5.34  -4.56  -4.29   
1957 -3.76  -4.02  -3.78   2.23   3.72   4.51   5.28   5.02   4.42   4.34   4.95   4.13   
1958 3.89   3.53   3.99   3.82   3.86   4.03   4.52  -0.18  -0.52  -0.68  -0.84  -0.84   
1959 0.38   0.48   0.66   0.69   0.62  -0.11  -0.90  -0.95   0.68   1.83   1.51   1.19   
1960 1.62   2.58   2.43  -0.21  -0.82  -1.04  -0.80  -2.11  -2.04   1.41   0.95   1.37   
1961 0.88   1.26   1.44   1.08   0.62   1.32   1.80   2.66   3.10   2.93   3.10   2.93   
1962 2.97  -0.11  -0.05  -0.41  -1.03  -0.72  -0.18  -1.53  -1.88  -2.07  -2.03  -2.18   
1963 -2.07  -2.16  -2.31  -3.43  -4.69  -4.93  -5.62  -4.22  -3.65  -3.99  -4.24  -3.93   
1964 -3.93  -3.19  -2.82  -2.89  -2.43  -3.08  -3.83  -4.01  -3.92  -4.29   0.25  -0.05   
1965 -0.23   0.17   0.43  -0.24  -0.75   2.32   3.56   4.64   4.98   4.76  -0.70  -0.62   
1966 -0.48  -0.43  -1.28  -1.51  -2.65  -3.06  -2.66  -1.84  -1.43  -1.64  -2.10  -2.03   
1967 -1.95  -1.82  -2.64  -2.96   0.37   0.65   0.95   1.25   1.03   0.82   0.46   1.02   
1968 -0.31  -0.25  -0.40  -0.23  -0.38  -1.18   1.11   1.31  -0.36  -0.75  -0.55  -0.62   
1969 -0.91  -1.22   0.41   0.16   0.53   1.42   1.50   1.33   1.73   3.44   3.02   3.19   
1970 2.69   2.08   2.84   2.80   1.79   1.72   1.86   1.57   2.16   2.74   2.53  -0.46   
1971 -0.48  -0.22  -0.58  -0.53  -0.45  -1.29   0.74  -0.48  -0.09  -0.07  -0.01  -0.11   
1972 -0.10  -0.54  -0.99  -1.64  -2.07  -2.32  -2.81  -2.72   0.26   0.40   1.48   1.47   
1973 1.31   0.80   1.90   2.42   2.76   2.60   3.49   2.53   3.04   2.51   1.94   2.73   
1974 2.76   2.57  -0.19  -0.50  -1.49  -1.66  -1.88  -2.53  -2.61  -2.00  -1.75  -1.33   
1975 -1.08  -0.93  -0.67  -0.71  -0.95  -0.73  -0.73  -1.13  -1.41  -1.82  -0.77  -1.01   
1976 -0.90  -1.21  -1.23  -1.17  -1.47  -2.19  -2.44   0.14   1.35   1.65  -0.02  -0.33   
1977 -0.68  -0.64  -1.00   0.36  -0.30  -1.00   0.43   0.83  -0.71  -1.24  -1.07  -1.00   
1978 -0.96  -0.98  -1.39  -1.92  -1.24  -1.02  -1.71  -2.09  -2.78  -0.03   0.05   0.42   
1979 0.67   0.32   0.90   0.42   1.21   1.83   1.65   1.92   1.39   1.21   1.69   2.02   
1980 2.27   2.11   2.53   4.11   5.03   4.69  -0.49  -1.13  -1.21  -1.63  -1.64  -2.30   
1981 -2.61  -2.91  -2.28  -3.49  -3.26  -4.15  -3.67  -2.44  -2.64  -2.70  -3.03  -2.50   
1982 -2.26  -2.16  -2.43  -2.73   0.29   0.83   0.99   0.82   1.26  -0.25  -0.45  -0.23   
1983 -0.30  -0.36   0.81   1.03   1.57   2.31  -0.52  -0.66  -1.42  -1.57   0.48   0.95   
1984 0.79   0.92   1.66   1.99   1.13   1.06   1.29   1.94   1.34   3.15   2.62   2.47   
1985 2.51   2.36   2.09   2.20   2.20   1.55   2.41  -0.83   0.37   0.54   0.92  -0.07   
1986 -0.65  -0.69  -1.70  -2.19  -3.11   0.24  -0.22   0.59   0.42   1.22   1.57   1.33   
1987 1.52   2.34   2.65   1.75   2.52   2.90  -0.86   0.75   0.69   0.08   0.17   0.39   
1988 0.57  -0.12  -0.22  -0.43  -0.42  -0.05  -0.47  -1.14   0.68  -0.72  -0.81  -0.71   
1989 -0.79  -0.45  -1.30  -2.12  -2.62  -2.12  -2.64  -2.42  -1.83  -2.11  -2.60   0.04   
1990 0.30   0.61   0.69   0.57   0.87   0.05   1.57   1.09   1.72   1.75   1.65  -0.14   
1991 -0.31  -0.88  -0.98  -1.23  -2.07  -2.17   0.26   1.02   0.80   0.56   2.04   2.10   
1992 -0.03  -0.26  -0.31  -1.15  -1.89   0.97   1.39   2.59   1.62   1.04   2.01   1.80   
1993 1.63   1.98   2.20   1.92   2.09   2.17   1.47   2.43   2.23   2.44   2.70   2.14   
1994 1.94   1.45   1.18   1.55   1.77   1.52   0.77   1.58   1.14   1.70   1.78   1.28   
1995 1.03   0.76   0.83   1.80   3.65   5.53   5.90   5.49   5.37  -0.42  -0.92  -1.09   
1996 -0.88  -1.03  -0.81  -1.19  -1.37  -1.31   0.74   1.25   1.81   1.48   1.10   0.90   
1997 0.88   1.04   0.06   1.14  -0.70   0.54   0.44   2.35   2.19   3.64   4.00   4.12   
1998 3.56   3.43   3.88   3.94   2.80   2.41   4.57   4.91   4.02   4.55   4.27   3.73   
1999 3.38   2.43   1.74   4.15   4.89   5.29   6.02   7.07   6.60   6.05  -0.64  -0.47   
2000 -0.27  -0.69   1.06  -0.26  -1.25  -1.44  -1.47  -1.88  -2.28   0.86   0.65   0.39   
2001 0.84  -0.07  -0.07  -0.82   0.79   0.45   0.69  -0.40  -0.69  -1.27  -1.38  -1.49   
2002 -1.36  -1.63  -2.09  -3.21  -4.52  -5.39  -6.39  -6.97  -5.93  -5.05  -4.94  -4.57   
2003 -4.61  -3.99  -3.20  -3.35  -3.84  -2.76  -3.72  -4.08  -3.88  -4.30  -4.16  -4.02   
2004 -3.80  -3.28  -4.09   1.43  -1.50   0.80   1.30   2.06   1.81   1.44   1.94   1.66   
2005 2.22   1.80   2.02   2.05  -0.42  -0.21  -1.02  -0.73  -1.17   0.98  -0.44  -0.51   
2006 -0.45  -0.89  -1.23  -2.24  -3.37  -4.41   0.72   1.50   2.05   3.13   2.49   4.00   
2007 3.86   3.45   2.50   2.88   2.90   3.04   2.48   2.68  -0.37  -0.72  -1.32  -0.58   
2008 -0.43  -0.34  -0.49  -0.73  -1.46  -2.11  -2.80   1.55   0.97   1.60  -0.50  -0.42   
2009 -0.62  -1.04  -1.48  -1.26  -1.83  -1.70  -1.30  -1.93   0.32   1.93   1.51   1.44   
2010 1.23   1.49   2.29   2.07   1.40   0.90   1.70   1.91  -0.82  -1.33  -1.58  -1.65   
2011 -1.75  -1.58  -2.23  -2.68  -3.22  -4.18  -4.36  -4.52  -4.11  -3.75  -3.57  -2.68   
2012 -2.85  -2.64  -3.70  -4.00  -4.91  -6.10  -6.45  -7.32  -6.63  -6.31  -6.57  -6.03   
2013 -5.79  -5.28 -99.99 -99.99 -99.99 -99.99 -99.99 -99.99 -99.99 -99.99 -99.99 -99.99   
