1895 0.35   1.10   1.39   1.56   1.83   3.74   6.40   7.41   6.85   6.49   6.19   5.78   
1896 5.43   4.75   5.14   5.40   5.03   5.17   5.36   5.02   5.31   4.76   4.52   4.03   
1897 3.63   3.58   4.25   4.48   3.73   4.17   4.48   5.33   4.36   4.86   4.21   4.11   
1898 3.71   3.09   2.47   2.37   3.79   3.94   4.08   3.53   3.01   2.91   2.94   2.84   
1899 -0.15  -0.42   0.49  -0.59  -1.18   0.15   1.19   0.95   0.24   0.87   0.95   1.03   
1900 0.69   1.02   0.20   3.11   2.53   2.46   2.80  -0.22  -0.16  -0.52  -0.95  -0.99   
1901 -1.02  -1.17   0.43   1.08   0.81   1.08  -0.96  -0.86  -0.67  -1.17  -1.71  -1.60   
1902 -1.44  -1.45  -1.44  -2.15   0.12   0.35   0.88   0.66   1.04   1.00   0.79   1.13   
1903 0.72   1.59   1.07   1.00   1.55   2.18   2.67   2.89   0.04   0.09  -0.40  -0.63   
1904 -0.84  -1.13  -1.47  -1.46   0.76   2.50   3.38   3.79   4.03   3.65   2.77   2.34   
1905 2.22   2.13   2.17   3.88   4.54   4.89   6.14   6.13   5.89   5.89   5.12   4.49   
1906 3.88   3.24   3.98   4.80   4.43   4.18   5.18   5.09   5.37   6.10   5.67   5.08   
1907 4.58   3.94   2.86   2.77   3.02   2.83   3.38   3.36   3.11  -0.46  -0.56  -0.39   
1908 -0.56  -0.07  -0.80  -1.39   0.42   1.14   1.47   2.47   1.25   2.07   2.47   2.21   
1909 1.94   1.90   2.15   2.21   2.11   2.79   3.43   3.42   3.87   3.62   4.04   4.32   
1910 4.02   0.02  -1.11  -1.57  -1.24  -1.71  -1.91   0.10  -0.11   0.29  -0.21  -0.12   
1911 -0.36   1.00  -0.48  -0.20  -1.05  -2.00   0.62   1.00   0.62   1.81   1.98   2.50   
1912 2.42   2.78   3.83   3.82   3.41   4.34   4.88   5.62   6.05   5.79   5.14   4.68   
1913 4.27   4.41   4.31   4.11   3.62   2.89   2.52   1.76   2.11   2.49   2.15   4.11   
1914 3.81   3.65   3.13   3.51   3.42   2.78   3.34   3.99   3.33   4.14   3.32   3.34   
1915 3.29   3.78   4.04   4.60   5.62   7.11   7.46   9.39  10.16   9.24   8.69   8.21   
1916 7.63   6.86   6.09   6.00   5.60   5.55   5.43   6.53   5.63   6.48   6.08   5.50   
1917 5.03   4.32   4.20   4.61   5.77   5.37   4.48   4.64   4.30   4.02   3.18   2.66   
1918 2.71   2.78   2.32   2.69   2.04   1.51   1.63   1.36   1.72   1.59   2.02   2.75   
1919 2.33   2.88   3.16   3.62   2.98   3.10   3.03   2.41   2.71   3.07   4.46   4.10   
1920 3.64   3.44   3.00   4.64   4.49   4.62   5.12   6.18   5.53   5.19   4.97   4.66   
1921 4.41   3.80   3.04   3.29   2.62   3.69   3.52   3.88  -0.34  -0.67  -0.70  -0.91   
1922 -0.89  -0.87  -0.81  -0.21  -0.39  -1.12  -1.01  -1.34  -2.13  -2.37   1.22   0.81   
1923 0.36   0.19   0.63   0.49   1.45   2.66   3.56   5.17   6.04   7.34   6.65   6.57   
1924 6.04   5.69   6.62   6.02   5.93   5.58   5.17   4.38   4.11   4.24   3.43   3.76   
1925 -0.10  -0.38  -0.84  -1.46  -2.07  -2.43   0.21   0.76   0.57   1.79   1.89   1.92   
1926 1.94   1.47   1.67   1.73   1.39   1.47   1.91   1.94   1.87   1.90   2.16   2.29   
1927 1.87   2.07   2.78   3.30   2.47   4.06   5.02   6.31   6.70   5.87   5.31   4.90   
1928 4.20   4.21   3.99   3.23   3.55   5.05   5.89   5.81   5.01   5.23   5.74   5.18   
1929 4.68   4.38   4.21   4.25   3.93   3.24   3.90   4.48   4.83   4.86   4.88   4.19   
1930 3.95   3.12   2.42   2.02   2.49   2.06   2.36   3.43   2.66   2.84   3.47   3.05   
1931 2.44   2.81   3.17  -0.20  -0.53  -0.87  -1.58  -1.53  -2.22  -2.54  -2.47  -2.08   
1932 -1.86  -1.83  -1.88  -1.27  -2.30  -2.08  -1.72  -1.51  -1.82  -1.93  -2.23  -1.93   
1933 -2.12  -2.22  -2.38  -1.11  -0.89  -2.02  -2.46  -0.75  -0.82  -1.47  -1.93  -1.58   
1934 -1.88  -0.96  -1.42  -2.37  -4.02  -4.50  -5.91  -6.06  -5.96  -6.19  -5.89  -5.63   
1935 -5.48  -5.08  -5.14  -4.57  -3.08  -2.39  -3.33  -3.95  -3.22  -3.38  -3.14  -3.12   
1936 -3.00  -2.92  -3.20  -3.27  -3.12  -3.99  -4.22  -4.52  -3.94  -3.57  -3.69  -3.39   
1937 -3.18  -3.04  -2.80  -3.17  -3.95  -3.68  -4.60  -5.10  -4.55  -4.42  -4.17  -3.58   
1938 -3.43  -3.26  -0.04   0.75   1.23   0.70   0.84   0.48   0.91  -0.74  -0.77   0.07   
1939 0.66   0.98   1.14  -0.14  -0.89  -0.64  -1.29  -2.08  -2.87  -3.02  -3.24  -2.89   
1940 -2.57  -2.49  -1.94  -2.08  -2.59  -3.05  -3.72  -3.94   0.67  -0.60  -0.69   0.18   
1941 0.43   0.18   0.33   1.16   0.41   0.85   1.95   2.17   4.21   5.36   4.63   4.80   
1942 4.79   5.03   4.59   5.38   4.59   5.97   5.85   6.34   7.74   9.82   9.01   8.30   
1943 7.56   6.78   6.20   5.60   5.91   5.50   5.48   4.82   3.64   3.13   2.43   2.46   
1944 2.95   2.75   3.09   4.92   4.69   3.99   5.24   4.40   3.64   3.52   3.98   3.60   
1945 3.68   3.24   2.21   2.89   2.69   3.26   3.18   5.04   5.42   4.64   3.85   3.19   
1946 2.78   2.25   2.68   1.75   2.21   1.92   2.95   3.32   3.12   3.74   5.42   4.65   
1947 4.29   4.04   3.76   4.13   5.05   6.26   6.17   6.16   5.43   5.05   4.59   4.44   
1948 4.22   3.92   4.14   2.90   2.74   3.28   3.27   2.93   1.93   1.38   1.46   1.32   
1949 1.62   1.32   1.97   1.42   2.24   3.25   3.50   4.80   4.01   4.09  -0.63  -0.88   
1950 -1.02  -0.99  -1.16  -1.43  -1.85  -2.77   0.67   1.29   1.85  -0.79  -1.02  -1.23   
1951 -1.16  -0.82  -1.22   0.47   0.83   2.32   2.69   2.29   3.01   3.26   3.16   2.85   
1952 2.48   2.53   2.72   2.97   2.99  -1.20  -2.13  -2.18  -2.32  -2.55   0.52   0.77   
1953 -0.27  -0.24  -0.78   1.19  -0.57  -1.46  -1.97  -1.29  -2.18  -2.16  -1.55  -1.13   
1954 -1.11  -1.65  -1.54  -2.55  -2.81  -3.88  -4.74  -4.65  -5.11  -4.23  -4.40  -4.01   
1955 -3.70  -3.35  -3.44  -3.65  -3.79  -3.39  -4.59  -5.18  -5.13  -5.02  -4.70  -4.43   
1956 -3.91  -3.69  -3.72  -3.96  -4.87  -6.12  -5.42  -5.48  -5.91  -5.72   1.10   0.91   
1957 0.64   0.19   0.38   1.41   2.91   3.29   4.60   5.24   4.49   4.50   3.99   3.44   
1958 3.08   3.02   3.27   3.56   3.72   4.51   6.30   6.29   5.98   5.39   4.71   4.49   
1959 4.34   3.90   4.07   3.30   3.16   2.51   1.63   1.79   1.96   2.68   2.16   1.83   
1960 2.32   3.43   3.24   2.82   2.69   2.67   2.91   1.70   1.18   1.87   1.46   1.89   
1961 1.37   0.98   1.21   1.01   1.40   1.06   1.50   1.41   2.02  -0.31   0.25   0.19   
1962 0.33  -0.16  -0.23  -0.91  -0.85   1.51   2.22  -0.43  -0.44  -0.72  -0.87  -0.93   
1963 -0.73  -1.03  -0.87  -1.81  -3.05  -3.77  -3.41  -3.22  -1.48  -1.90  -2.00  -2.01   
1964 -2.22  -1.96  -1.90  -1.54  -1.85  -2.16  -3.52  -4.27  -4.43  -4.60  -4.46  -4.38   
1965 -4.06  -3.54  -3.51  -4.24  -4.36   2.06   2.05   2.96   4.14   4.43  -0.57  -0.34   
1966 -0.24  -0.34  -0.86  -0.80  -2.31  -2.42   0.47   0.44   1.51  -0.07  -0.51  -0.72   
1967 -0.87  -1.22  -2.15  -2.79   0.80   1.58   1.64  -0.36  -0.11  -0.47  -0.58  -0.49   
1968 -0.82  -1.01  -1.62  -1.96  -2.19  -3.37  -2.82  -2.19  -2.84  -3.20  -3.06  -2.83   
1969 -2.81  -2.76  -2.72  -2.98  -2.54  -2.34  -2.68  -2.21  -2.62   2.50  -0.04  -0.13   
1970 -0.34  -0.66  -0.41  -0.39  -1.02  -0.84  -1.13  -1.70  -1.84   0.54   0.62   0.25   
1971 0.29   0.87   0.52   1.06   1.35  -0.70  -0.66  -1.59  -1.12  -0.89  -0.66  -0.85   
1972 -0.94  -1.25  -2.18  -2.89  -2.73  -2.59  -2.47   0.48   0.22   0.04   1.41   1.47   
1973 1.57   1.19   2.66   3.28   3.54   3.24   4.10   3.17   4.36   3.98   3.58   3.94   
1974 -0.10  -0.03  -0.05  -0.04  -1.51  -1.27  -1.98  -2.26  -2.83  -2.96  -2.52  -2.29   
1975 -2.25  -2.19  -2.00  -2.10   1.03   1.15  -0.21  -0.97  -1.24  -1.77  -0.79  -0.85   
1976 -0.79  -0.99  -1.32  -1.33  -1.72  -2.65  -2.96  -3.62  -2.77  -2.61  -2.53  -2.64   
1977 -2.52  -2.74  -2.20  -1.38  -0.94  -1.55  -1.93  -1.61  -2.29  -2.67  -2.57  -2.62   
1978 -2.51  -2.15  -2.73  -3.21  -2.72  -3.03  -4.14  -3.19  -4.01  -3.81  -3.49  -3.12   
1979 -2.78  -2.70   0.31  -0.28   0.42   0.54   0.92   2.02   1.11   1.08   1.42   1.56   
1980 1.68   1.63   2.22   2.60   2.48   2.51   2.77   2.67   2.45  -0.44  -0.65  -1.14   
1981 -1.14  -1.34   2.01   1.93   2.94   2.30   2.62   2.94  -0.37  -0.31  -0.37  -0.67   
1982 -0.82  -0.82  -1.30  -1.74   0.79   2.27   2.31   2.23   2.38   2.04   1.89   2.61   
1983 2.13   1.94   2.62   3.47   3.62   4.33   4.38   3.90   2.81   2.21   2.83   2.52   
1984 2.41   2.80   2.96   4.03   3.33   3.31   2.98   2.65   1.96   3.03  -0.18   0.08   
1985 0.14   0.19  -0.57  -0.60  -0.25  -1.04   0.84  -0.76   0.42   0.38   0.64   0.72   
1986 0.22   0.59  -0.88  -0.69  -1.13  -1.21  -1.93  -2.27  -2.23   0.41  -0.16  -0.28   
1987 -0.33   0.84   1.15  -0.69   1.05   1.66   1.56   1.58   1.26   0.79   1.11   1.29   
1988 1.76   1.48   1.23   1.06   2.15  -0.36   0.00  -0.48  -0.14  -0.71  -0.99  -0.92   
1989 -0.64  -0.64  -1.24  -2.01  -2.55   1.02   0.42   0.93   1.02  -0.51  -1.04  -1.05   
1990 0.58   0.41   0.69   0.41   0.94  -0.99   0.76   0.97   0.81   1.03   1.17  -0.30   
1991 -0.49  -0.88  -0.69  -1.06   0.23  -0.22   0.92   0.86   0.27   0.28   1.25   1.62   
1992 2.25   2.05   2.19  -0.74  -1.94   1.01   1.76   3.54   2.73   2.51   2.59   2.22   
1993 2.00   2.35   1.82   1.59   1.34   0.95   1.67   2.52   1.93   3.17   3.51   3.19   
1994 3.23  -0.05  -0.60   0.71  -0.94  -1.64  -1.08  -1.30  -1.90   1.17   1.51   1.40   
1995 1.63   1.53   1.59   2.51   4.62   5.74   6.22   5.65   5.56   5.00   4.33   3.57   
1996 3.27   2.68   2.36   1.76   2.35   1.99   2.69   3.41   4.11  -0.40  -0.64  -0.86   
1997 -0.92  -0.54  -1.36  -1.43  -1.89   0.10   0.60   1.52   0.86   2.12   2.00   2.04   
1998 -0.28   0.38  -0.49  -0.69  -1.03  -1.58   1.40   1.44  -0.74  -0.28  -0.18  -0.34   
1999 -0.57  -0.97  -1.66   0.68   0.66   1.06  -0.74   1.67   1.69  -0.49  -1.11  -1.10   
2000 -1.06  -1.13   0.86   0.93  -1.30  -2.08  -2.14  -2.63  -2.46  -1.28  -1.08  -1.19   
2001 -0.73  -0.59  -0.69  -0.85  -0.58  -1.45  -0.85  -1.72  -1.09  -1.18  -0.97  -1.14   
2002 -1.25  -1.39  -1.65  -2.42  -3.74  -4.40  -5.81  -4.95  -4.56  -3.40  -3.25  -3.36   
2003 -3.26  -3.00  -2.41  -2.02  -1.81  -0.70  -1.61  -2.23  -2.56  -3.08  -3.10  -2.98   
2004 -2.96  -2.47  -3.01  -2.55  -3.66  -3.48  -2.56  -2.50  -2.00  -1.87  -1.15  -1.16   
2005 -1.20  -1.38  -1.70  -1.46  -1.76  -1.68  -2.47  -1.78  -2.66   1.91  -0.11  -0.17   
2006 -0.29  -0.48  -0.74  -1.52  -2.67  -3.39  -3.69   0.10   1.01   1.67   1.08   2.65   
2007 2.76   2.53  -0.67   0.63   0.31   0.06   0.16   0.56  -0.34  -0.69  -1.11   0.80   
2008 -0.27  -0.29  -0.73  -0.74  -1.56  -1.97  -1.94   2.37   2.50   3.47   3.16   2.79   
2009 2.31   2.10   1.55   2.33   1.95   2.88   3.89   4.31   4.55   5.94   5.29   5.10   
2010 4.42   4.14   4.12   4.12   3.39   2.91   3.26   4.31   3.35   2.75   2.19   1.88   
2011 1.69   1.60   1.14   1.26   2.62   2.16   2.49  -0.15  -0.17  -0.07  -0.16  -0.09   
2012 -0.40   0.59  -1.01  -0.98  -2.37  -3.83  -4.03  -4.85  -4.70  -4.38  -4.63  -4.00   
2013 -3.85  -3.52 -99.99 -99.99 -99.99 -99.99 -99.99 -99.99 -99.99 -99.99 -99.99 -99.99   
