1895 1.45   1.73   1.59   0.70   1.69   2.07   3.84   3.45   2.40   2.09   2.27   2.20   
1896 2.61  -0.34  -0.15  -0.34  -0.83  -1.05   0.36   0.21   0.01   0.28  -0.26  -0.56   
1897 0.25   0.58   1.23   1.40   2.07   2.42   2.92   2.79   2.84   3.20  -0.33  -0.73   
1898 -0.90  -1.07  -1.19  -1.26   0.52   0.50   1.22  -0.46  -0.79  -0.91  -0.89  -0.47   
1899 -0.03  -0.51  -0.61  -0.99  -1.67  -2.14  -0.87  -1.00  -1.70  -1.30  -1.42  -1.53   
1900 -1.88  -2.08  -2.58  -0.72  -0.99  -1.01  -1.98  -2.81  -2.64  -2.76  -2.92  -3.35   
1901 -3.48  -3.40  -3.31  -2.76  -2.16  -2.67  -2.90  -2.47  -2.70  -2.82  -2.94  -3.05   
1902 -3.33  -3.39  -3.38  -3.71  -4.09  -4.88  -5.41  -4.92  -4.22  -4.14  -4.15  -3.91   
1903 -3.94  -3.88  -3.66  -3.43  -3.94  -2.95  -3.79  -4.15  -4.37  -4.07  -4.37  -4.71   
1904 -5.09  -5.44  -5.70  -5.83  -5.79  -5.65  -5.38  -5.01  -4.18  -4.12  -4.40  -4.47   
1905 0.02   0.06   0.71   2.09   2.18   1.82   1.65   1.14   1.18   0.81   1.92   1.35   
1906 1.13   0.64   1.22   1.98   2.06   2.21   2.91   2.46   2.95   2.68   3.10   3.28   
1907 3.19   2.89   2.35   2.49   2.99   3.24   3.89   4.42  -0.15   0.22  -0.52  -0.64   
1908 -0.97  -0.83  -1.08  -0.89  -0.51  -1.06   0.77   1.04   0.81   1.53   1.72   2.12   
1909 2.68   2.65   2.73   2.70   2.48   2.56   3.07   3.95   4.15   3.41   3.59   3.66   
1910 3.73  -0.07  -0.55  -0.68  -0.95  -1.04  -0.78  -0.62  -1.05  -0.93  -0.97  -1.25   
1911 0.64   1.12   1.12   0.90   0.57   0.78   2.62   2.25   2.30   2.79   2.62   2.10   
1912 2.10   1.73   2.54   2.70   2.75   3.68   4.73   4.51   3.69   4.02   3.32   2.72   
1913 2.66   2.64   2.21   2.01   1.46   2.46   2.34   2.19   2.35   1.81   1.97   2.68   
1914 3.59   3.37   3.25   3.06   3.81   4.72   7.22   6.46   5.42   5.76   4.70   4.73   
1915 4.97   5.15   4.74   5.52   5.49   5.11   5.49   4.49   3.82   2.91   2.55   2.79   
1916 3.48   3.05   2.67   2.86   2.45   1.98   2.74   3.49   2.99   4.21   3.61   3.63   
1917 3.83   3.33   2.99   3.30   4.28   4.19   4.59   4.32   4.03   3.16   2.41   1.67   
1918 2.52   2.25   2.28   1.96   1.27   1.11   1.78   1.61   1.43   1.31   1.22   1.62   
1919 1.22   1.33   1.40   1.79   1.51   1.20   2.62   2.05   2.06   1.49   1.87   1.51   
1920 1.71   1.60   1.62   2.25   2.50   3.00   3.08   2.90   2.44   2.97   2.26   1.80   
1921 1.79   1.46   1.35   1.88   2.12   3.16   4.99   5.83   4.91   4.45   3.68   3.72   
1922 3.84   3.54   3.80   4.10   3.81   3.85   3.45   3.41  -0.76  -1.20  -0.64  -0.46   
1923 -0.79  -1.24   0.23   0.33   0.26   0.44   1.24   2.16   1.49   2.27   2.42   2.71   
1924 2.37   1.80   2.33   2.46   2.57   2.35   2.61  -0.44  -0.78  -0.70  -0.84  -0.42   
1925 -0.78  -0.98  -1.06  -1.45  -1.69  -1.72   0.83   1.36   1.36   1.42  -0.16  -0.45   
1926 -0.39  -0.40   0.50   1.37   2.21   2.37   2.53  -0.36  -0.25  -0.52  -0.72  -0.31   
1927 -0.67   0.17   0.56  -0.07  -0.61   0.52   1.09   1.43   2.03  -0.31  -0.44  -0.35   
1928 -0.89  -0.94   0.11   0.33   1.44   1.48  -0.01   0.04  -0.77   0.47   1.10  -0.29   
1929 -0.25  -0.34   0.07   0.05   0.49   0.33   1.79   2.91   3.47   3.16  -0.17  -0.73   
1930 -0.13  -0.37  -0.45  -0.87  -0.66  -1.04   1.84   2.20  -0.03  -0.61  -0.34  -0.91   
1931 -1.46  -1.27  -1.28  -1.48  -1.81  -2.16  -2.36  -2.48  -2.42  -2.64  -1.58  -1.90   
1932 -2.11  -2.10  -2.49  -2.69  -3.20  -3.25  -3.28  -3.68  -4.24  -4.16  -4.45  -4.37   
1933 -4.47  -4.76  -5.28  -4.93  -5.16  -5.25  -5.25  -4.91  -4.68  -4.94  -4.66  -4.30   
1934 -4.51  -4.54  -5.35  -5.85  -6.39  -6.83  -7.35  -7.38  -6.91  -7.25  -6.93  -6.94   
1935 -6.70  -6.65  -6.37  -6.24  -4.22  -4.43  -4.45  -4.38  -3.89  -3.78  -3.89  -4.23   
1936 -4.53  -4.69  -5.04  -5.25  -6.08  -6.38  -6.59  -4.68  -4.11  -4.17  -4.35  -4.42   
1937 -4.57  -4.51  -4.61  -4.50  -4.40  -4.55  -5.20  -5.15  -4.91  -5.16  -5.36  -5.46   
1938 -5.09  -4.98  -4.52  -4.14  -3.96  -3.79  -4.25  -4.92  -3.52  -2.51  -2.66  -2.90   
1939 -2.66  -2.66  -2.63  -2.89  -3.60  -3.97  -4.31  -4.63  -4.45  -4.36  -4.53  -4.55   
1940 -4.29  -3.84  -4.23  -4.06  -3.75  -4.51  -5.12  -5.21  -4.98  -5.15   0.32   0.84   
1941 1.18   0.95   1.78   2.58   4.42   5.60   5.88   5.52   6.05   7.17   6.56   6.20   
1942 5.78   5.97   6.23   8.00   6.96   6.63   5.60   4.24   3.76   3.21   2.43   2.43   
1943 2.85   2.74   2.73   1.72   1.46   1.91   1.80   2.69   2.07   2.05   1.80   1.79   
1944 2.36   2.83   3.67   4.53   4.30   4.32   4.21   3.25   2.30   2.45   2.49   2.67   
1945 2.69   2.67   3.06   3.68   3.36   3.23   2.89   3.00  -0.41  -0.45  -0.74  -0.85   
1946 -1.05  -1.27  -0.86  -0.77  -0.71  -1.33  -1.04  -0.83  -1.30   0.55   0.76  -0.13   
1947 -0.02  -0.35  -0.76   0.36   0.50   0.64   0.17   0.85   0.94   0.89   0.73   0.70   
1948 1.04   1.43   1.44   0.90   1.01   1.53  -0.56  -1.12  -1.86  -1.74  -2.03  -1.98   
1949 -1.58  -1.60  -1.66  -1.68  -1.25  -0.90  -0.57  -1.17  -1.35  -1.57  -2.12  -2.15   
1950 -1.90  -2.00  -2.30  -2.68  -3.25  -3.13  -3.04  -3.47  -3.15  -3.69  -3.71  -3.87   
1951 -3.53  -3.39  -3.54  -3.08  -3.33  -3.89  -3.92  -3.39  -4.08  -3.97  -3.85  -3.42   
1952 -2.60  -2.81  -2.94  -2.48  -2.36  -2.88  -2.69  -2.11  -1.83  -2.58  -2.29  -2.60   
1953 -2.97  -3.23  -3.51  -3.28  -2.50  -2.73  -2.31  -2.95  -3.77  -3.21  -2.94  -3.10   
1954 -3.33  -3.68  -4.09  -4.77  -4.94  -5.69  -5.10  -4.98  -4.62  -5.05  -5.28  -5.35   
1955 -5.50  -5.63  -6.10  -5.62  -4.92  -5.64  -5.83  -5.40  -5.70  -6.06  -5.97  -5.95   
1956 -5.58  -5.56  -5.76  -5.45  -5.80  -6.46  -7.07  -7.21  -7.72  -7.33  -6.97  -6.92   
1957 -6.21  -6.16  -5.92   0.66   1.89   1.72   3.32   3.62   2.35   2.47   2.81   2.02   
1958 1.75   1.49   1.72   2.23   2.04   2.00  -0.51  -0.59  -0.39  -0.48  -0.54  -0.92   
1959 -1.23   0.33  -0.33   0.35   0.68  -0.09  -0.70   0.73   1.00   2.76   2.39   2.51   
1960 2.69   3.01   2.94  -0.29  -0.27   0.44  -0.12  -1.07  -1.48   0.77  -0.22  -0.11   
1961 -0.53  -0.66   0.73   0.84   0.66   0.46   0.21   1.01   1.42   2.50   2.50   2.51   
1962 2.22   2.76   2.90  -0.60  -0.82  -0.73  -0.66  -1.46  -1.12  -1.26  -1.04  -1.19   
1963 -0.99  -0.70  -0.71  -1.01  -1.64  -1.75  -1.84  -1.49  -1.74  -2.29  -2.28  -2.57   
1964 -2.78  -2.56  -2.27  -1.92  -2.01  -2.22  -2.06  -1.72  -1.06  -1.88   1.06   2.15   
1965 2.51   2.63   3.08   3.47   3.63   4.46   5.35   5.06   6.09   5.56   4.94   5.55   
1966 5.00   4.73  -0.26  -0.59  -0.70  -0.25  -0.29  -0.03  -0.70  -1.05  -1.08  -0.54   
1967 -0.65  -0.74  -1.09  -1.16   0.23   0.70   1.16   2.30  -0.08  -0.69  -1.18   1.44   
1968 1.39   1.27   1.11   1.33   1.38   1.06   2.50   3.52  -0.26  -0.78  -0.77   0.18   
1969 0.51   0.59  -0.11  -0.78  -0.89   2.03   2.82   2.78   3.30   4.80   4.27   3.93   
1970 3.38   2.84   3.15   3.02   2.57   2.96   2.98   3.04   4.72   4.90   4.56   4.13   
1971 3.61   3.55   2.95   2.48   2.64   2.30   2.86   2.80   2.92   3.27   3.04   3.35   
1972 -0.09  -0.39  -1.01  -1.69  -2.18  -2.30  -2.58  -2.72  -2.64   1.70   2.27   2.86   
1973 2.65   2.46   3.02   2.96   3.30   3.69   3.83   0.04  -0.01  -0.38  -0.53  -0.61   
1974 0.65  -0.29  -0.56  -0.82  -1.67  -1.96  -1.57  -1.76  -1.97   0.19   0.05   0.04   
1975 0.54   0.72   1.43   1.76   1.37   1.63   2.11   1.33   1.64   1.20   1.56   1.16   
1976 0.59   0.97   0.97   1.12   1.47  -0.11  -0.45   0.38   0.55  -0.29  -0.59  -1.16   
1977 -1.34  -1.50  -1.91  -1.83  -2.40  -2.96  -2.63  -2.91  -2.83  -3.07  -2.56  -2.85   
1978 -2.64  -2.57  -2.48  -2.53  -1.58  -1.43  -1.77  -2.57  -2.87  -2.69   1.80   3.44   
1979 4.42   4.46   5.81   5.30   5.80   6.07   5.63   5.33   4.23   3.78   3.80   3.76   
1980 4.99   6.29   6.19   6.27   6.94   6.54  -0.28  -0.13  -0.59  -0.76  -1.15  -1.60   
1981 -2.12  -2.52  -2.11  -2.90  -2.68  -2.60  -1.92  -1.16  -1.23  -0.58  -0.77  -1.13   
1982 -1.36  -1.23  -0.96  -1.13  -1.05  -1.43  -1.74   0.98   2.19   1.88   1.88   1.91   
1983 1.43   1.19   1.47   1.60   1.90   2.88   2.68   2.87   2.64   1.81   2.26   2.85   
1984 2.69   2.59   2.71   2.93   2.61   3.23   3.47   4.01   3.58   4.53   3.99   4.06   
1985 3.86   3.52   4.21   4.16   4.11   4.05   4.59   3.62   5.12   5.36   5.93   5.39   
1986 4.66   4.55   4.11   4.55   4.39   4.88   5.72   5.31   5.87   6.41   6.72   6.02   
1987 6.19   6.68   6.83   6.07   5.97   6.16   5.19   5.43   4.42   3.64   3.86   3.73   
1988 3.86   3.67   3.37   3.04   3.01   3.97   3.94   4.49   4.22   3.21   3.21   3.21   
1989 3.16   3.46  -0.35  -1.11  -1.51  -1.74   0.58   0.40   0.94  -0.02  -0.70  -1.22   
1990 -0.02   0.22   0.80   1.86   2.41   2.37   3.18   3.17   4.40   4.31   4.66   4.97   
1991 4.61   4.11   5.39   4.78   4.72   5.17   5.49   5.70   5.52   5.01   5.87   5.76   
1992 5.19   4.79   5.12   3.75   4.10   4.35   4.93   6.06   5.36   4.31   4.16   4.06   
1993 4.66   5.83   5.68   5.10   5.52   5.40   4.29   6.22   5.74   5.20   4.98   4.32   
1994 3.83   3.72   3.47   3.96   4.32   4.38   3.25   3.04   3.61   3.99   4.60   4.13   
1995 3.91   3.82   4.75   4.70   5.21   6.32   6.62   6.43   6.42  -0.72  -0.89  -1.16   
1996 -0.88  -1.02  -1.08  -1.24  -2.13  -1.50  -1.79  -1.98  -0.02   0.61   1.06   0.77   
1997 1.52   2.04   1.35   1.57   1.87   2.47   2.70   3.06   4.23   4.13   4.46   4.04   
1998 3.56   3.34   3.91   3.74   3.02   2.64   3.58   3.33   2.79   4.20   4.32   3.80   
1999 3.52   3.24   2.37   3.53   4.27   4.79   5.98   7.23   7.26   5.95   4.67   3.84   
2000 3.37   3.29   4.30   3.35   2.62   2.47   1.82   1.71   0.96   1.86   1.63   1.19   
2001 1.89   2.53   2.98   2.87   3.24   3.30   3.63   4.08  -0.61  -1.22  -1.10  -1.39   
2002 -1.61  -1.88  -2.36  -3.41  -4.55  -5.36  -5.99  -6.58  -5.47  -5.13  -5.12  -5.17   
2003 -5.34  -5.25  -5.33  -5.45  -6.10  -6.45  -6.69  -6.45  -5.54  -5.81  -5.05  -5.00   
2004 -4.84  -4.18  -4.88  -3.68  -4.31  -4.49  -4.52  -5.09  -4.46  -3.94  -3.60  -3.58   
2005 -2.60  -2.46  -2.46  -2.36  -2.59  -2.77  -3.52  -3.40  -2.88  -2.46  -2.91  -3.27   
2006 -3.50  -3.89  -3.92  -4.31  -5.34  -5.92  -4.71  -3.69  -3.16  -2.10  -2.33  -2.17   
2007 -2.19  -2.39  -2.59  -2.06  -1.62  -2.02  -1.14  -1.24  -0.88  -1.30  -1.66  -0.74   
2008 -0.58  -0.59  -0.90  -1.32  -1.69  -2.11  -2.26  -2.10  -2.55  -2.70  -2.74  -2.36   
2009 -2.63  -2.88  -3.24  -2.39  -2.12  -1.67  -2.53  -2.97  -2.70  -1.92  -2.27  -2.27   
2010 -1.84  -1.89  -1.49  -1.31  -1.71  -2.11  -2.17  -1.99  -2.18  -2.27  -2.55  -2.51   
2011 -2.91  -2.74  -3.29  -3.41  -3.74  -4.60  -5.06  -5.41  -5.13  -4.36  -4.21  -3.89   
2012 -4.05  -3.79  -4.42  -4.98  -5.34  -6.15  -5.97  -6.19  -5.72  -5.50  -5.33  -3.97   
2013 -3.71  -3.31 -99.99 -99.99 -99.99 -99.99 -99.99 -99.99 -99.99 -99.99 -99.99 -99.99   
