1895,0.00,-0.72,-1.18,-1.17,-1.62,-1.98,-1.85,-2.17,-2.56,-2.48,-2.41,-2.47
1896,-2.94,-1.51,-1.13,-2.19,-2.61,-2.58,-2.11,-2.40,-1.80,-1.43,-1.79,-2.83
1897,-2.58,-2.77,-2.86,-3.45,0.19,0.17,2.71,2.73,-0.43,-1.02,-0.64,-0.24
1898,-0.06,-0.11,-0.90,-0.81,-0.27,-0.75,0.05,0.92,0.47,1.49,2.00,-0.45
1899,-0.62,0.18,0.65,-0.87,-1.48,-1.67,-1.09,-2.01,-1.90,-2.34,-2.93,-3.32
1900,-3.04,1.96,2.03,-0.83,-0.94,-1.01,-1.00,-1.77,-2.18,-2.27,-1.61,-1.90
1901,-2.30,-3.14,0.52,2.13,2.57,1.42,1.33,1.86,1.82,1.84,1.25,2.61
1902,1.96,1.98,1.68,1.34,0.62,0.62,1.26,1.22,1.50,2.52,-1.11,-0.27
1903,-0.43,-0.29,-0.29,-1.03,-2.10,1.44,1.39,1.97,1.41,1.82,-0.48,-0.41
1904,-0.38,-0.90,-1.15,-0.80,-1.26,-1.53,-1.39,-1.34,0.55,0.63,-0.73,-1.06
1905,-0.73,-1.45,-1.77,-2.06,-2.76,-2.61,-2.54,-2.31,-1.85,-1.72,-2.11,-1.96
1906,-2.19,-2.32,-2.10,-1.88,-1.58,-1.49,-0.97,-1.30,-1.62,1.01,-0.53,-0.65
1907,-0.73,-1.21,-1.96,-2.04,-1.91,-1.63,-2.10,-2.80,1.05,2.50,2.68,2.51
1908,2.11,2.63,-0.47,-1.14,-0.80,-1.61,-1.46,-0.91,-1.63,-2.20,-3.25,-3.55
1909,-3.41,-2.11,-2.08,-1.35,-1.65,-1.90,-2.32,-2.34,-2.10,-2.46,-3.09,-2.91
1910,-2.03,-1.67,-2.55,-2.48,-2.62,-2.39,-2.88,-3.19,-3.28,-3.78,-3.72,-3.82
1911,-3.82,-3.71,-3.68,-4.29,-4.96,-4.64,-4.74,-4.08,-3.93,-2.08,-2.06,-2.14
1912,-2.44,-2.59,-1.51,-1.50,-1.30,-2.22,-2.80,-3.05,-3.38,-3.51,-3.60,-3.10
1913,-2.86,-2.89,-2.45,-2.34,-2.34,-2.79,-3.50,-3.79,-3.68,-1.64,-1.91,-2.22
1914,-2.09,-2.08,-1.90,-1.66,-2.00,-2.18,-1.73,-2.08,-2.84,-2.69,-2.88,-2.66
1915,-1.78,-1.05,-2.17,-2.85,-3.16,-3.33,-2.30,-1.17,-1.68,-1.60,-1.99,-1.57
1916,-2.09,-1.27,-1.51,-1.82,-1.78,-1.18,-0.81,-1.07,-1.12,-1.53,-1.88,-1.90
1917,-1.98,-2.26,-2.13,-2.45,-2.16,-1.72,-1.76,-1.31,-1.78,1.34,-0.75,-0.93
1918,-0.97,-1.14,-1.79,-2.03,-2.27,-2.08,-2.04,-2.50,-1.40,-1.74,-1.90,-1.95
1919,-2.03,-2.27,-1.81,-2.06,-1.52,-2.16,0.30,0.05,0.28,0.54,0.83,-0.51
1920,-0.85,0.54,0.22,0.60,0.25,0.74,1.15,0.92,1.35,-0.74,0.36,0.84
1921,-0.49,-0.39,-1.05,-0.82,-1.19,-1.47,-1.36,-2.04,-2.25,-2.68,-2.28,-2.49
1922,-2.86,-2.99,-2.59,-2.91,-2.65,-1.50,-1.12,-1.49,-1.69,-1.59,-2.28,-2.29
1923,-1.39,-1.89,-2.25,-2.14,-2.54,-2.71,-2.77,-3.18,-3.47,-2.08,-1.77,-1.58
1924,-1.36,-1.79,-2.55,-1.38,-0.90,-1.24,-1.86,-1.97,-1.54,-2.38,-2.88,-3.31
1925,-2.97,-2.78,-2.79,-3.16,-3.07,-3.02,-1.80,-2.06,-1.95,-1.08,-1.41,-1.76
1926,-2.02,-1.00,-1.26,-1.32,-2.02,-2.23,-2.16,-2.23,-2.42,-1.71,-1.24,-1.13
1927,-1.43,-1.19,-1.99,-2.39,-1.80,-2.07,0.44,1.55,0.86,1.80,2.79,2.84
1928,2.04,2.01,1.29,1.32,0.68,1.25,1.79,2.29,-0.22,-0.58,-1.10,-1.92
1929,-1.73,-1.39,-1.73,-0.62,-0.60,-1.07,-1.72,-2.21,-2.78,-2.34,-2.70,-2.62
1930,-2.73,-3.02,-3.13,-3.47,-3.36,-3.06,-3.21,-3.58,-4.08,-4.24,-3.91,-3.99
1931,-3.93,-3.87,-3.61,-3.89,-2.95,-1.95,-1.62,-1.30,-2.08,-2.30,-3.20,-3.30
1932,-2.62,-2.83,-2.32,-2.42,-2.72,1.06,1.47,1.64,1.38,1.78,2.95,-0.73
1933,-1.11,-0.82,-0.67,-0.05,-0.83,-1.76,-2.33,0.98,1.70,-0.24,-0.83,-0.92
1934,-0.71,-0.75,-0.95,-0.76,-0.47,-0.65,-0.86,0.10,1.48,1.23,1.38,1.22
1935,1.38,-0.08,-0.59,-1.17,-1.50,-1.08,-0.70,-1.29,-1.33,-2.04,-2.00,-2.63
1936,0.91,0.68,1.75,1.70,-0.22,-0.63,-0.76,-0.57,-0.75,-0.42,-0.89,0.63
1937,1.24,0.97,0.92,0.73,0.84,2.07,1.79,1.62,2.00,2.86,2.62,-0.42
1938,0.47,-0.22,-0.94,-1.26,-1.20,1.41,2.59,2.52,5.03,-0.48,-0.47,-0.44
1939,-0.68,0.43,0.36,1.02,-0.77,-0.94,-1.73,-2.01,-2.41,-1.89,-2.29,-2.48
1940,-2.67,-2.50,0.62,1.20,1.77,0.04,-0.31,0.02,0.22,0.11,0.47,-0.35
1941,-0.60,-0.92,-1.12,-2.31,-2.34,0.48,1.36,-0.33,-0.91,-1.09,-1.52,-1.29
1942,-1.45,-1.72,-0.61,-1.80,0.08,0.32,1.12,0.82,0.67,0.64,1.42,1.88
1943,-0.06,-0.62,-0.86,-0.70,-0.08,-0.58,-0.53,-1.34,-1.87,0.33,1.03,-0.93
1944,-1.51,-1.49,-0.96,-0.72,-1.30,-0.62,-0.97,-1.35,-1.13,-1.45,0.28,0.12
1945,0.47,0.64,-0.79,0.33,1.46,2.31,3.66,3.63,3.52,3.02,3.00,2.99
1946,-0.44,-0.32,-1.33,-1.64,-1.10,-1.24,-0.74,-0.89,-0.82,-1.26,-2.13,-2.47
1947,-2.35,-1.99,-1.80,-1.52,-0.99,-0.88,-0.76,-1.46,-1.51,-2.16,-1.42,-1.71
1948,-1.62,-1.92,0.11,-0.10,0.65,1.22,-0.18,-0.78,-1.70,-2.26,-2.27,1.63
1949,2.41,-0.06,-0.49,-0.66,-0.16,-1.28,-1.47,-1.88,-1.96,-2.39,-3.17,-2.84
1950,-2.43,-2.00,-2.01,-2.15,-1.81,-1.12,-1.19,-0.76,-1.26,-1.81,0.83,1.05
1951,0.93,1.67,2.08,1.71,1.31,0.96,0.74,0.91,0.76,0.92,1.73,1.95
1952,2.18,1.71,1.40,2.19,2.16,2.47,1.85,2.31,2.30,1.50,1.11,0.94
1953,1.97,1.64,3.45,3.64,3.64,-0.17,-0.44,-1.41,-1.68,-1.47,-1.87,-0.97
1954,-1.13,-1.34,-1.10,-1.02,-0.70,-1.38,0.02,0.22,1.45,0.86,1.78,1.86
1955,-0.93,0.32,0.42,0.85,-0.77,-1.17,-2.02,4.52,3.99,6.65,6.65,-0.92
1956,-1.13,0.28,0.86,1.26,-0.62,-0.96,-0.71,-1.48,-0.93,-1.44,-1.27,-0.95
1957,-1.28,-1.92,-2.51,-2.23,-2.51,-3.15,-3.37,-3.56,-3.88,-4.05,-4.16,1.17
1958,1.65,1.27,1.04,1.42,1.18,0.56,1.05,0.77,1.27,1.85,-0.13,-1.00
1959,-0.02,-0.08,0.26,-0.27,-1.27,-1.03,-0.79,-0.84,-1.30,1.15,1.66,1.68
1960,1.42,1.83,1.46,1.14,0.75,1.16,2.11,2.08,2.86,-0.02,-0.40,-0.68
1961,-0.82,0.22,0.09,0.40,0.76,0.00,-0.69,-0.93,-1.31,-1.95,-2.13,-2.29
1962,-2.08,-1.40,-2.17,-1.85,-2.54,-2.75,-3.22,-3.00,-3.18,-3.04,-2.93,-2.79
1963,-2.71,-2.48,-2.43,-3.17,-3.46,-3.04,-2.37,-2.49,-2.16,-3.08,-2.39,-2.52
1964,-2.15,-2.14,-2.32,-2.02,-2.79,-3.09,-3.47,-3.58,-4.06,-4.43,-5.04,-4.76
1965,-4.57,-4.26,-4.61,-4.53,-4.94,-5.21,-5.34,-5.24,-5.04,-4.64,-4.88,-4.96
1966,-4.77,-4.41,-4.37,-4.75,-4.30,-4.51,-4.78,-5.11,-4.29,-3.51,-3.16,-2.99
1967,-3.46,-3.17,0.34,0.37,0.50,0.32,0.57,0.65,0.15,0.36,0.03,0.71
1968,-0.50,-1.41,0.34,-0.42,0.53,1.22,-0.91,-1.70,-1.82,-2.18,-1.93,-1.30
1969,-1.78,-1.48,-1.75,0.59,0.39,0.63,1.93,2.12,1.73,1.18,1.97,2.48
1970,-0.97,-0.59,-0.72,-0.73,-1.11,-1.40,-1.84,-1.99,-1.98,-2.13,-2.22,-2.08
1971,-2.27,-1.80,-1.91,-2.07,-1.65,-2.50,-2.42,0.75,0.85,0.54,0.72,0.57
1972,0.22,0.85,1.24,1.28,1.04,2.83,2.48,2.07,1.16,1.37,2.21,3.18
1973,3.15,3.10,2.62,2.96,3.36,3.40,3.31,2.45,2.16,1.81,1.16,3.19
1974,3.02,2.32,2.30,1.71,1.69,1.15,1.28,1.03,2.11,1.84,1.28,1.39
1975,1.74,1.61,1.76,1.38,1.25,1.18,2.43,2.43,3.86,3.81,3.71,3.45
1976,3.94,3.66,2.87,2.40,2.59,1.87,1.96,3.29,2.98,3.89,2.70,2.18
1977,1.37,1.22,2.43,2.33,1.64,1.48,0.95,0.64,1.70,2.34,2.21,2.54
1978,4.04,-0.78,-0.71,-1.46,-1.02,-0.95,-1.09,-0.96,-1.04,-1.27,-1.89,0.05
1979,2.43,2.23,2.27,2.62,2.79,-0.90,-1.65,0.36,0.86,1.09,1.14,-0.29
1980,-0.90,-1.82,1.65,2.02,-0.88,-0.68,-1.05,-1.56,-2.10,-1.95,-1.95,-2.68
1981,-3.31,3.03,-1.13,-1.34,-1.54,-1.44,-1.39,-2.23,-2.18,0.68,-0.64,0.28
1982,0.43,0.75,0.24,0.91,0.38,1.88,-0.23,-0.28,-0.73,-1.18,-1.39,-1.77
1983,0.54,0.94,2.13,3.90,3.88,-0.19,-0.84,-1.29,-1.96,0.33,0.74,1.69
1984,1.02,1.77,2.11,2.32,4.62,-0.83,0.78,-0.49,-1.18,-1.62,-1.65,-1.94
1985,-2.60,-2.63,-2.92,-3.39,-3.16,0.21,0.67,1.20,1.74,1.28,1.62,-0.57
1986,-0.10,-0.02,-0.16,-1.04,-1.84,0.99,1.58,2.06,-0.77,-0.82,0.54,0.58
1987,0.99,-1.25,-1.41,1.69,-0.66,-1.00,-1.45,-0.03,0.51,1.24,-0.36,-0.92
1988,-1.00,-0.57,-1.09,-1.67,-1.82,-2.72,0.92,-0.04,-0.65,-0.72,1.56,-0.65
1989,-1.16,-1.36,-1.54,0.05,1.92,2.12,2.10,2.45,2.70,3.58,3.34,2.12
1990,2.26,2.33,1.91,1.75,2.76,2.07,1.30,2.94,2.02,2.86,2.33,2.94
1991,-0.46,-0.85,-0.35,-1.03,-0.60,-1.23,-1.43,0.75,1.34,1.34,-0.05,-0.09
1992,-0.58,-0.82,-0.41,-0.41,-1.15,0.86,1.18,1.85,1.33,0.98,1.47,1.99
1993,1.46,1.15,2.16,2.41,-1.05,-1.38,-1.97,-2.51,0.70,0.86,1.14,1.46
1994,2.02,1.61,2.08,1.69,1.53,1.61,2.30,3.26,2.96,2.21,2.01,2.32
1995,2.30,-0.28,-0.75,-1.12,-1.19,-2.11,-1.89,-2.14,-2.12,1.98,2.49,1.69
1996,3.19,2.70,2.32,3.13,2.91,2.00,3.39,2.75,3.28,4.36,4.02,4.88
1997,4.44,3.41,3.18,3.54,0.02,-0.76,0.21,0.90,-0.62,-1.10,1.02,0.85
1998,0.84,0.48,0.64,0.44,0.39,1.01,-0.50,-1.25,-1.54,-0.91,-1.25,-1.99
1999,0.91,0.75,1.63,-1.01,0.40,-0.85,-1.54,-1.92,2.21,2.05,-0.21,-0.64
2000,-0.50,-0.69,-0.74,-0.79,0.21,1.20,2.93,-0.18,-0.18,-0.61,-0.72,-0.34
2001,-0.80,-0.93,1.37,-0.94,0.02,0.80,-0.75,-0.85,-0.59,-1.28,-2.35,-2.70
2002,-3.17,-3.53,-3.40,-3.25,0.16,0.64,-0.49,-0.53,-0.71,0.03,0.75,0.75
2003,0.65,0.94,1.07,-0.70,0.27,1.05,0.74,0.81,2.35,3.11,2.89,3.23
2004,2.46,1.71,1.15,1.59,1.41,0.84,0.84,1.70,3.19,2.68,2.18,2.31
2005,2.94,2.37,2.64,0.01,-0.39,-0.83,-1.01,-1.53,-2.13,3.82,3.66,3.56
2006,4.69,3.77,2.33,2.58,3.27,4.29,3.03,3.26,3.03,3.78,3.81,2.87
2007,2.27,1.61,1.77,3.16,-0.83,-1.17,-0.29,-0.92,-1.47,0.15,-0.15,0.62
2008,0.06,2.79,3.14,2.50,1.88,2.46,2.93,3.23,4.34,3.95,3.33,4.21
2009,3.79,2.79,2.11,1.39,1.52,2.95,4.46,4.69,3.83,4.07,3.16,3.27
2010,2.85,3.32,4.08,-1.03,-1.56,-1.57,-1.51,-1.59,-2.13,1.87,1.46,1.85
2011,1.64,1.72,2.45,2.56,2.31,2.94,1.89,5.06,6.12,6.32,-0.43,0.41
2012,0.39,-0.94,-1.96,-2.35,-2.26,-2.29,-2.35,-2.39,-1.87,-0.94,-1.83,-1.27
2013,-1.88,-1.41,-99.99,-99.99,-99.99,-99.99,-99.99,-99.99,-99.99,-99.99,-99.99,-99.99
