1895 0.70   0.14   0.15   0.94   0.92  -0.31  -0.51  -1.11  -1.78  -1.76  -2.33  -2.66   
1896 -3.06   1.33   1.59  -0.86  -0.95  -0.26  -0.04  -0.82  -0.68  -0.46  -0.56  -1.07   
1897 -1.49   0.97   0.40   0.25   0.20   0.08   1.40  -0.24  -0.83   1.10   1.28   1.32   
1898 -0.15  -0.63  -1.25   0.21   0.47   0.34   0.27   0.13   0.04   0.19   0.67   0.72   
1899 0.73   2.00   2.27  -0.68  -1.06  -1.81  -1.20  -1.12  -1.46  -1.31  -1.61  -1.97   
1900 -1.76  -1.12  -0.91  -1.19  -1.36  -0.80  -1.24  -1.88  -2.31  -2.46  -2.93  -2.92   
1901 -2.74  -3.20  -3.02  -2.04  -1.93  -2.10  -1.68  -1.13  -1.38  -1.75  -1.95   0.83   
1902 0.88   1.48   1.14   1.44   0.65   1.41  -0.27  -1.07   0.80   1.29   1.15   1.98   
1903 1.89   2.78   3.12   2.86  -0.54  -0.60  -0.57  -0.66  -0.66   0.97   0.55   0.95   
1904 -0.54  -0.74  -0.78  -1.00  -1.60   0.18   0.81  -0.61  -0.78  -0.84  -1.09   0.64   
1905 0.89   1.42  -0.36  -0.43  -0.58   0.17   0.57   1.02   1.57  -0.22  -0.74   0.57   
1906 0.32   0.71   1.61   0.86   0.56   1.93   2.82   3.73   2.63   2.80   2.34   2.41   
1907 1.63   1.25   0.67   0.78   1.83   2.64   2.38   1.84   2.50   2.52   3.39   3.41   
1908 3.04   3.28  -1.04  -1.24  -0.35  -0.85  -0.49  -0.34  -0.59  -1.19  -1.89   0.22   
1909 -0.28  -0.32   0.04   0.27   0.35   0.87  -0.38  -0.78  -0.96  -1.53  -2.10  -1.85   
1910 -1.46  -2.07  -2.35  -2.31  -2.53  -1.14  -1.02  -1.20  -2.21  -1.35  -1.31  -1.12   
1911 -0.77  -1.14  -1.21  -0.86  -1.93  -2.06  -2.48   0.98   0.39   0.19   1.05   1.02   
1912 1.05   0.94   2.01  -0.32  -0.19  -0.63  -0.49  -1.27  -1.02  -1.55  -1.90  -1.55   
1913 -1.67  -2.05  -2.17  -1.43  -1.09  -1.31  -1.85  -2.09  -1.85  -1.46  -2.07  -2.34   
1914 -2.29  -2.17  -2.12  -1.94  -2.46  -2.48  -1.88  -2.02  -2.82  -3.36  -3.91   0.78   
1915 1.41   1.60   0.68   0.03   0.08   0.92   0.57   1.24  -0.97  -0.64  -1.33  -1.32   
1916 -1.91  -1.50  -1.33  -1.59   0.13   0.41   1.03  -0.81  -0.64  -1.18  -1.56   0.35   
1917 -0.14  -0.34   0.98   0.57   0.51   0.80   1.46   1.10   1.21   2.81  -0.63  -0.87   
1918 -0.44  -1.16  -1.15  -0.72  -1.03  -1.10  -1.51  -2.39  -2.03  -2.84  -3.69  -3.64   
1919 0.05  -0.07   0.15   0.42   1.02   0.44   2.52   3.70   2.95   2.34   2.17   2.04   
1920 1.74   2.71   2.45   2.34   1.83   2.33   2.50   3.20   2.74   1.73   2.61   0.01   
1921 -0.41  -0.30  -1.19  -1.23  -1.14  -1.36  -1.54  -1.67  -2.33  -3.04  -2.97  -3.15   
1922 -2.50  -2.09  -1.75  -2.03  -2.54  -1.89  -0.93  -0.67  -0.98  -1.53  -2.32   0.17   
1923 0.58   0.56   1.20   1.45  -0.76  -1.31   0.42  -0.51  -0.44  -0.31  -0.37  -0.51   
1924 0.14   0.46   1.12   1.88   2.18   2.95   2.64   2.36   3.03  -0.74  -1.01  -0.97   
1925 -0.06  -0.54  -1.20  -1.30  -1.95  -2.81  -2.51  -2.64  -3.67  -2.99  -2.84  -2.84   
1926 -2.70  -2.09  -2.30  -2.55  -2.48  -2.44   2.13   2.12   2.08   1.77   1.94   1.93   
1927 -0.69  -0.46  -1.14  -1.07  -1.03   0.20   0.73   0.84   0.37   0.78   0.86   1.16   
1928 -0.15  -0.10  -0.45   1.05  -0.43   0.68   0.89   2.13   3.36  -0.53  -1.00  -1.07   
1929 -1.26   0.75   0.31   1.40  -0.67  -0.70  -1.54  -1.97  -1.86  -1.45  -1.64  -1.69   
1930 -1.46  -1.84  -2.35  -2.59  -2.58  -2.86  -3.09  -3.72  -3.95  -4.33  -4.84  -5.16   
1931 -5.52  -5.74  -4.53  -3.96  -3.42  -3.06  -3.30  -1.90  -2.18  -2.16  -2.89  -3.20   
1932 0.37   0.19   1.10   0.84   1.23   1.15  -0.43  -1.23  -1.83   1.02   1.73   1.79   
1933 1.71   1.82   1.16   1.80   1.84   1.33   1.50   3.28   2.82   1.96   1.33   1.42   
1934 0.63   1.31   1.93   1.57   2.55   1.62   2.30   2.19   3.48   3.06   2.96   2.47   
1935 2.92   2.72   2.08   2.16   1.91   2.33   2.28   1.83   4.70   4.30   4.62   3.96   
1936 4.86   5.20   4.94   4.35   3.01   2.73   2.35   2.34   2.75   2.70   1.88   2.24   
1937 3.69   3.25   2.54   3.04   2.78   3.47   2.84   3.25   2.41   3.16   3.37  -0.68   
1938 -0.81  -0.98  -1.37  -1.93   0.30   0.47   2.35   1.68   3.10   2.76   2.52   2.00   
1939 1.86   2.47   2.76   3.20  -1.01  -1.43  -1.88   1.11   0.80   1.10  -0.26  -0.84   
1940 -0.98  -0.90   0.07   0.93   1.42  -0.64  -1.09  -0.92  -1.07  -1.47  -1.09  -1.44   
1941 -1.24  -1.40  -1.61  -1.48  -2.18  -1.46  -0.80  -0.96  -2.16  -2.82  -3.65  -3.77   
1942 -3.71  -3.86  -2.62  -3.38  -3.71  -3.53  -3.06  -2.11  -1.97  -1.30  -1.31  -0.97   
1943 -1.04  -1.08  -0.88  -0.69  -0.87  -0.95  -1.37  -2.35  -2.38   0.66  -0.31  -0.76   
1944 0.34   0.03   0.99   1.39  -0.82  -1.31  -2.07  -2.49   0.96   1.04   1.96   1.68   
1945 1.46   1.60  -1.26  -1.26   0.19   0.87   2.54   1.83   1.66   1.65   1.65   3.28   
1946 -0.47  -0.69  -1.01  -1.15   0.41   0.63   1.47   1.35  -0.20  -0.55  -0.88  -1.20   
1947 -0.55  -1.19  -1.73  -1.42  -1.12  -0.99  -0.99  -1.35  -1.26  -1.94   0.20   0.01   
1948 1.55   1.33   1.07   0.85   3.27   3.55   3.50   3.74   2.94   3.35   4.46   4.84   
1949 4.74   4.55  -0.10  -0.42  -0.43  -1.29  -2.14  -2.06  -1.84  -1.51  -1.62  -2.11   
1950 -2.66  -2.55  -2.14  -2.26  -1.53  -1.22  -0.95  -1.56  -0.66  -1.20  -0.89  -1.02   
1951 -1.60  -1.64  -1.71  -1.88  -1.81   0.43   0.74  -0.19  -0.41  -0.62   1.03   1.53   
1952 1.95   1.50   1.95   2.53   2.49   1.86   1.43   1.91   1.38   0.68   1.39   1.40   
1953 1.20   1.13   1.30   1.43   1.57   1.34   0.94   1.76  -0.51   0.28   0.41  -0.17   
1954 -0.32  -1.08  -1.02  -0.72  -0.91  -1.64  -1.73  -1.63  -1.26  -1.72  -1.41  -1.10   
1955 -2.04  -1.91  -1.80  -1.91  -2.34   1.12   0.39   1.28   1.08   1.45  -0.11  -0.79   
1956 -0.93  -0.82  -0.70  -0.98  -1.15   0.28   1.30   0.82   0.87   1.99   2.27   0.02   
1957 -0.43  -0.21  -0.29  -1.11  -1.80  -1.32  -2.16  -2.66  -2.44  -2.44   0.19   1.00   
1958 0.87   1.44   2.48   2.66   2.54   2.86   3.11   4.46  -0.38  -0.32  -0.37  -0.41   
1959 -1.09  -1.57  -1.58  -1.45  -2.21  -2.65   1.87  -0.03  -0.89   0.18   0.88   0.71   
1960 0.22   0.67  -0.39  -1.06  -0.78  -1.03   0.70   0.31   1.54   1.82   1.26   1.16   
1961 1.17   2.09   2.01   1.90   2.29   2.31   2.07   1.53   0.91   1.61   1.08   1.34   
1962 1.53   1.73   0.02   0.09  -0.83  -0.65  -1.23  -2.04  -1.84  -2.57  -1.87  -1.45   
1963 -1.66  -1.92  -0.88  -1.67  -1.79  -1.31  -1.84  -2.25  -1.66  -2.65   0.61   0.37   
1964 0.77   1.44   1.06   1.61  -1.14  -2.08  -2.33  -3.07  -2.60  -2.56  -3.06  -3.19   
1965 -2.90  -3.26  -2.92  -2.89  -3.61  -3.63  -2.96  -2.32  -2.37  -2.83  -3.65  -4.45   
1966 -4.40  -3.72  -4.21  -3.25  -2.53  -1.97  -2.42  -3.21  -2.47  -1.77  -2.20  -1.71   
1967 -2.28  -1.82  -2.16  -2.54   0.47   0.58   0.75   3.04   2.82   2.46   2.07   2.73   
1968 -0.43  -1.11  -0.94  -1.55  -1.36  -1.26  -1.78  -2.65  -3.22  -3.60  -3.74  -3.76   
1969 -3.66  -3.29  -2.93  -2.62  -2.98  -3.01   0.98   1.71   1.90   1.30   1.11   2.60   
1970 1.82   1.46   1.53   1.87   1.34   2.04   2.22  -0.46  -1.50  -1.43  -1.46  -1.18   
1971 -1.29   1.04  -0.50  -0.55   0.61  -0.67  -0.88   0.47   0.68   1.47   1.64   1.15   
1972 0.90   1.83   1.05   1.32   1.58   3.09   2.47   1.75   1.68   2.34   3.34   3.74   
1973 -0.23  -0.23  -0.77  -0.49  -0.31  -0.51  -0.90  -0.31  -0.51  -0.52  -1.07   0.80   
1974 -0.18  -0.62  -0.44  -1.21   0.32   0.99  -0.85  -0.82  -0.87  -1.25  -2.27   0.22   
1975 0.77   0.72   1.27   1.66   1.53   1.50   2.91   2.34   3.13   3.04   2.96   2.42   
1976 2.92  -0.73  -1.43  -2.28  -2.42  -2.96  -2.92  -2.69  -2.46   1.78  -0.40  -0.39   
1977 -0.65  -1.13  -1.93  -2.35  -2.85  -2.80  -3.34  -3.63   0.08   0.12   0.61   1.99   
1978 3.09   1.99   2.69   2.11   2.72   2.07   2.11   2.20  -0.84  -1.38  -1.46   0.30   
1979 1.65   2.98   2.58   2.30   2.13   2.62   2.32   2.66   2.96   3.21   3.25  -0.57   
1980 -0.52  -1.22   0.94   1.41  -0.55  -0.36  -0.75  -1.34  -1.64   0.92  -0.04  -0.83   
1981 -1.80  -1.45  -1.94  -1.41  -0.81  -0.76  -1.37  -1.46  -1.15  -1.11  -1.91   0.25   
1982 0.39   0.54   0.21   0.62  -0.73  -0.09  -0.25  -0.66  -1.09  -1.50  -1.21  -1.41   
1983 -1.85   0.26   1.00   2.37   2.56   2.82   2.00   1.77   1.58   1.36   1.70   2.29   
1984 1.98   1.97   3.02   3.17   4.07  -0.48  -0.42  -1.22  -1.76  -2.28  -2.71  -3.45   
1985 -3.55  -3.36  -3.70  -4.63  -4.06  -3.94  -3.73  -2.32  -1.33  -1.55  -1.23  -1.72   
1986 -1.44  -1.22  -2.07  -2.42  -3.22  -3.54  -3.91  -3.73  -4.45  -4.59  -4.19  -2.82   
1987 -1.32  -1.71  -1.90  -1.67  -1.71  -2.19  -2.64  -3.35  -3.63  -3.57  -3.55  -3.48   
1988 -3.09  -2.35  -2.53  -2.42  -1.96  -2.68  -2.23  -2.58  -2.83  -2.78  -2.26  -2.92   
1989 -2.96   0.03   1.11   1.87   1.91   2.71   3.64   3.87   4.33   4.25   4.06  -0.51   
1990 -0.66  -1.26  -1.40   0.17   1.65  -0.75  -0.48  -0.32  -0.76  -1.17  -2.03  -2.09   
1991 -1.32  -2.06  -1.25  -1.28  -2.12  -2.17  -1.66  -1.79  -1.54  -1.70  -2.62  -2.11   
1992 -2.77  -2.47  -2.36  -2.80  -2.30  -2.17  -2.27   0.81   1.27   0.93   1.01   0.97   
1993 -0.17  -0.28   1.05   1.30  -0.38  -0.66  -1.44  -1.64  -1.57   0.17   0.11   0.72   
1994 1.09   2.11   3.40  -0.36  -0.40  -0.57  -0.31  -0.23  -0.01  -0.61  -0.67  -1.26   
1995 -1.31  -1.48  -1.99  -2.37  -1.88  -1.94  -1.97  -2.76  -2.58   0.40   0.93   0.54   
1996 1.03   0.84   0.68   0.94   1.90   2.64   2.96   2.75   3.31   3.65   2.98   4.20   
1997 -0.31  -0.41  -0.20  -0.11  -0.19  -0.37  -1.10  -1.02  -1.23  -1.32   1.28   1.02   
1998 1.69   2.60   2.76  -0.36  -0.15  -0.26  -0.90  -1.21  -1.82  -2.17  -3.07  -3.36   
1999 -2.41  -2.53  -1.85  -2.06  -2.75  -2.95  -3.59  -3.65   1.97   2.21   1.62   1.19   
2000 1.13   0.56   1.29   1.32   1.10   1.31   2.11   2.14   2.90  -0.88  -1.01  -0.97   
2001 -1.04  -0.95  -0.35  -1.02  -1.08   0.75   1.52   1.67  -0.35  -0.97  -2.05  -2.60   
2002 -2.89  -3.68  -3.25  -2.80  -2.60  -2.63  -2.82  -3.18   1.10   2.76   3.73   3.70   
2003 2.61   4.04   3.38   3.17   3.47   4.15   4.30   4.02   4.04   4.07   4.53   4.99   
2004 -0.44  -0.80  -1.24  -0.27  -0.91  -0.68  -0.82  -0.75  -1.13  -1.58  -1.25  -1.32   
2005 -0.97  -1.36   0.15   0.19   0.87   1.40   1.48  -0.56  -1.86   1.64   1.88   2.08   
2006 -0.05  -0.67  -1.97  -2.33  -2.77   2.14   2.36   1.11   1.73   2.41   3.09  -0.60   
2007 -0.48  -0.49  -0.87   0.96  -0.94  -1.00  -1.90  -2.42  -3.21  -2.96  -3.52  -2.94   
2008 -3.28  -2.97  -3.11  -3.05  -2.05  -2.06  -1.91  -2.72  -2.27  -2.49  -1.90  -0.94   
2009 -1.22  -2.17  -2.44   0.81   1.09   1.75   1.10   1.54   2.11   3.51   3.79   4.89   
2010 4.15   4.10   4.27  -0.82  -1.53  -2.23  -1.81  -2.11  -2.81  -1.41  -1.11  -1.25   
2011 -1.26  -1.45  -1.66  -1.86  -2.05  -2.65  -2.98  -1.18  -1.36  -1.18  -2.01  -1.65   
2012 -2.27  -2.52  -3.53  -4.57  -4.89  -5.41  -5.75  -6.03  -5.70  -3.43  -3.76  -3.21   
2013 -3.38  -2.80 -99.99 -99.99 -99.99 -99.99 -99.99 -99.99 -99.99 -99.99 -99.99 -99.99   
