1895 0.46   0.59   0.28   0.78   0.89   0.60   0.65   0.70  -0.54  -0.61   0.24   0.01   
1896 0.47   0.43  -0.33  -1.26  -1.83   0.37   0.89  -0.21  -0.80  -0.96   0.40   0.48   
1897 0.28   1.14  -0.46  -0.03  -0.55  -1.25  -1.27  -1.32   1.07   1.41  -0.10  -0.08   
1898 -0.77  -1.09  -1.86  -2.06  -2.84  -3.64   0.44   2.39   1.81   2.72   2.59   3.04   
1899 3.32   3.98  -0.56  -0.42  -1.32  -2.00  -1.66  -1.61  -1.85   0.87  -0.47  -0.75   
1900 0.17   0.67   1.49   1.82   1.47   3.10   2.99  -0.68  -1.19  -1.10  -1.40   0.71   
1901 0.63   0.98   1.45   1.28   1.55   2.18   1.86   3.15   3.31  -0.42  -0.70  -0.60   
1902 -1.17   0.73   0.94  -0.57  -1.24  -1.78  -2.34  -2.96   0.51   0.91   1.10   1.43   
1903 1.98   2.53   2.63   1.68   1.95   2.30   2.01   2.03   2.16   1.60   1.80   1.46   
1904 2.04  -0.09  -0.87  -1.35  -1.76  -2.01  -2.38  -1.89  -2.35   0.22   0.60  -0.14   
1905 -0.39  -0.17  -0.32  -0.53  -0.20  -0.53   0.17   1.47   1.44  -0.48  -0.94   2.04   
1906 2.56   2.12   1.89   0.91   1.37   1.70   2.52   2.73  -0.48  -0.54  -0.91  -1.44   
1907 -2.22  -2.57  -3.74  -3.28  -2.88  -2.73  -2.44  -2.42  -1.82  -2.17   0.07   1.44   
1908 1.56  -0.19  -1.19  -1.22  -1.59  -1.84  -1.96   0.10   0.73   0.94  -0.06  -0.65   
1909 -1.06  -1.39  -1.41  -1.43   0.20   0.57   1.91   2.13  -0.56  -0.89  -1.41  -1.34   
1910 -1.55  -1.27  -1.84  -2.20  -2.28   1.20   1.32   1.88   0.81   2.16   2.05  -0.36   
1911 -0.90  -1.92  -2.41  -2.53  -2.49  -3.04  -3.20  -2.39  -2.98   0.32   1.01   1.67   
1912 2.43   2.33   2.26   2.50   2.48   3.72   3.12   2.54   2.96   2.72   2.92  -0.27   
1913 -0.80   0.45   0.97  -0.45  -0.75  -0.72  -1.21  -1.10  -1.17  -1.13  -1.45   0.24   
1914 0.62   1.18  -0.55  -0.86  -1.68  -2.50  -2.89  -3.20   0.04   0.18   0.53   1.29   
1915 2.07   2.07  -0.20  -0.90  -0.27  -0.60  -0.77  -0.79  -1.36   0.99   1.01   1.07   
1916 -0.78  -1.35  -2.05  -2.26  -2.35  -2.24  -1.71  -1.79  -2.04   0.11   0.59   1.41   
1917 -0.47  -0.82  -1.16  -1.56  -1.67  -1.96  -2.16  -1.84  -1.36  -1.32  -1.55  -1.69   
1918 -1.25  -2.11  -2.66  -1.63  -1.99  -2.17  -2.36  -2.50  -2.33  -2.45   0.34   0.85   
1919 0.72   1.25   1.46   1.01   1.47   1.93   2.68   0.04  -0.50  -1.51  -1.43  -1.41   
1920 -1.42   0.77   0.22   1.29   1.56   1.40   1.49   1.63   1.76   1.19   1.85   2.05   
1921 -0.44  -0.91  -1.70  -1.95  -1.40  -2.21  -1.58  -2.02  -3.20   1.20   1.26  -0.22   
1922 -0.38  -0.55  -0.76  -1.46   0.97   1.07   1.06   1.48   1.52   2.80  -0.27  -0.19   
1923 -0.46  -0.92  -1.27  -1.39   1.75   2.32   2.16   2.04  -0.56  -0.74  -1.16  -1.70   
1924 0.29   0.10   0.73   0.84   0.72   0.60   1.45   0.56   1.29   3.43   2.61   2.32   
1925 3.00  -0.49  -1.13  -1.75  -1.60  -2.03  -2.21  -2.31  -3.52  -3.91   0.41   1.55   
1926 2.44   1.90   2.03   2.08   1.41   1.48   2.13   2.27   2.17  -0.34   0.41  -0.66   
1927 -1.35  -1.35  -1.69  -2.31  -3.15  -2.82  -2.57  -2.57  -3.12  -3.08  -3.54  -3.13   
1928 -3.42  -0.02   0.18   1.76   1.76   2.43   2.59   3.74   4.71   3.85   2.91   2.10   
1929 1.88   1.40   1.26   1.09   1.42   1.94   2.36   2.14   3.17   3.02   2.31   2.29   
1930 2.37   1.89   2.82   2.47   1.96   2.29  -0.54  -1.28  -0.85  -1.07   0.56   1.34   
1931 1.29   0.70   1.07   1.23   1.47  -0.90  -1.82  -2.25  -3.35  -4.16  -4.85  -5.11   
1932 -5.68  -5.93  -5.48  -5.72  -5.38   1.15   0.27   0.30   0.59   0.52   1.78   0.83   
1933 0.48   0.40   0.26   1.58  -0.57  -1.15  -0.86  -1.13  -1.21  -0.79  -0.90  -1.54   
1934 -2.14   0.19  -0.24   0.31   1.06   2.24   2.18  -0.43  -1.40  -1.34  -1.89  -2.40   
1935 -2.65  -2.68  -3.42  -3.43  -3.28  -3.58   0.73   1.00   1.87  -0.74  -1.33  -1.52   
1936 0.06   1.20  -0.32  -0.95  -1.22  -1.15  -1.92  -2.41  -3.20   0.87  -0.46  -0.36   
1937 -0.76   0.40   0.27   1.01  -0.44  -1.21   0.16   0.54   1.09   1.31   1.97  -0.38   
1938 -0.38  -1.03  -1.68  -2.09   0.11   0.50   0.77   0.46   0.33   1.70  -0.40  -0.86   
1939 -1.27  -1.51  -2.12  -1.69  -1.63  -1.15  -1.30  -0.94  -1.11  -1.60  -1.63  -1.67   
1940 0.02   0.35  -0.44  -0.18  -0.52   0.13   0.52   0.74  -0.37  -1.17  -1.73   1.11   
1941 -0.07   0.00  -0.19  -0.41  -0.99   0.79   1.44  -0.42  -0.65   1.66   1.87   2.46   
1942 2.23   2.71   3.37  -0.79  -1.21  -0.14  -0.61  -0.94  -0.72  -1.37  -1.96  -1.86   
1943 -2.19  -2.83  -2.66  -2.72  -2.14  -2.28  -2.10  -1.50  -1.25  -1.58  -1.68  -1.81   
1944 -1.39  -1.90   0.83   1.29  -0.42  -0.69   1.23   1.47   1.14   2.41  -0.11  -0.58   
1945 0.61  -0.85  -2.00  -1.78  -2.16  -2.10   0.74   1.61   1.56   1.20   0.74   2.12   
1946 -0.18  -0.66  -0.62  -0.88   1.08   1.58   2.18   1.90   1.89   0.05  -0.28  -1.04   
1947 -1.46   0.43   1.07   0.99   1.27   1.33   1.48   1.00   1.84   3.48   4.50   4.31   
1948 4.70   3.63   4.82   4.21   3.16   2.09   2.50   2.59   2.62   3.21  -0.19   0.25   
1949 -0.71  -0.53  -1.06  -0.27  -0.79  -0.74  -1.11   1.17   1.42   1.19   1.41  -0.59   
1950 -1.74  -2.38  -2.14  -1.91  -1.79  -2.43  -1.70  -2.45   1.20   2.56  -0.29  -0.25   
1951 -0.85  -1.34  -1.18  -1.33  -1.58  -2.02  -2.01  -2.56   0.14   0.51   1.54   0.00   
1952 -0.66   0.69   0.35   0.27   0.60  -0.98  -1.83  -1.88  -1.62  -1.15  -1.39  -1.71   
1953 -1.46  -1.63  -1.82   1.64  -1.05  -1.17  -1.13   1.05   1.80   1.74   1.90   3.12   
1954 -0.72  -1.29  -1.55  -1.77  -2.02  -2.94  -3.37  -4.30  -3.83  -3.61  -3.44  -3.29   
1955 -2.79  -2.84  -3.24  -3.37  -3.46  -3.45  -3.07  -3.70  -3.34  -2.91  -2.83  -3.26   
1956 -2.92  -2.93  -3.30  -2.83  -2.22  -1.55  -1.76  -2.44  -2.64  -1.23  -1.51  -2.25   
1957 -3.02  -3.30   0.11   0.23   0.96   2.23   2.58   2.58   3.27   3.12   3.17   2.59   
1958 2.71   2.70   2.95   3.49   3.26  -0.05  -0.51  -0.92  -1.68   0.13   0.17   0.27   
1959 0.84   0.99   2.54   2.65   3.82   3.14   2.94   2.51   2.28   2.69   2.54   1.88   
1960 1.60   1.89   2.81   2.52   1.78   2.15   2.65   2.37   2.89   2.87  -0.56  -0.65   
1961 0.44   0.61  -0.70   0.47   0.30   0.50   0.17   1.01  -0.92  -1.54  -1.45  -1.97   
1962 -2.13  -2.86  -2.51  -2.20  -2.53   0.24   0.14   0.23   0.48  -0.46   0.25   0.14   
1963 0.54   1.24  -0.49  -1.07  -1.13   0.33   0.31  -0.42  -0.05  -0.68   0.42   0.77   
1964 2.39   3.25   2.53   2.79   2.75   2.05   2.91   3.02   4.41   3.97   3.94   4.52   
1965 3.64   3.66   3.57   2.88   1.94   3.09   3.30   3.23   3.17   2.55   2.20   2.30   
1966 2.80   3.58   2.75   2.26   3.54   3.62   3.35   3.05   3.29  -0.17  -0.58  -0.71   
1967 0.15   0.71  -0.86  -1.78  -1.91   0.41   0.54   0.92  -0.65  -1.11  -1.55  -0.83   
1968 -1.22  -1.32  -1.71  -2.27   0.21  -0.20   0.49   1.24  -0.66  -0.53  -0.22  -0.26   
1969 -0.65   0.35   1.00  -0.78  -0.06  -0.79   0.20   0.67   1.36   1.43   2.24   2.93   
1970 3.26   3.77   4.54   3.85   3.56   3.05   2.30   3.34  -0.73  -1.02  -1.45  -1.76   
1971 -1.66  -1.42  -1.50  -1.44  -1.56  -1.56   0.03   0.84   0.08   0.35   0.28   0.72   
1972 0.99   1.07   1.44   1.07   1.60   2.31  -0.90  -0.48  -1.48  -1.74   1.04   1.03   
1973 1.30   1.34   1.80   2.82   2.98   0.03  -0.17  -0.38  -0.61  -1.23  -1.82  -1.32   
1974 -2.06  -2.33  -2.12  -2.29   0.33   0.90   1.48   1.91   1.89  -0.64  -1.01   0.17   
1975 0.49  -0.24  -0.60   0.37   0.46   0.47   1.07  -0.20   0.19  -0.06  -0.27  -0.17   
1976 -0.13  -0.83  -1.08  -1.34   1.72   0.03  -0.92  -1.06  -1.01   0.07   1.00   1.85   
1977 2.04   1.95  -0.62  -1.16  -1.43  -2.24  -3.17  -2.53  -2.73  -3.23   0.01   0.85   
1978 1.50   1.78   1.78   1.36   2.10   1.62   2.22   2.09  -0.78  -1.37  -2.00  -1.85   
1979 1.40   1.35  -0.66   0.76   1.38  -0.07  -0.30  -0.48   1.54   0.68   0.68   0.91   
1980 1.25   0.73   1.41   1.82   1.98   1.60   2.02  -0.97  -1.66  -1.36  -1.06  -1.55   
1981 -1.90  -1.12  -0.78  -1.50  -2.08  -2.58  -3.21  -2.64  -3.10  -3.24   0.36   0.44   
1982 0.67   0.20   0.37   1.35   1.24   2.22   2.40   2.00   1.79   1.64   1.19   0.94   
1983 1.28   1.62   2.48   3.35   2.67   3.18   2.34   1.30   1.37   1.18   1.82   2.98   
1984 2.50   2.46   2.73   2.93   2.79   2.44   3.06  -0.97  -0.70  -1.30  -0.92  -1.63   
1985 -1.79  -2.10  -2.51  -2.09  -2.19   0.18   0.08   1.96   2.09   2.24   1.99   1.87   
1986 2.49   2.52  -0.03  -0.72  -1.19  -1.53  -2.14  -1.48  -2.02  -1.91   0.24   0.81   
1987 1.67   2.30   3.29  -0.61  -0.83  -1.47  -1.73  -2.33  -2.67  -3.31  -2.48  -2.93   
1988 0.74   1.35   1.56  -0.43  -0.44  -0.92  -1.44   0.23   1.53   1.21   1.43  -0.31   
1989 -0.90  -1.60  -1.84  -2.07  -2.09  -1.60  -1.71  -2.12  -1.65  -1.53  -1.49  -0.76   
1990 -0.93  -0.86  -1.25  -1.17  -1.74  -2.03  -2.20  -2.77  -3.47  -3.11  -3.32  -3.75   
1991 1.61   0.63   2.08   2.63   3.06   3.63   4.34   3.97   3.02   2.63   1.84   0.97   
1992 1.59   1.17   1.09   0.80   0.69   1.41   0.69   1.22   0.95   1.95   2.10   1.36   
1993 1.86   1.77   1.85  -0.35  -0.68  -0.97  -1.82  -2.76  -2.87   1.06   1.29   1.19   
1994 2.78  -0.81  -0.89  -1.28  -1.48   0.71   0.98   1.22   1.30   2.71   2.42   2.07   
1995 1.99   1.22   0.92   1.03   0.80   1.24   0.86   1.58   1.16   1.25   1.52  -0.23   
1996 -0.42  -1.07   1.44   0.03  -0.53  -0.24  -0.53  -0.20  -0.52   1.65   1.26   1.58   
1997 1.53  -0.70  -1.22   1.55   1.37   1.50   1.46  -0.16  -0.86   0.71   1.48   2.87   
1998 3.03   4.95   4.74  -0.54  -1.42  -2.83  -2.65  -2.53  -1.32  -1.50  -1.91  -2.55   
1999 -1.90  -2.28  -2.60  -2.98  -3.01  -2.35  -3.01  -3.09  -2.38  -2.52  -2.35  -2.57   
2000 -2.29  -2.70  -2.60  -2.71  -3.37  -3.34  -3.64  -4.02  -2.55  -2.80  -2.64  -2.85   
2001 -3.05  -3.62  -2.58  -2.97  -3.40  -2.75  -2.06  -2.18  -0.82  -1.47  -1.59  -2.09   
2002 -1.65  -2.15  -2.09  -2.42  -2.96   0.39   0.20   0.36   0.32   0.28   0.87   1.75   
2003 1.33   1.82   2.77   2.19   1.59   2.30   2.22   2.23  -0.58  -0.26  -0.45  -0.72   
2004 -1.08   0.84  -0.68  -1.09  -1.48   0.37   0.40   0.77   3.01   2.24   2.07   1.81   
2005 1.19   0.92   1.29   1.98   2.32   3.09   2.58   2.05   1.39   1.56   1.41   2.49   
2006 2.07   2.31  -0.87  -1.45  -1.99  -2.13  -2.85  -3.63  -3.98  -4.18  -4.31  -4.04   
2007 -3.61  -3.39  -3.58  -3.75  -4.18  -3.85  -3.77  -4.27  -3.63  -2.65  -2.71  -2.71   
2008 -2.32  -1.95  -1.62  -1.55  -2.14  -2.22  -2.35   1.70  -0.70  -0.82  -1.08  -1.54   
2009 -1.31  -1.68  -1.90   0.77   2.98  -0.14  -0.41  -0.40  -0.74  -1.35  -1.49   0.52   
2010 1.35   1.47   1.49  -0.65  -0.06  -0.62  -1.42  -1.55  -2.08  -2.98  -3.25  -3.58   
2011 -2.60  -2.39  -2.40  -2.43  -2.90  -3.37  -3.61  -4.03  -3.97  -3.49  -3.36  -3.47   
2012 -3.78  -3.97  -4.21  -4.31   0.73   4.51   3.26   3.95   3.22   2.61   1.77   1.85   
2013 0.84   0.98 -99.99 -99.99 -99.99 -99.99 -99.99 -99.99 -99.99 -99.99 -99.99 -99.99   
