1895 -0.22   0.38  -0.40   0.72   0.89  -0.71  -0.63  -1.24  -1.51  -1.43   0.18   0.00   
1896 0.59   0.55  -0.16  -0.82  -1.18   1.54   1.61  -0.26  -0.71  -0.66  -0.50  -0.47   
1897 -0.57   0.83  -0.84  -0.23  -0.49  -0.90  -1.00  -1.22   1.87   2.00   1.76   1.77   
1898 -0.60  -0.67  -1.24  -1.67  -2.28  -3.36   0.13   1.92   1.17   1.41   1.10   1.66   
1899 2.11   2.82   1.97   2.23   1.09   0.79   1.31   1.06   0.90   1.56   0.94   0.72   
1900 1.04   1.24   2.13   2.23   2.23   2.37   2.25  -0.85  -1.51  -1.19  -1.56   0.40   
1901 0.19   0.73   1.26   1.02   1.01   2.35   1.96   3.02   3.13  -0.45  -0.66  -0.69   
1902 -1.10  -0.46  -0.37  -0.58  -1.03  -0.99  -1.61  -2.58   0.58   0.96   1.09   1.43   
1903 2.39   2.75   2.81   1.88   1.95   1.70   1.38   1.05   1.54   0.90   1.06   1.06   
1904 2.02   0.00  -0.56  -0.67  -0.97  -0.65  -0.82  -0.74  -1.03   0.68   1.04   0.94   
1905 0.73   0.65   0.72   0.59   0.92  -0.52   0.22   2.25   2.40   1.84   1.14   2.32   
1906 2.56   2.40   1.94   1.47   2.41   2.50   2.87   2.80  -1.12  -1.52  -1.94  -2.44   
1907 -2.94  -3.41  -4.04  -3.71  -3.52  -3.26  -2.89  -3.09  -2.65  -2.87  -2.86  -1.66   
1908 -1.30  -1.44  -2.23  -2.47  -2.85  -2.53  -2.60  -2.59  -1.30  -1.14  -0.97  -1.42   
1909 -1.63  -2.07  -2.30  -2.33  -2.20  -2.50   1.35   1.62  -0.62  -1.01  -1.41  -1.20   
1910 -1.48  -1.25  -1.32  -1.63  -1.97   0.86   0.91   1.78   0.69   2.39   2.29  -0.11   
1911 -0.48  -1.31  -1.44  -1.90  -1.43  -1.93  -2.27  -1.58  -2.26  -2.21   0.41   0.73   
1912 1.60   1.57   1.22   1.07   1.55   3.29  -0.58  -1.10   0.74   0.73   1.03   0.88   
1913 0.41   0.90   1.00  -0.01  -0.05  -0.32  -1.05  -1.03  -1.51  -1.65  -1.98   0.14   
1914 0.89   1.51  -0.28  -0.38  -0.87  -1.71  -2.11  -2.94  -2.64  -2.76  -2.60   0.42   
1915 1.30   1.57   1.53   1.29   1.68  -0.43  -0.42  -0.56  -1.27   0.52   0.65   0.79   
1916 -0.51  -1.13  -1.49  -1.33  -1.25  -1.07  -1.60  -1.84  -2.06  -0.04   0.55   1.41   
1917 -0.70  -1.14  -1.79  -2.08  -2.29  -2.37  -2.56  -2.36  -2.16  -2.10  -2.29  -2.19   
1918 -1.89  -2.54  -2.50  -1.47  -1.57  -1.94  -2.32  -2.72  -2.63   0.19   0.47   0.71   
1919 0.47   0.99   1.30   1.19   1.98   2.09   2.28  -0.12  -0.42  -1.07  -0.74  -0.72   
1920 -0.83   0.92   0.16   0.94   1.35   1.36   1.23   0.80   1.13   0.68   1.20   1.45   
1921 -0.45  -0.91  -1.42  -1.70  -0.82  -1.56  -1.12  -2.11  -3.47   1.46   1.35   1.26   
1922 -0.14  -0.37  -0.98  -1.69   0.85   0.71   0.54   1.19   1.74   2.96  -0.11  -0.14   
1923 -0.56  -1.11  -1.53  -1.75   1.44   2.36   2.17  -0.07  -0.49  -0.16  -0.52  -0.96   
1924 0.36   0.10   1.08  -0.03  -0.22  -0.50   0.87  -0.94   0.65   3.27  -0.39  -0.67   
1925 -0.63  -0.80  -1.06  -1.17   0.91   1.13   1.15   1.28  -1.38  -1.96   0.30   1.43   
1926 2.21   1.78   1.92   2.55   2.15   2.58   3.08   3.31   3.08   2.53   2.60  -0.54   
1927 -1.07  -1.05  -1.22  -1.56  -2.52  -2.51  -2.56  -2.86  -3.28  -3.28  -3.64  -3.78   
1928 -4.01  -3.92   0.16   1.43   1.41   0.96   0.83   1.53   3.09  -0.19  -0.59  -0.79   
1929 -0.75  -1.43  -1.97  -0.01   0.01   0.40   0.91   0.82   1.87   1.54   0.86   0.90   
1930 0.95   1.01   2.16   2.32   2.22   3.96   2.59   1.39   1.35   1.01   1.22   1.95   
1931 2.22   1.79   2.45   3.59   3.41  -1.14  -1.60  -2.06  -2.03  -2.44  -3.13  -3.64   
1932 -4.00  -4.80  -4.29  -4.43  -3.67  -3.23  -4.36  -3.27  -3.27  -3.18  -2.38  -2.76   
1933 -2.87  -2.68  -0.04   1.30   0.84   0.90   2.02   1.63   2.74   2.43   2.14   1.25   
1934 0.86   1.01   0.82   1.55   2.27   3.65   0.03  -0.75  -0.99  -1.30  -1.78  -2.22   
1935 -2.61  -2.84  -3.46  -2.82  -3.12  -3.42   0.09   0.13   1.15   0.82   0.43   1.06   
1936 1.61   3.13   2.87   2.26   2.21   2.41  -0.31  -0.63  -0.72  -0.30  -0.14  -0.13   
1937 -0.78   0.98   1.15   1.74   1.54   1.16   1.29   1.51   0.67   1.22   2.27  -0.10   
1938 -0.26  -0.65  -1.25  -1.77  -1.89  -1.72  -1.11  -2.30  -2.36  -0.99  -1.05  -1.46   
1939 -1.73  -2.45  -2.85   0.41   1.12   2.16   2.21   3.97  -0.36  -0.52  -0.76  -0.94   
1940 0.61   1.13   1.25   0.00  -0.39  -0.62  -0.83  -0.86  -0.48  -1.14  -1.72   0.57   
1941 1.25   1.55   1.51   2.43   1.57   1.36   2.05  -0.71  -0.99  -1.02   0.61   1.45   
1942 1.63   2.08   2.52   2.51   2.33   2.81  -0.73  -1.35  -1.74  -2.63  -3.23  -2.90   
1943 -3.12  -3.42   0.44   0.22   0.34   0.93   1.77   2.20  -0.16   0.24  -0.03  -0.40   
1944 -0.56  -1.35  -0.98  -0.88  -1.02  -1.14  -1.17  -1.36  -2.21  -1.06  -1.27  -1.58   
1945 -1.12  -1.81  -2.64  -2.97  -3.66   1.36   2.60   2.56   2.78   2.85   2.50   2.80   
1946 2.40   2.42  -0.50  -1.16   0.55   0.52   0.87  -0.16  -0.29  -0.36  -0.65  -1.23   
1947 -1.75   0.48   1.50   1.76   1.87   2.42   3.10   3.18   4.63   4.40   4.52   4.03   
1948 5.02  -0.67  -0.96  -0.50  -0.78  -1.89   0.62   1.04   2.11  -0.04  -0.47  -0.77   
1949 -1.48  -2.32  -2.75  -2.54  -3.16  -2.59  -2.77   2.47   2.67  -0.38  -0.38  -0.35   
1950 -1.21  -1.96  -1.77  -1.56  -2.01  -2.69  -2.49  -2.68   0.33   1.26   0.93   1.56   
1951 -0.49  -0.51  -0.97   1.87  -0.55  -1.23  -1.05  -1.36   0.04   0.21   1.11  -0.21   
1952 -0.51   0.60   0.98  -0.33  -0.35  -1.35  -1.44  -1.52  -1.93   1.71   1.54   1.30   
1953 1.43   1.28   1.10   1.74   0.65   1.17   0.99   1.64   2.71   3.39   4.37   4.77   
1954 4.03   3.40   2.66   2.76   3.31   3.22   3.13   2.27   1.97   1.69   2.25   2.14   
1955 2.10  -0.28  -0.54  -0.67  -1.04  -1.14  -1.07  -1.29  -1.58  -1.62  -1.68  -1.74   
1956 -1.82  -2.29  -2.83  -2.45  -2.57  -3.00  -3.44  -3.56  -3.33   1.10  -0.32  -0.91   
1957 -0.96   0.19   0.66   1.93   3.00   2.65   2.72   3.20   3.42   3.15   2.73   2.80   
1958 4.19   4.17   4.58   4.45   4.22  -0.46  -1.12  -1.65  -2.37  -1.96  -2.15   0.62   
1959 1.03   0.78   2.50   2.65   3.32   3.80   3.59   3.99   4.12   4.97   4.49   4.23   
1960 3.52   3.90   5.01   4.84   4.26   3.79   5.40   4.58   6.33  -0.03  -0.60  -0.71   
1961 -0.45  -0.50  -0.83  -0.67  -0.37  -0.81  -1.56  -1.49  -2.51  -3.11  -3.48  -3.66   
1962 -3.74  -4.23  -3.66  -3.23  -3.42   0.59   0.03   0.77   1.52   0.74   0.99   0.57   
1963 0.54   1.96  -0.47  -1.14   0.50  -0.23  -0.48  -1.21  -0.88  -1.37   1.24   1.95   
1964 2.42   3.04  -0.10  -0.41  -0.50  -1.23  -1.39  -1.37  -1.37  -1.44  -1.80  -1.77   
1965 -1.92  -1.55  -1.50  -1.71  -2.44   0.33   1.34   1.11   0.72   0.93   0.58   0.67   
1966 1.70   2.11   1.49   1.40   1.40   2.03  -0.24  -0.18  -0.31  -0.50  -0.89  -1.10   
1967 -1.45  -1.01  -1.67  -2.34  -3.13  -2.67  -2.26  -0.98  -1.32  -1.40  -1.78  -1.66   
1968 -2.03  -1.98  -2.23  -2.72   0.48   2.35   2.49   1.97   1.51   1.93   2.28   1.78   
1969 1.78   1.46   2.52   1.82   1.98   1.51   0.97   1.48   1.44   2.28   2.55   3.38   
1970 3.62   3.45   4.01  -0.78  -0.39  -0.83  -1.31  -1.77  -2.15  -2.49  -2.72  -3.16   
1971 -3.49  -2.96  -3.06  -3.23  -3.15  -3.27  -3.01   0.22   0.24   0.79   0.78  -0.27   
1972 -0.78   0.64   0.39   0.13   0.27   0.60  -1.07  -1.00  -2.41  -2.78   0.42   0.43   
1973 1.43   1.30   1.08   1.42  -0.17  -0.62   0.49   0.61   0.71  -0.44  -0.76  -0.30   
1974 -1.08  -1.45  -2.03  -2.36  -2.45   1.69   2.27   2.15  -0.38  -1.02  -1.48  -1.25   
1975 -1.72  -1.99  -2.42  -2.89  -2.43  -2.53  -2.14  -2.31  -2.01  -1.25  -1.37  -1.58   
1976 -1.82  -2.33  -2.82  -2.77   1.47   1.86  -0.47  -0.60  -0.44  -0.79   0.18   0.46   
1977 0.68  -0.10  -0.93  -1.49  -1.67  -2.18  -2.20  -2.11  -2.05  -2.25   0.28   1.22   
1978 1.49   1.94   1.69   0.90   1.09   1.03   1.54  -0.34  -1.15  -1.48  -2.00   0.38   
1979 1.79  -0.23  -0.47  -0.83   2.06  -0.72  -1.25   0.30   2.12  -0.76  -0.93  -0.92   
1980 -0.61  -0.45  -0.77   0.42   0.83  -0.67  -1.11  -1.70  -2.27  -2.88  -2.14  -2.17   
1981 -2.29  -1.80  -2.08  -2.73  -3.01  -2.90  -3.65  -2.18  -2.24  -2.66  -2.45  -2.26   
1982 -2.19  -2.28   0.79   1.13   1.96   2.62   2.45   2.15   2.56   2.37   2.23   1.60   
1983 1.72   3.64   4.38   4.03   3.28   2.98   2.28   2.15   1.94   2.36   2.53   3.87   
1984 3.30   3.18   2.79   2.55   2.75  -0.50   0.48  -0.30  -0.65  -1.31  -0.55  -1.08   
1985 -1.16  -1.63  -1.77  -1.60  -2.11  -2.30  -2.38  -2.20  -1.72  -1.80  -1.90  -1.78   
1986 -1.32  -1.50  -0.99  -1.39  -1.81  -1.16  -1.29  -1.09  -1.70   0.80   0.34   0.64   
1987 0.86   0.52   2.12  -0.46  -0.18  -0.65  -0.93  -1.81  -2.09   0.13   1.59   0.94   
1988 1.23   1.06   1.52  -0.36  -0.46  -1.22   0.07   0.40   0.61  -0.57   0.89  -0.09   
1989 -0.11  -0.83  -1.04  -0.99  -1.61  -1.85  -2.14  -2.53  -2.37  -2.40  -2.54  -1.49   
1990 -1.94  -1.70  -2.22  -2.27  -2.53  -2.58  -2.05  -1.90  -2.47  -2.30  -2.48  -2.99   
1991 -2.45  -2.58   0.38   0.91   1.89   1.65   2.45  -0.14  -1.03  -1.15  -1.53  -2.17   
1992 -2.26  -1.80  -2.01   0.52  -0.51   1.91   0.63   1.09   0.68   0.62   1.10   0.70   
1993 1.81   1.65   2.19   2.49  -0.10  -1.01  -1.81  -2.23  -2.49  -2.00  -2.23  -2.40   
1994 -1.67  -1.73  -1.94  -1.53  -1.85   0.32   0.20   0.60   1.48   1.56   2.08   2.58   
1995 2.59   2.26   1.64   1.71   0.81   1.28   1.83   2.98   2.69   3.73   3.49   2.90   
1996 3.51   2.96   3.80   3.38   3.29   3.29  -0.99  -1.57  -2.13  -1.83  -2.13  -1.94   
1997 -1.88  -2.33  -2.68   1.54   1.31   0.95   0.86   0.53   0.67   0.61   2.01   4.87   
1998 5.15   6.32   6.86  -0.33  -0.79  -2.22  -2.06  -2.38  -1.40  -1.86  -1.32  -1.70   
1999 -1.28  -1.85  -2.27  -2.40  -2.08  -1.25  -2.00   0.27   0.31   1.17  -0.03   0.06   
2000 -0.10  -0.65  -1.15  -1.18  -2.19  -2.35  -1.99  -2.30  -2.20  -2.46  -2.63  -2.93   
2001 -3.04  -3.82  -2.75  -3.12  -3.19   0.12   1.15   0.91   2.81   0.01  -0.28  -0.83   
2002 -0.86  -0.39  -1.29  -1.36  -1.68   1.23   1.23   1.66  -0.59  -0.95   0.42   3.01   
2003 2.98   2.29   2.02   2.06   1.93   3.09   2.47   3.47   3.24  -0.74  -1.03   0.25   
2004 0.39   0.77  -0.70  -0.61  -1.28   0.03   0.04   1.65   3.47   2.59   1.95   1.88   
2005 1.60   1.47   1.95   2.22   2.24   3.91  -0.43  -1.00  -1.86   1.13   1.40   1.39   
2006 -0.48  -0.15  -0.96  -1.46  -1.97  -2.01  -1.86  -1.61  -1.48  -1.96  -1.95  -1.78   
2007 -1.88  -1.90  -2.48  -2.19  -2.69  -2.58  -2.14  -2.51  -2.80  -2.50  -2.82  -3.21   
2008 -2.84  -2.99  -2.66  -1.88  -2.40   0.18   1.09   2.20  -1.16  -1.02  -1.18  -1.50   
2009 -1.56  -2.06  -2.55  -2.77   1.67   1.28   1.49  -0.27  -0.25  -1.06  -1.21   0.90   
2010 1.10   1.21   2.57   2.59  -0.32  -0.89  -1.33  -0.64  -1.49  -2.45  -2.43  -2.49   
2011 -1.61  -2.15  -1.40  -1.46  -1.91  -2.59  -2.54  -1.99  -2.28  -0.74  -0.87  -1.10   
2012 -1.47  -2.02  -2.51  -2.56  -2.50   1.29   0.70   1.33  -0.27   0.85  -0.60  -0.59   
2013 -1.14  -1.67 -99.99 -99.99 -99.99 -99.99 -99.99 -99.99 -99.99 -99.99 -99.99 -99.99   
