1895 -0.25   0.39  -0.52   0.63   0.89  -0.86  -0.76  -1.07  -1.15   0.02   0.24   0.19   
1896 0.75   0.70  -0.12  -0.46  -0.64   1.53   1.59  -0.01  -0.46  -0.44  -0.38  -0.34   
1897 -0.39   0.42  -0.94  -0.51  -0.68  -0.89  -0.95  -1.10   1.99   2.10   1.84   1.95   
1898 -0.48  -0.38  -0.96  -1.52  -1.96  -2.92  -0.01   1.47   0.66   1.11   0.80   1.47   
1899 1.88   2.29   1.49   1.82   0.90   0.79   1.24   1.20   1.10   1.77   1.24   1.13   
1900 1.44   1.37   2.29   2.47   2.66   2.29   2.24   1.50   0.79   1.16   0.78   1.14   
1901 0.92   1.29   1.72   1.57   1.59   2.87   2.60   3.39   3.32  -0.54  -0.65  -0.82   
1902 -1.11  -0.74  -0.76  -0.84  -1.20  -0.91  -1.20  -1.74   0.68   1.08   1.14   1.44   
1903 2.34   2.46   2.53   1.82   1.93   1.58   1.44   1.44   1.64   0.96   1.06   1.20   
1904 2.05   1.86   1.16   1.00   0.62   0.84   0.72   0.89   0.62   1.12   1.38   1.32   
1905 1.13   0.88   1.06   1.04   1.39   0.75   0.94   2.56   2.84   2.25   1.61   2.42   
1906 2.61   2.57   2.06   1.80   2.75   2.83   3.00   3.10  -0.95  -1.24  -1.57  -1.97   
1907 -2.30  -2.63  -3.33  -3.26  -3.25  -2.92  -2.54  -2.48  -2.20  -2.52  -2.50  -1.47   
1908 -1.12  -1.25  -2.00  -2.56  -3.00  -2.58  -2.52  -2.19  -0.83  -0.74  -0.59  -1.06   
1909 -1.18  -1.60  -2.08  -2.23  -2.29  -2.73  -1.49  -0.86  -1.45  -1.78  -1.97  -1.57   
1910 -1.71  -1.51  -1.48  -1.77  -2.18   0.64   0.73   1.62   0.56   2.38   2.31  -0.05   
1911 -0.31  -0.98  -1.18  -1.68  -1.13  -1.56  -1.81  -1.14  -1.79   0.02   0.29   0.40   
1912 1.11   1.07  -0.31  -0.36   0.60   2.24   1.62   1.05   1.60   1.51   1.66   0.04   
1913 -0.35   0.34   0.37   0.48   0.48  -0.29  -0.80  -0.59  -0.99  -1.06  -1.25   0.40   
1914 1.17   1.57  -0.27  -0.20  -0.47  -1.14  -1.42  -2.08   0.11  -0.16   0.02   0.61   
1915 1.38   1.65   1.62   1.66   2.09   1.50   1.47   1.33   0.72   1.52   1.52   1.48   
1916 -0.37  -0.88  -1.26  -1.04  -0.98  -0.83  -1.50  -1.60  -1.75   0.06   0.56   1.56   
1917 -0.62  -0.99  -1.80  -2.11  -2.27  -2.29  -2.40  -2.20  -2.15  -2.16  -2.21  -1.86   
1918 -1.64  -2.14  -2.08  -1.28  -1.37  -1.76  -2.06  -2.31  -2.23   0.42   0.64   0.68   
1919 0.43   0.68   1.16   1.28   2.10   2.11   2.22  -0.15  -0.22  -0.82  -0.60  -0.71   
1920 -0.88  -0.13  -0.80   0.54   0.90   0.79   0.79   0.56   1.04  -0.40   0.43   0.56   
1921 -0.34  -0.75  -1.12  -1.40   0.83  -0.63  -0.30  -0.99  -2.20   1.65   1.52   1.66   
1922 -0.15  -0.47  -1.23  -2.01   0.70   0.54   0.52   1.20   1.96   3.19  -0.09  -0.21   
1923 -0.54  -1.04  -1.63  -1.95   1.16   1.97   1.91  -0.01  -0.27  -0.01  -0.25  -0.65   
1924 -0.30  -0.69   1.05  -0.04  -0.17  -0.46   0.76  -0.61  -1.01   2.56  -0.28  -0.76   
1925 -0.89  -0.93  -1.12  -1.19   0.92   1.14   1.26   1.53  -1.06  -1.42   0.26   1.51   
1926 2.12   1.77   1.86   2.61   2.43   2.74   3.09   3.18   3.23  -0.27   0.27  -0.58   
1927 -0.91  -0.91  -1.07  -1.43  -2.36  -2.31  -2.31  -2.41  -2.64  -2.44  -2.57  -2.98   
1928 -3.05  -3.06  -0.02   0.89   0.87  -0.78  -0.88   0.67   1.82  -0.20  -0.48  -0.43   
1929 -0.42  -1.28  -2.03  -2.03  -1.95   0.28   0.73   0.87   1.12  -0.03  -0.43   0.24   
1930 0.34   0.53   1.77   2.04   2.15   3.91   2.87   1.91   1.81   1.45   1.62   2.41   
1931 3.03   2.98   3.84   4.62  -0.07  -1.22  -1.92  -2.06  -2.25  -2.79  -3.32  -3.67   
1932 -3.79  -4.14  -3.75  -3.62  -2.63  -2.51  -3.21   1.92   1.57   1.66   2.59   1.88   
1933 1.26   0.67   1.02   2.27   2.12   1.63   1.98   0.05  -0.39  -0.35  -0.11  -0.56   
1934 -0.81   0.45   0.45   0.42   1.45   1.28   1.09   1.05   1.23  -0.26  -0.42  -0.75   
1935 -1.08  -1.20  -1.92  -1.43  -2.11  -2.37  -2.14  -2.09   1.43  -0.52  -0.86   0.37   
1936 0.55   2.00   1.85   1.40   1.78   3.83  -0.22  -0.80  -1.21  -1.39  -0.78  -0.84   
1937 -1.15   0.16   0.67   1.07   0.76   0.63   0.77   0.84   0.15   0.68   1.26  -0.13   
1938 -0.21  -0.68  -1.19  -1.85  -1.85  -1.83   1.17  -1.13  -1.53  -1.28  -1.09  -1.50   
1939 -1.83  -2.49  -3.04   0.63   0.34   1.04   1.54   1.98   1.83   1.90   1.83   1.68   
1940 2.21   2.73   2.97   2.83   2.13   1.74   0.55   0.84   2.27  -0.75  -1.32   1.05   
1941 1.76   2.57   2.95   4.38   3.49   2.64   2.96   1.93   1.40   1.10   1.20   0.79   
1942 0.90   1.28   1.36   1.84   1.56   2.69  -0.56  -0.88  -1.24  -2.20  -2.67  -2.34   
1943 -2.60  -2.83  -2.84  -2.27  -2.32  -1.69  -1.00  -1.03  -1.47  -1.29  -0.88  -1.13   
1944 -1.20  -1.92  -1.96  -2.08  -2.18  -2.62  -3.13  -3.19  -3.63  -3.12  -3.46  -3.58   
1945 -3.15  -3.59  -4.14  -4.47  -5.13  -4.69   0.65   1.72   1.90   2.04  -0.23  -0.08   
1946 -0.42  -0.58  -0.80  -1.62  -0.76  -0.64  -0.38  -0.44  -0.31  -0.98  -0.42  -0.58   
1947 -1.15   0.14   1.85   1.93   1.71   2.81   3.62   3.85   5.00   5.25   5.44   5.21   
1948 5.47  -0.61  -1.35  -0.96  -1.52  -2.21   0.43   0.26   2.46   2.33  -0.57  -1.11   
1949 -1.81  -2.67  -3.09  -2.93  -3.13   0.29   1.44   2.38   3.06  -0.19   0.02   0.23   
1950 -0.76  -1.33  -1.71  -1.69  -1.92  -2.62  -2.56  -2.83  -3.06  -2.25  -2.06  -1.52   
1951 -1.74  -1.66  -2.00  -1.22  -1.64  -2.42  -1.68  -1.65  -2.04   1.56  -0.03  -0.55   
1952 -0.81   0.83  -0.29  -0.46  -0.40  -0.90  -1.00  -1.45   0.02   1.78  -0.36  -0.59   
1953 -0.26  -0.24  -0.49   0.64  -0.87  -0.86   0.35   1.20   2.22   3.11   2.60   2.32   
1954 1.60   1.55   1.48   2.27   2.97   2.96   3.16  -0.32   0.39   0.04   0.12   0.24   
1955 0.29  -0.28  -0.75  -0.95  -0.98   0.66   0.87  -0.64  -0.51  -0.82  -1.10  -0.92   
1956 -0.93  -1.27  -1.74  -1.58  -1.90  -2.71  -3.27  -3.83  -3.77  -3.29  -3.33  -3.58   
1957 -3.42   0.51   0.98   1.36   2.09   1.47   1.63   1.97   2.24   2.20   1.69   2.85   
1958 4.64   4.23   5.18   4.92   5.54   4.85   4.53   3.77   2.85   2.81   2.03   2.98   
1959 2.84   2.11   2.69   2.26   3.06   3.56   3.64   3.73   3.81   5.19   5.25   4.82   
1960 3.93   3.99   3.60   4.18   4.08   3.52   4.41   4.07   5.17   4.79   4.43   3.92   
1961 3.98  -0.22  -0.55  -0.65   0.65  -0.41  -0.56  -0.76  -1.83  -2.31  -2.64  -3.08   
1962 -3.07  -3.52  -3.06  -2.98  -3.38   0.60   0.08   0.27   1.63   1.13   1.54   1.19   
1963 0.88   1.76  -0.66  -1.23   0.63  -0.23  -1.65  -2.12  -1.79  -2.23   0.45   1.51   
1964 1.63   1.96  -0.36  -0.36  -0.77  -0.90  -1.27  -1.21  -1.74  -1.12  -1.38  -1.41   
1965 -1.62  -0.99  -1.07  -1.31  -1.83   0.30   0.58   0.48   0.20   1.26  -0.36  -0.48   
1966 0.91   1.07  -0.44   0.34   0.44   1.62   1.69   1.66  -0.15  -0.10  -0.50  -0.66   
1967 -0.81  -0.42  -0.87  -1.63  -2.45   0.39   0.26   0.10   0.10   0.38   0.12   0.43   
1968 0.05   0.41  -0.24  -0.80   1.39   2.72   3.02   2.47   2.46   3.00   3.11   2.55   
1969 2.50   2.42   2.93   2.62   2.79   3.42   2.93   3.14   2.74   3.79   3.52   3.79   
1970 4.20   4.02   6.62  -0.78  -0.03  -0.45  -0.64  -0.81  -1.37  -1.31  -1.65  -2.07   
1971 -2.29  -2.41  -2.77  -3.28  -3.28  -3.01  -3.08   0.02   0.10   0.58  -0.04  -0.38   
1972 -0.80  -0.68  -0.75   0.31   0.67   1.05  -0.53  -0.32  -1.15  -1.68   0.76   0.68   
1973 0.98   1.11   0.03  -0.23  -0.63  -0.75   0.34   1.03  -0.12  -0.81  -1.50  -1.26   
1974 -1.92  -2.30  -2.95  -3.36  -3.49   1.35   2.21   2.17  -0.43  -1.05  -1.02  -0.91   
1975 -1.55  -1.98  -2.39  -2.71  -1.90  -2.01  -1.59  -2.37  -1.72  -1.49  -1.75  -1.96   
1976 -2.14  -2.03  -2.44  -2.54  -1.56  -1.43  -1.87  -1.61  -1.89  -2.13  -1.86  -1.46   
1977 -0.56  -0.64  -1.30  -1.76  -1.29  -1.67  -1.84  -1.70  -1.11  -1.68   0.82   1.79   
1978 2.03   2.26   2.31   2.10   2.30   2.00   2.05   2.05   1.37   1.01   0.88   1.54   
1979 2.56  -0.33  -0.59   0.08   0.76  -0.98  -1.68  -1.68   1.17   0.72   0.90   1.61   
1980 2.11   1.91   1.58   2.33   2.30  -1.20  -1.40  -1.60  -1.77  -2.56  -1.78  -1.75   
1981 -1.75  -1.45  -1.51  -2.32  -2.91  -3.04  -3.55  -1.58  -1.72  -2.53  -2.13  -2.41   
1982 -2.62  -2.60   0.28   0.45   1.55   2.57   2.38   1.91   1.66   1.61   1.24   0.85   
1983 1.88   4.31   4.80   4.31   2.98   3.22   2.28   1.69   1.48   1.83   2.02   2.81   
1984 2.15   2.22   2.71   2.62   3.06   2.32   2.74  -0.69  -0.77  -1.41  -0.77  -1.19   
1985 -1.33  -1.78  -1.86  -1.38  -1.94  -2.54  -1.79  -2.17  -2.23  -2.38  -2.33  -2.03   
1986 -1.61  -1.76  -1.06  -1.38  -1.81  -0.89  -1.31  -0.56  -1.23  -1.12  -1.56   0.55   
1987 0.92   0.90   2.18  -0.46  -0.46  -1.17  -1.72  -2.66  -2.74   0.37   2.56  -0.25   
1988 0.23   0.31   0.32  -0.38  -0.56  -1.07   0.01   0.88  -1.11  -1.97  -1.70  -2.00   
1989 -2.28  -2.89  -2.74  -2.26  -2.94  -3.04  -3.12  -2.98  -2.95  -2.83  -3.16  -2.65   
1990 -2.96  -2.85  -3.20  -3.14  -3.15  -3.33  -3.48  -2.61  -3.25  -3.33  -3.66  -4.09   
1991 1.09   0.80   0.59   0.98   1.47   1.42   2.30  -0.14  -0.69  -0.60  -0.43  -0.90   
1992 -1.00   0.31   0.36   0.88   0.12   1.94  -0.85  -0.07  -0.47  -1.09  -0.73  -1.05   
1993 1.31   1.39   1.46   1.74   1.75  -0.54  -0.95  -1.09  -1.26   0.69   0.39   0.20   
1994 0.66   0.78   0.52   0.84  -0.54  -0.75  -0.88  -0.96   0.49   0.90   1.90   3.16   
1995 3.52   3.17   2.73   2.88   2.38   2.91   3.68   4.85   4.43   6.28   5.42   4.64   
1996 4.39   3.56   3.63   3.23   3.94   3.64  -1.01  -1.32  -2.09  -1.44  -1.79  -2.03   
1997 -1.95  -2.23  -2.20   0.99   0.91   0.87   1.07  -0.46  -0.66  -1.37   0.54   2.60   
1998 2.40   3.74   4.11  -0.44  -1.01  -1.94  -2.15  -1.94  -1.71  -2.15   1.71  -0.21   
1999 0.26  -0.41  -0.86  -1.11  -1.21   1.17   1.02   0.83   1.47   2.29   2.16  -0.17   
2000 -0.21  -0.65  -1.10   0.55  -0.82  -1.30  -1.48  -2.04  -1.72  -1.73  -2.19  -2.47   
2001 -2.51  -3.34  -2.68  -3.24  -3.25  -0.03   0.87   1.23   2.54   2.60  -0.24  -0.23   
2002 -0.24  -0.04  -0.71  -1.30  -1.90   1.04   1.16   1.27  -0.01  -0.59   0.73   1.85   
2003 1.81   1.35   1.44   1.74   2.13   2.31   1.75   2.26   2.69   1.52   1.30   1.59   
2004 1.89   2.19  -0.68  -0.39  -1.26  -1.28  -1.29   1.67   1.85  -0.39  -0.66  -0.64   
2005 -0.85  -0.89   0.91   1.20   0.90   2.52   2.24   2.01   1.30   1.75   2.15  -0.16   
2006 -0.60  -0.06  -0.59  -1.20  -1.70  -1.93   0.63   1.49  -0.05  -0.87  -1.06  -1.18   
2007 -1.71  -1.81  -2.37  -2.28  -2.62  -2.78  -2.33  -2.79  -2.64  -2.69  -3.01  -2.96   
2008 -3.05   0.15   0.22   0.75  -0.95   0.14   1.18   3.64  -0.01  -0.05  -0.46  -0.45   
2009 -0.84  -1.23  -1.69  -2.36  -1.36  -1.37  -1.37  -1.12  -0.79  -1.71  -1.76   0.63   
2010 0.73   1.04   2.31   3.18  -0.31  -0.75  -0.94  -0.42  -0.95  -1.77  -1.80  -1.60   
2011 -1.15  -1.63  -1.55  -2.10  -2.68  -2.93  -2.94  -2.77  -2.81  -1.13  -1.30  -1.51   
2012 -1.88  -1.93  -2.32  -1.91  -1.86  -2.00  -2.45  -1.72  -1.73  -1.27  -1.58  -1.26   
2013 -1.83  -1.74 -99.99 -99.99 -99.99 -99.99 -99.99 -99.99 -99.99 -99.99 -99.99 -99.99   
