1895 -0.16   0.42   0.27   0.79   0.90  -0.64  -0.62  -0.67   0.07   0.15   0.39   0.35   
1896 0.59   0.54   0.50   0.24   0.01   0.51   0.68   0.67   0.60   0.57  -0.22  -0.28   
1897 -0.38  -0.31  -1.00  -0.85  -1.03  -0.85  -0.89  -0.94   0.79   1.07   1.19   1.30   
1898 -0.28   0.27  -0.13  -0.36  -0.66  -1.19   0.01   0.81   0.57   0.74   0.33   0.59   
1899 0.70   0.85  -0.29   0.00  -0.65  -0.62  -0.57   0.03   0.22   0.75   0.52   0.45   
1900 0.63   0.48   0.95   0.96   1.06  -0.43  -0.42  -0.63  -0.82  -0.73  -1.09  -0.87   
1901 -0.99   0.26   0.53  -0.15  -0.52   0.97   1.28   1.73   1.68  -0.12  -0.08  -0.14   
1902 -0.36  -0.23  -0.32  -0.31  -0.62   0.43   0.38   0.11   0.23   0.40   0.48   0.51   
1903 0.94   0.98   0.95   0.65   0.57   0.52   0.40   0.46   0.75   0.50   0.69   0.78   
1904 1.24   0.01  -0.15  -0.08  -0.27   0.17   0.02   0.11   0.15   0.68   0.99   1.01   
1905 0.88   0.61   0.74   0.77   0.86  -0.34   0.05   0.79   0.92   0.51   0.07   0.68   
1906 0.80   0.99   0.76   0.76   1.29   1.69   1.76   1.90  -0.76  -0.88  -1.17  -1.44   
1907 -1.73  -1.89  -2.25  -2.31  -2.10  -1.71  -1.59  -1.47  -1.44  -1.45  -1.82  -1.29   
1908 -1.15  -1.31  -1.78  -2.28  -2.40  -2.03  -1.99  -1.65  -1.10  -0.85  -0.56  -0.83   
1909 -0.97  -1.24  -1.50  -1.64  -1.61  -2.13  -1.61  -1.20  -1.24  -1.21  -1.41  -1.32   
1910 -1.48  -1.35  -1.16  -1.36  -1.84   0.25   0.06   0.52   0.28   1.27   1.45   1.44   
1911 -0.13  -0.43  -0.31  -0.58  -0.15  -0.52  -0.66   0.35   0.19   0.28   0.50   0.49   
1912 0.73   0.66  -0.35  -0.85   0.14   1.10   1.21   0.99   1.06   0.98   1.19  -0.14   
1913 -0.53  -0.27  -0.47  -0.35  -0.36  -0.34  -0.56  -0.28  -0.78  -0.70  -0.84  -0.77   
1914 0.32   0.54   0.60  -0.15  -0.48  -0.68  -0.81  -1.10  -1.09  -0.99  -1.06   0.09   
1915 0.38   0.66   0.95   1.17  -0.01  -0.22  -0.32  -0.37  -0.66   0.32   0.46   0.49   
1916 -0.40  -0.76  -0.74  -0.60  -0.53  -0.35  -0.97  -0.92  -0.85   0.20   0.77   1.24   
1917 -0.45  -0.73  -1.21  -1.30  -1.49  -1.47  -1.55  -1.39  -1.55  -1.39  -1.47  -1.44   
1918 -1.40  -1.84  -1.76  -1.56  -1.66  -1.80  -1.83  -1.71  -1.69  -1.80  -1.69  -1.62   
1919 -1.73   0.02  -0.05  -0.11   0.33   0.53  -0.01  -0.29  -0.12  -0.61  -0.38  -0.58   
1920 -0.84  -0.31  -0.60  -0.65  -0.52  -0.68  -0.74  -0.85  -0.63  -0.60  -0.21  -0.09   
1921 -0.38  -0.70  -1.04  -1.32  -0.92  -1.04  -0.90  -1.17  -1.41   1.07   1.13   1.17   
1922 -0.11  -0.38  -0.84  -1.17   0.26   0.35   0.27   0.58   0.87   1.61   1.69   1.62   
1923 -0.21  -0.51  -0.79  -0.97   0.54   1.07   1.13   0.96   0.96   0.97  -0.24  -0.61   
1924 -0.55  -1.07   0.57  -0.17  -0.51  -0.78  -0.48  -0.75   0.19   1.87   1.65   1.38   
1925 1.01   1.03   0.93   0.98   1.64   1.77   1.73   1.86   1.37   0.78   0.85   1.37   
1926 1.60   1.36   1.42   1.81   1.67   1.63   1.65   1.55  -0.13  -0.19  -0.05  -0.59   
1927 -0.85  -0.85  -0.94  -1.09  -1.70  -1.60  -1.55  -1.45  -1.31  -1.03  -1.05  -1.19   
1928 -1.30  -1.47  -1.41  -1.11  -1.20  -2.11  -2.01  -1.25  -0.60  -0.68  -0.73  -0.77   
1929 -0.86  -1.63  -2.32  -2.25  -2.26  -1.92  -1.65  -1.35  -1.12  -1.19  -1.64  -1.53   
1930 -1.54   0.16   0.74   0.95   0.85   1.93   2.07   1.77   1.45   1.21   1.18   1.51   
1931 2.20   2.90   3.74   4.32   4.12   3.20   2.61   2.54   2.87   3.01   2.47   2.88   
1932 3.03   2.67   2.16   1.71   2.27   0.01  -0.88  -0.32  -1.04   0.24   0.42  -0.57   
1933 -1.18  -1.71  -1.60  -2.17  -2.67   1.07   1.17   1.22   0.38   3.74  -0.16  -0.53   
1934 -0.76  -0.98  -1.03  -1.34  -0.97  -1.36  -1.07  -1.76  -1.54  -1.99  -2.06  -2.53   
1935 -2.37  -2.66  -3.14  -3.26  -3.92  -4.10   1.59   1.47   2.08   1.20   1.93   1.82   
1936 1.75   2.90   3.62   3.32   3.29   3.77   4.34   5.62   5.10   4.70   4.35   3.94   
1937 3.12   3.34   3.27   2.64   3.53   3.43   3.40   3.13   3.39  -0.14  -0.21  -0.36   
1938 -0.81  -1.25  -1.64  -1.99  -2.09  -2.24  -2.48  -3.12  -3.38  -3.45  -3.43  -3.63   
1939 -3.25  -3.23  -3.40  -2.37  -2.31  -2.72  -2.55  -2.63  -3.10   0.71   0.39   1.16   
1940 1.02   1.00   1.25   1.43  -0.15  -0.83   0.07   0.22   2.32   1.56   1.17   1.92   
1941 1.91   3.40   4.04   6.33   5.45   4.54   4.14   2.78   2.09   1.68   2.37   2.69   
1942 2.63   2.51   2.57   3.16   2.69   3.24  -0.57  -1.29  -1.96  -2.61  -2.78  -1.92   
1943 -2.06  -2.28  -2.03  -2.33  -2.66  -2.73  -3.11  -3.52  -3.25   1.19   3.11  -0.19   
1944 -0.11  -0.74  -0.71  -1.16  -0.86  -1.61  -1.41  -1.46  -1.64  -0.82  -1.15  -1.07   
1945 -1.10  -1.67  -2.33  -2.78  -3.33  -3.59   0.08   1.47   2.18   2.12   2.27   2.12   
1946 -0.20  -0.42  -0.42  -0.39  -0.60   0.31   0.55  -0.51  -0.83  -1.09  -1.29  -1.26   
1947 -1.57   0.76   1.19  -0.47   0.01   0.47   2.17   2.95   2.72   4.19   4.07   4.09   
1948 3.69   2.74   2.02   3.66   3.47   2.43   2.37   2.30   3.67   3.36  -0.38  -0.50   
1949 -1.10  -1.84  -1.75  -1.67  -2.19  -2.22   0.57   1.29   1.41   1.46   1.80   1.76   
1950 -0.43  -0.39  -0.58  -0.29  -0.90  -1.76  -1.72  -1.52  -1.19  -0.81  -0.97  -0.64   
1951 -0.73  -0.71  -1.11  -0.69  -1.32  -1.93  -1.68  -1.97  -2.59  -2.61  -2.59  -3.11   
1952 -3.41  -2.64  -2.62  -2.38  -2.90  -3.18  -2.31  -2.87  -2.93   0.77   0.43   0.31   
1953 1.15   1.11  -0.37  -0.60  -1.14   0.78   1.67   1.45   2.37   2.72   2.36   1.82   
1954 1.18   1.51   1.87   2.21   2.39   2.30   1.60   1.47   1.32   0.99   2.59  -0.08   
1955 -0.11  -0.50  -0.91  -1.24  -1.88  -1.47  -1.50  -1.61  -1.55  -1.59  -2.01  -2.04   
1956 -2.28  -2.50  -2.93  -3.17  -3.40  -3.58  -4.13  -4.63  -2.88  -2.96  -2.96  -3.14   
1957 -3.39   0.56   0.55   0.64   1.20  -0.57  -0.97  -0.73  -0.99  -0.60  -0.99   0.44   
1958 2.68   2.76   3.66   3.47   3.95   3.39   3.39   2.98   2.36   1.99   1.28   2.30   
1959 2.15   1.41   1.76   1.11   1.92   1.87   2.31   1.86   2.59   2.12   2.70   3.11   
1960 2.45   2.28   1.93   2.33   4.05   3.46   3.14   3.55   3.49  -0.21  -0.24  -0.59   
1961 -0.22  -0.20  -0.29  -0.68  -0.29  -0.61  -1.48  -2.03  -2.95  -3.06  -3.50  -3.71   
1962 -3.48  -3.80  -3.80  -3.78  -4.13  -3.80  -4.36  -2.84  -2.66  -2.55  -1.77  -1.33   
1963 -1.40  -0.86  -1.35  -1.79  -1.83  -2.35  -2.80   0.13   1.32   0.79   1.47   1.76   
1964 -0.21   0.13   0.08   0.28  -0.42   0.51  -0.53  -1.13  -1.61  -0.98  -1.20  -1.11   
1965 -1.39  -0.75  -0.97  -1.42  -2.20  -2.29  -2.77  -3.19   0.46   0.59  -0.38  -0.73   
1966 0.60   0.95   1.14   1.29   1.42   2.74   3.67   3.28   3.19   3.10  -0.30  -0.41   
1967 -0.41  -0.42  -0.23  -0.83  -1.52   1.12  -0.29  -0.45  -0.47   0.40   0.10   0.62   
1968 0.46   0.93   1.46   0.93   3.04   3.95   4.00   3.85   3.86   4.19   3.97   3.27   
1969 3.45   3.26   2.91   3.38   3.30   4.59   4.77   3.94   4.12   5.84   5.22   4.60   
1970 5.11   4.91   4.93   4.17   4.14   3.39   4.00  -0.22  -0.34  -0.49  -1.10  -1.73   
1971 -2.17  -2.05  -2.50  -2.95  -2.97  -3.20  -3.32   0.37   0.14   0.71   0.65  -0.02   
1972 -0.25  -0.08  -0.62  -0.80  -0.76   1.45   2.27  -0.40   0.48  -0.79   0.03   0.13   
1973 0.22   0.60  -0.03  -0.56  -1.12  -0.87  -1.09   0.94  -0.24  -0.70  -1.39  -0.76   
1974 -1.14  -1.59  -2.17  -2.69  -2.30  -2.49  -2.64  -2.51  -3.19  -3.54  -3.82  -3.81   
1975 -4.06  -4.13  -4.38  -4.67  -4.68  -4.30  -4.01  -3.89  -3.38  -3.60  -3.83  -3.39   
1976 -3.31  -2.67  -3.13   0.36   0.47   1.56   1.29   1.95  -0.41  -1.04  -1.36  -1.41   
1977 -1.20  -1.13  -1.80  -1.71   1.21  -0.50  -1.02   0.87   0.56   0.14   0.99   1.55   
1978 1.58   1.88   1.92   1.96   3.13   3.12  -0.47  -0.77  -1.35  -1.28  -1.52  -2.16   
1979 -1.98  -2.22  -2.46  -1.79  -1.90  -2.33  -2.31  -2.44  -2.92  -2.80  -3.07  -3.02   
1980 -3.18  -2.94  -3.20  -2.73  -3.03  -3.13  -2.50  -2.24  -2.23  -2.33   3.50  -0.03   
1981 -0.20   0.26   0.28  -0.39  -0.97  -1.53  -2.01   1.40   2.10  -0.49  -0.18  -0.56   
1982 -0.95  -1.20   0.58   1.69   2.17   3.57  -0.05  -0.17  -0.50  -0.92  -1.06  -1.67   
1983 4.74   5.22   6.57   6.73   6.06   5.73   5.32   4.84  -0.71  -1.23  -1.44  -1.07   
1984 -1.37  -1.13  -0.83  -0.57  -0.33  -0.28  -0.64  -1.21  -0.65  -1.46  -1.69  -2.21   
1985 -2.46  -2.70  -2.48   0.83   0.86  -0.27  -0.43  -0.61  -0.35  -0.58  -0.74   0.42   
1986 0.39   0.20   0.56  -0.27  -0.91  -1.29  -2.02  -1.70  -2.38  -2.78  -3.39   1.74   
1987 1.70   1.15   2.72  -0.15  -0.03  -0.43  -0.98  -1.53   0.04   0.47   1.39   1.61   
1988 2.20   1.86   1.46   0.96   1.98   2.88   4.21   5.16  -0.47  -1.28  -1.59  -2.09   
1989 -2.61  -2.89  -2.61  -2.93  -3.40  -3.70  -3.43  -3.48  -3.91  -4.25  -4.10  -3.52   
1990 -3.84  -4.24  -3.99  -3.84  -3.13  -2.96  -3.09  -3.00  -2.85  -2.97  -2.89  -3.17   
1991 -3.19  -3.55  -3.03  -3.31  -2.34  -2.13  -2.43  -2.56  -2.27  -1.62  -1.78  -1.90   
1992 -2.13  -2.37  -2.08  -1.79  -2.24   1.31   1.24   1.10  -0.21  -0.86  -0.28  -0.70   
1993 1.88   1.58   1.89   1.86   2.03  -0.41  -1.39  -1.51  -1.40  -1.28  -1.97  -2.06   
1994 -1.63  -1.08  -1.42  -1.68  -1.22  -1.78  -2.31   0.58   1.88   1.34   1.80   2.34   
1995 2.62   2.03   2.46   2.83   2.34   2.51   2.31   2.73   2.13   2.79  -0.35  -0.16   
1996 -0.13  -0.41   0.13   0.18   0.23   0.37  -0.56  -0.59  -0.68   1.19  -0.22  -0.49   
1997 0.68  -0.52  -0.62  -0.56  -0.75  -0.58  -0.27  -0.60  -0.01  -0.60  -0.72   1.05   
1998 1.20   2.80   3.87  -0.11  -0.59  -1.49  -1.77  -1.87  -1.16  -1.65  -1.08  -1.18   
1999 -1.02  -1.32  -1.47  -1.99  -2.05   0.46   0.12   0.78   1.23   2.75   2.58  -0.22   
2000 -0.36  -0.45  -0.48  -0.60  -1.33  -1.04  -1.48   0.85   0.20   0.51   0.32   0.64   
2001 -0.28  -1.13  -1.09  -0.88  -0.84  -1.34   0.50   1.69   2.23   2.85   2.81   2.88   
2002 2.57   2.90   2.30   1.60   1.94   2.77   3.42  -0.18  -0.42  -1.10  -1.43  -1.02   
2003 -1.11  -1.54   0.38   0.33   0.75   0.74  -0.80  -0.54  -0.50  -1.35   0.75   0.87   
2004 1.02   1.16  -0.45  -0.47  -1.03  -1.83  -1.60  -1.11  -1.29  -1.91  -2.35  -2.54   
2005 -2.73  -3.09  -2.45  -2.29  -2.74   0.63   0.59   2.63   2.87  -0.12  -0.04  -0.30   
2006 -0.67  -0.69  -1.12  -1.51  -1.60  -1.85   0.32   0.60   0.59  -0.66  -0.68  -0.28   
2007 -0.67   0.84   0.39   0.77   0.81   1.06   0.02  -0.77   0.73   1.03  -0.27  -0.20   
2008 -0.63  -0.69  -0.82  -0.70  -1.49  -2.09  -2.56  -1.39  -1.12  -0.78  -0.94  -1.17   
2009 -1.46  -1.33  -1.53  -1.96  -1.91  -1.76  -1.92  -2.12  -2.18  -2.93   0.34   0.64   
2010 0.75   1.70   1.72   2.76   2.12   1.39   1.04   1.40   2.26   1.95   1.75   1.85   
2011 1.86  -0.50  -0.49  -0.90  -1.66  -2.22  -2.10   0.42   0.27   2.48   2.11   1.50   
2012 0.88   1.38   1.01   2.50   3.42   3.68   4.80   5.27   4.52   4.12   3.54   3.15   
2013 2.19   1.62 -99.99 -99.99 -99.99 -99.99 -99.99 -99.99 -99.99 -99.99 -99.99 -99.99   
