1895 0.85   0.05   0.53   0.72   0.86   0.83   0.83   2.09  -0.52  -0.71  -1.18  -1.33   
1896 -1.66  -1.29  -1.44  -1.86  -2.25  -2.70  -1.84  -2.49  -2.76  -2.84  -2.14  -2.73   
1897 -2.97  -2.53  -1.23  -1.03  -1.54  -1.78  -1.66  -1.45  -2.32  -2.55  -2.93  -2.76   
1898 -2.98  -3.65  -3.79  -2.87  -3.48  -3.47   0.64   2.55   2.86   3.96   4.27  -0.60   
1899 -0.57   0.65   0.71  -0.32  -1.01  -1.77  -2.11  -2.24  -2.87  -2.76  -2.86  -2.63   
1900 -2.96   1.02   0.51   1.04   0.30   2.07  -0.14  -0.81  -0.97  -0.58  -0.29  -0.34   
1901 -0.44  -0.91  -0.91   0.74   1.62   1.53   0.67   3.05   3.36   2.76   2.03   2.92   
1902 2.12   2.55   2.85  -0.45  -1.24  -1.42  -2.00  -2.13  -1.90  -1.60  -1.49  -1.24   
1903 -1.70   1.33   1.12   1.19   1.38   2.08  -0.40   0.39  -0.06  -0.15  -0.47  -0.99   
1904 -1.39  -1.47  -1.72  -2.06  -2.26  -2.47  -2.70  -1.44  -1.89  -2.58  -2.54  -2.47   
1905 -2.38  -1.28  -2.01  -1.92  -1.20  -1.01  -1.08  -1.24  -1.64  -1.24  -1.60  -0.94   
1906 -0.82  -1.43  -0.90  -1.68  -1.69   0.63   1.59   2.32   3.14   3.48  -0.28  -0.34   
1907 -1.47  -1.41  -2.20   0.57   0.96   1.02   0.72   0.50   1.10   0.66   1.44   1.51   
1908 1.20   1.50   1.14   1.36  -0.26  -0.51  -0.62   0.82  -0.31  -0.25  -0.94  -0.80   
1909 -1.68   0.59   1.14   1.26   1.67   1.94  -0.16  -0.14  -0.07  -0.36  -1.17  -1.30   
1910 -1.59  -1.42  -2.58  -2.45   0.33   1.33   1.55  -0.28  -0.48  -0.65  -1.08  -1.18   
1911 -1.56  -1.85  -2.39  -1.38  -2.29  -2.79  -2.62   0.38  -0.44   0.18   0.31   0.75   
1912 0.70   0.51   1.32   2.27   2.02   2.61   2.67   2.85   3.12   2.94   2.35   2.22   
1913 1.92   1.55   2.17  -0.54  -0.89   0.34   0.26   0.09   0.55   0.58  -0.62  -1.02   
1914 -1.91  -1.88  -2.10  -2.09  -3.14  -3.42  -3.54   0.63   0.63   1.06   1.48   1.77   
1915 1.87  -0.11  -0.67  -1.66   0.58   0.55   0.14   0.54   0.35   1.21  -0.31   0.39   
1916 -0.62  -0.70  -1.31  -1.73  -1.84   0.18   2.95  -0.22  -0.46  -0.66  -1.26  -1.74   
1917 0.22   0.31   1.23  -0.13  -0.33  -0.54   0.13   0.62   1.36  -0.04  -0.50  -1.28   
1918 -0.64  -1.42  -2.57  -1.66  -2.21  -1.96  -1.95  -1.84   0.12   1.20   1.45   1.65   
1919 1.63   1.78   1.23   0.66   1.01   1.58   2.13   2.65   1.86   1.95   1.36   1.42   
1920 1.40   1.01   1.70   2.50   2.26   1.84   1.72   3.44   3.23   2.48   2.27   2.82   
1921 -0.44  -0.35  -1.19  -0.87  -0.90  -1.25   0.21   0.56  -0.29  -0.70  -0.65  -1.28   
1922 0.31   0.52   1.52   1.68   2.42   2.52   0.02  -0.48  -1.39  -1.51  -2.21   0.42   
1923 0.01   0.19   0.55   0.79   2.16   2.40   1.98   2.28  -0.43  -0.80  -0.50  -0.50   
1924 -0.19  -0.16  -0.96   0.54   0.91   0.83  -0.12  -0.81   1.65  -0.66  -1.37   0.55   
1925 1.73  -0.63  -1.53  -2.08  -2.78  -3.29  -3.92  -5.04  -5.56  -4.25  -3.57  -4.00   
1926 -2.99  -2.80  -2.51  -2.94  -3.51  -3.39  -3.04  -2.49  -2.45  -2.57  -2.13  -1.46   
1927 -2.47  -2.28  -2.24  -2.22  -2.70  -1.88  -1.50  -1.34  -1.87  -2.09  -2.33  -1.06   
1928 -1.96  -2.18   0.00   0.92   1.11   1.96   2.05   4.14   4.64   4.36   3.48   2.36   
1929 2.07   3.06   4.09   3.69   4.21   4.18   3.49   2.63   3.68   4.49   5.20  -0.43   
1930 -0.61  -1.55  -1.74  -2.41  -2.80  -3.05  -3.21  -3.99  -3.28  -3.14  -2.12  -2.37   
1931 -2.75  -2.97  -3.17  -2.82  -2.74  -3.40  -3.35  -3.47  -4.24  -4.57  -5.01   1.75   
1932 1.80   1.68   1.50   0.89   0.75   1.32   0.78   0.47   0.27   1.00   1.39   3.43   
1933 -0.84  -0.58  -1.23  -1.45  -1.38  -1.73  -2.02  -1.98  -2.70  -3.05  -3.57  -3.93   
1934 -4.29  -3.75  -3.24  -3.02  -2.75  -2.27  -1.86  -1.55  -1.56  -0.73  -1.05  -1.33   
1935 -1.70  -1.81  -1.99  -1.24  -1.31  -1.56  -1.34  -1.23  -1.73  -2.04  -1.64  -1.80   
1936 2.06   2.44   1.87   3.46  -1.24  -1.86  -2.51   0.22   0.40   0.60   0.02   0.62   
1937 1.49   1.46  -0.80   0.81  -0.67  -0.56  -1.26   0.60  -0.80   1.45  -0.54  -1.21   
1938 -1.82  -2.88  -2.87   0.70   0.40   1.35   2.58  -0.32  -0.78  -1.63  -1.54  -1.89   
1939 0.07   1.27  -0.35  -0.70  -0.66  -0.89  -1.06  -0.56  -0.88  -1.60  -2.41  -2.76   
1940 -2.57  -2.23  -2.10  -2.20  -2.43   0.27   0.57   2.09  -0.50  -1.07  -0.93  -0.97   
1941 -1.64  -2.35  -2.20  -2.81  -3.78  -3.35  -2.19  -2.07  -2.69  -3.20  -3.36  -2.64   
1942 -2.82  -2.49  -1.54  -2.40   0.55   0.39   0.31   1.27   1.80   1.78   1.07   1.77   
1943 1.86  -0.84   0.47   0.61   0.13   0.40   0.59  -0.45  -0.41  -0.94  -1.32  -1.65   
1944 -1.86   1.33   2.17   2.33  -0.45  -1.12  -1.76  -1.92  -1.96  -2.38  -2.41  -2.66   
1945 -2.89  -1.98  -2.62   0.65  -0.15  -0.69   0.20   0.05   0.38   0.43   0.27   1.18   
1946 2.31   2.34   2.34   1.95   2.48  -0.03  -0.44  -0.95  -1.02  -0.86  -1.29  -1.99   
1947 1.19  -0.73  -0.56  -0.58  -0.52  -0.10  -0.81  -1.05  -1.77  -1.65   1.07  -0.20   
1948 -0.50   0.49   1.01  -0.75   0.25   0.16   0.84   1.26   1.22   0.70   3.56   3.08   
1949 2.65   2.53   1.80   2.10   1.60   1.59   1.66   2.09   2.28   2.45  -0.55  -0.83   
1950 -1.46  -1.96  -1.83  -2.46  -2.26   0.02   0.46   0.51   0.55   0.87  -0.67  -0.83   
1951 -1.53  -1.12  -0.89  -0.74  -1.61   0.67   0.77  -1.04  -0.70  -1.01  -1.12   0.87   
1952 -0.47  -0.86   1.37  -0.45  -0.74  -1.16  -2.33  -1.62  -1.91  -2.47  -2.61  -2.38   
1953 -1.78  -1.25  -1.76  -1.67  -1.64  -1.64  -1.46  -2.12  -1.11  -1.72  -2.20  -1.15   
1954 -0.82  -1.54  -1.78  -2.22  -2.25  -2.23  -2.41  -2.83  -3.79  -4.44  -3.90  -3.72   
1955 -3.52  -3.01  -3.33  -3.37  -3.00  -3.01  -2.59  -2.79  -3.42  -3.47  -3.24  -3.75   
1956 -4.18  -3.16  -2.85  -2.12  -2.38  -2.72  -2.03  -2.55  -1.70  -1.63  -1.84  -1.73   
1957 -1.32  -1.39  -1.74  -1.04  -1.05  -0.84  -1.43  -1.94   0.44   0.89   2.20  -0.10   
1958 -0.48  -0.35  -0.43  -0.22  -0.47  -1.08   0.90  -0.07  -0.21  -0.56  -1.09  -1.56   
1959 -1.69  -1.75  -1.55  -1.60   0.85   0.47   0.66   0.22   0.51   1.52  -0.28  -0.63   
1960 0.68   0.78   0.74  -0.44  -0.96  -1.26  -1.26   0.39   1.00   0.93  -0.55  -0.99   
1961 -1.48   1.61   1.44   1.72   1.59   2.65   2.77   3.38   2.73   1.87   1.46   2.89   
1962 2.80   2.60   2.44   2.79  -1.21  -1.10  -1.21  -1.39   0.26  -0.25   0.51  -0.32   
1963 -0.16  -0.64   0.53   1.19   1.27   3.39   3.40   2.55   2.97   1.89   2.02   1.87   
1964 2.59   2.46   3.72   4.81   4.01   3.21   3.80   3.78   3.47   4.52  -0.17  -0.07   
1965 -0.59   0.03   0.53  -0.14  -0.68   0.69  -0.17  -0.70  -0.76  -0.42  -0.74  -1.60   
1966 0.32   1.26   1.05   1.42   2.61  -0.38  -0.85  -0.85  -0.83   0.64   0.74  -0.07   
1967 -0.24  -0.31  -1.14  -1.22   0.71   1.68   2.91   4.62   4.11   3.86   4.43   4.55   
1968 4.23   2.89   2.43   2.44   2.67   2.40   2.47   1.76   1.74   1.39   1.91   2.00   
1969 1.82   1.62   1.26   1.54   1.56  -0.35  -0.92   1.58   2.18  -0.21  -0.11  -0.09   
1970 -0.55  -1.22  -1.02  -1.23  -1.31   0.14  -0.01  -0.07  -0.17   0.94   0.55   0.05   
1971 0.22   0.68   1.17  -0.15  -0.37  -0.35   0.81   1.26   1.55   1.32   1.39   1.41   
1972 2.22  -0.39  -0.51  -1.06   0.98   1.43   1.61   1.23   0.84   0.96   1.35   2.12   
1973 2.04   1.52   2.10   2.34   3.65   3.96   3.24   2.72   2.89   2.16   1.80   2.14   
1974 2.52   2.51   1.39   1.47   1.91   1.80   1.88   2.75   2.27   1.64   1.48   1.71   
1975 1.67   2.37   3.12   2.20   2.67   2.69   2.63   2.38   3.42   3.78   3.58   3.07   
1976 2.90   1.74   2.78   1.54   3.56   3.58   3.24   2.68   2.10   2.51   2.45   2.45   
1977 2.15   1.27   2.21  -0.20  -0.65  -1.13  -1.65  -0.03   0.50   1.70   2.55   2.14   
1978 2.84  -1.07  -1.48  -1.71  -1.17  -1.47  -1.65   1.05  -0.72  -1.32  -1.51  -1.41   
1979 0.64   0.93   0.60   2.23   2.09   1.60   1.83   1.86   2.49   2.37   2.77   1.59   
1980 1.79   0.97   2.98   2.37   2.95   2.86  -1.06  -2.00  -1.27  -1.18  -1.45  -2.25   
1981 -3.11  -2.36  -2.68  -3.20  -2.88  -2.97  -3.59  -3.77  -3.70  -3.49  -3.71   0.29   
1982 0.76   1.58   0.54   1.03   0.53   0.58   0.55   0.73   0.60   1.10   1.51   1.79   
1983 1.08   1.09   1.24   1.53   1.44  -0.01  -1.02  -1.84   0.83   0.76   1.73   2.98   
1984 2.53   2.46   2.19   2.45   3.01   2.27   3.71   3.55  -0.73  -1.06  -1.13  -1.62   
1985 -1.64  -1.22  -2.34  -2.70  -2.42  -2.30   0.83   1.22  -0.42  -0.17  -0.02  -0.73   
1986 -1.64  -2.45  -2.83  -3.53  -3.60  -4.21  -5.07  -4.72  -4.46  -3.17  -2.20  -2.07   
1987 -1.51  -1.23  -1.37  -1.91  -2.25  -1.94  -2.25  -2.76  -2.77  -3.23  -3.19  -3.16   
1988 -2.72  -3.07  -3.63  -3.15  -3.60  -4.08  -3.91  -3.78  -2.76  -2.11  -1.71  -2.31   
1989 -2.44  -2.11  -2.35  -2.20   0.55   2.46   3.15   2.58   4.03   4.21   4.10   3.71   
1990 3.93   4.40   4.79   3.73   3.34   2.11   1.95   1.60   1.74   2.15   1.36   1.18   
1991 1.20   0.71   0.93   1.09   1.45   2.15   2.00   2.62  -0.07  -0.73  -0.65  -0.71   
1992 -1.01  -0.82  -0.75  -1.41  -1.77   0.49   0.75   2.13   3.11   3.17   4.61   4.88   
1993 4.68   4.06   3.91  -0.20  -0.26  -0.58  -1.81  -2.27  -2.52  -2.33   0.11  -0.19   
1994 0.21   0.06   0.63   0.41   0.08   1.72   2.42   3.23   3.42   4.03  -0.17  -0.80   
1995 -0.77  -0.22  -0.87  -1.28  -1.56   0.96   0.15   1.08   0.98   2.50   3.23   2.50   
1996 3.59   2.85   3.54   3.25   2.59   2.40   1.76   1.66   2.05   1.43   1.41   1.18   
1997 1.27   1.48   0.77   0.94   1.10   1.63   1.67   1.03   1.81   2.69   2.69   2.44   
1998 2.64   3.29   2.81   3.93  -0.32  -0.57  -1.37  -1.16  -1.55  -2.07  -2.17  -2.44   
1999 -1.94  -1.94  -2.43  -2.77  -2.43  -1.57  -1.49  -1.73  -1.75  -1.25  -1.13  -1.59   
2000 -1.35  -2.12  -2.15  -1.81  -2.32  -2.24  -2.70  -2.47  -1.58  -2.13  -1.45  -1.63   
2001 -1.57  -1.93  -1.14  -1.76   0.02   1.32   1.84  -0.25   0.25  -0.29  -1.03  -1.55   
2002 -1.16  -1.84  -1.42  -2.10  -1.62  -1.63  -1.78  -2.18   1.12   1.60   2.28   2.73   
2003 1.88   1.98   1.60   1.54   2.91   3.86   4.72   4.53   4.32   3.77   3.74  -0.29   
2004 -0.83  -0.86  -1.90  -2.24  -2.25   0.82   0.61   0.81   3.69   3.05   3.73   3.47   
2005 2.35   2.32   2.25   2.17   1.71   2.89   4.16   5.20  -0.72  -0.72  -0.66  -0.42   
2006 -0.34  -0.60  -1.31  -1.64  -1.79  -1.41  -1.74  -1.62   0.56   1.19   1.41  -0.45   
2007 -0.38  -0.98  -1.77  -2.14  -2.73  -2.90  -2.90  -3.60  -4.13  -4.21  -4.29  -4.02   
2008 -4.24  -3.71  -3.33  -3.28  -3.06  -3.38  -3.09   0.75  -0.69  -0.46  -0.65  -0.16   
2009 -0.19  -0.61   0.25   0.33   0.76  -0.64  -0.98   0.22   2.84   4.45   4.77   5.42   
2010 5.12   4.56   3.75   3.01   2.95   3.00   2.35   2.79   2.93   0.01  -0.04  -0.23   
2011 -0.79  -1.21   0.83   0.84  -0.62  -0.76  -1.18  -1.93  -1.81  -1.91  -1.46  -1.33   
2012 -1.23  -1.99  -2.37  -2.82  -2.76  -2.74  -2.52  -2.09  -2.13  -1.71  -2.21  -1.82   
2013 -0.82   1.24 -99.99 -99.99 -99.99 -99.99 -99.99 -99.99 -99.99 -99.99 -99.99 -99.99   
