1895 0.99   0.30   0.86   1.16   1.23   1.07   1.01   2.16  -0.56  -0.84  -1.26  -1.41   
1896 -1.74  -1.23  -1.50  -1.99  -2.43  -2.60  -1.63  -2.16  -2.35  -2.47  -1.93  -2.42   
1897 -2.71   0.45   1.35   1.43  -0.67  -0.96  -0.92  -0.79  -1.88  -2.11  -2.50  -2.47   
1898 -2.70  -3.41  -3.45  -2.50  -3.26  -3.40   0.64   2.73   3.09   4.02   4.33   3.34   
1899 3.03   3.47   3.44  -0.21  -1.02  -1.63  -1.92  -1.94  -2.56  -2.31  -2.40  -2.26   
1900 -2.58   0.96   0.50   1.02   0.30   1.55  -0.18  -1.05  -1.19   0.26   0.41   0.39   
1901 -0.16  -0.56  -0.55   0.80   1.66   1.75   0.89   3.13   3.38   2.67   1.90   2.72   
1902 1.92   2.39   2.55  -0.44  -1.25  -1.40  -2.11  -2.29  -2.22  -1.87  -1.68  -1.41   
1903 -1.74   1.26   1.33   1.37   1.43   2.06  -0.45   0.42  -0.08  -0.22  -0.64  -1.15   
1904 -1.52  -1.56  -1.68  -2.02  -2.30  -2.39  -2.60  -1.24  -1.57  -2.26  -2.25  -2.18   
1905 -2.24  -1.25  -2.03  -1.88  -1.04  -1.08  -1.09  -1.02  -1.57  -1.22  -1.65   0.65   
1906 0.80  -0.65  -0.11  -0.94  -0.97   0.71   1.73   2.41   3.29   3.48  -0.42  -0.47   
1907 -1.64  -1.56  -2.28   0.56   1.08   1.30   0.99   0.79   1.42   0.94   1.62   1.74   
1908 1.52   1.80   1.62   1.83   1.34   1.00   0.71   1.63  -0.36  -0.29  -0.91  -0.76   
1909 -1.62   0.49   0.93   0.98   1.47   1.80   1.62   1.52   1.60  -0.21  -1.00  -1.11   
1910 -1.38  -1.15  -2.28  -2.20   0.24   1.23   1.50  -0.06  -0.06  -0.08  -0.58  -0.70   
1911 -1.19  -1.63  -2.07  -1.20  -2.16  -2.73  -2.74   0.37   0.05   0.37   0.50   0.95   
1912 0.89   0.92   1.79   2.67   2.43   3.02   2.93   2.76   2.96   2.69   2.14   1.94   
1913 1.69   1.44   2.19  -0.52  -0.92  -0.51  -0.68  -0.87  -0.29  -0.19  -0.73  -1.07   
1914 -1.85  -1.75  -1.94  -1.95  -3.06  -3.33  -3.48   0.41   0.36   0.77   1.05   1.40   
1915 1.70  -0.17  -0.69  -1.67   0.71   0.68   0.21   0.61   0.43   1.31  -0.28   0.35   
1916 -0.60  -0.67  -1.23  -1.70  -1.80   0.23   2.90  -0.41  -0.67  -0.84  -1.44  -1.87   
1917 0.17   0.25   1.22  -0.14  -0.40  -0.48   0.22   0.46   1.26  -0.16  -0.70  -1.46   
1918 -0.83  -1.56  -2.61  -1.56  -2.05  -1.90  -2.00  -2.00   0.07   0.91   1.10   1.38   
1919 1.41   1.58  -0.48  -0.91   0.61   1.13   1.66   2.00  -0.59  -0.34  -0.77  -0.54   
1920 -0.44  -0.56   0.94   1.88   1.64   1.35   1.21   2.72   2.63   1.87   1.72   2.25   
1921 -0.33  -0.23  -1.11  -0.95  -0.85  -1.22  -0.79  -0.64  -0.70  -1.01  -0.98  -1.58   
1922 0.22   0.58   1.65   1.92   2.70   2.81   2.67  -0.26  -1.25  -1.22  -1.96   0.42   
1923 0.04   0.19   0.62   0.78   2.29   2.34   1.88   2.16  -0.38  -0.83  -0.58  -0.58   
1924 -0.25  -0.27  -1.09   0.66   1.01   0.97   0.04  -0.79   2.09  -0.73  -1.46   0.55   
1925 1.76  -0.68  -1.54  -2.01  -2.54  -2.88  -3.57  -4.73  -5.28  -4.02  -3.34  -3.74   
1926 -2.74  -2.56  -2.25  -2.59  -3.24  -3.17  -2.86  -2.64  -2.77  -2.86  -2.44  -1.80   
1927 -2.76  -2.54  -2.49  -2.37  -2.88  -2.16  -1.79  -1.65  -2.13  -2.29  -2.56   1.03   
1928 -1.00  -1.07  -1.02   1.01   1.24   1.67   1.76   3.83   4.74   4.35   3.37   2.28   
1929 2.00   3.04   3.94   3.71   4.37   4.37   3.72   2.82   3.80   4.47   5.07  -0.38   
1930 -0.48  -1.45  -1.79  -2.36  -2.59  -2.46  -2.78  -3.66  -3.05  -2.95  -2.00  -2.18   
1931 -2.55  -2.68  -2.80  -2.40  -2.30  -2.60  -2.97  -3.00  -3.77  -4.11  -4.55   1.52   
1932 1.73   1.53   1.35   0.74   0.62   1.18   0.49   0.73   0.87   1.89   2.34   3.88   
1933 -0.74  -0.55  -1.27  -1.29  -1.52  -1.52  -1.24  -1.30  -1.52  -1.81  -2.29  -2.64   
1934 -2.95  -2.75   0.23   0.12   0.43   1.20   1.23   1.07   0.87   1.51  -0.16  -0.46   
1935 -0.67  -1.06  -1.50  -0.95  -1.23  -1.81  -1.20  -0.80  -1.20  -1.56  -1.12  -1.40   
1936 1.86   2.08   1.44   3.16  -1.13  -1.63  -2.21   0.18   1.08   1.26   0.69   1.45   
1937 2.42   2.33   1.46   2.20  -0.61  -1.17  -1.49  -0.78  -1.54   1.25  -0.39  -0.94   
1938 -1.57  -2.55  -2.73   0.47   0.35   0.26   1.49  -0.57  -0.85  -1.69  -1.42  -1.81   
1939 -1.73   1.21  -0.19  -0.50  -0.35  -0.86  -1.16   1.30  -0.47  -1.20  -1.94  -2.22   
1940 -2.14  -1.84  -1.79  -1.81  -2.18  -1.92  -2.08   2.32  -0.68  -1.29  -0.97  -1.13   
1941 -1.73  -2.47  -2.25  -2.77  -3.66  -3.33  -1.86  -1.90  -2.55  -3.02  -3.23   0.47   
1942 -0.54   0.12   0.77  -0.95   0.22   0.24   0.23   0.75   1.26   1.17   0.55   1.32   
1943 1.69  -0.70   0.31   0.55   0.19   0.62   0.69   0.49   0.67  -0.42  -0.79  -1.02   
1944 -1.25   0.81   1.85   1.81  -0.54  -1.46  -2.13  -2.31  -2.40  -2.74  -2.68  -2.94   
1945 -3.18  -2.32  -2.87  -2.05  -2.12  -2.52   0.02  -0.05   0.44   0.53   0.28   1.35   
1946 2.21   2.20   2.14   1.76   2.32  -0.09  -0.29  -0.92  -1.05  -0.65  -0.87  -1.57   
1947 1.01  -0.73  -0.78  -0.81  -0.91  -0.43  -1.00  -1.09  -1.68   0.37   1.67   1.26   
1948 0.78   1.12   1.46  -0.78  -0.75   0.10   0.78   0.90   1.14   0.63   3.68   3.24   
1949 2.75   2.82   2.09   2.63   2.21   2.40   2.50   3.47   3.70   3.78  -0.52  -0.74   
1950 -1.41  -2.14  -1.99  -2.57  -2.51   0.15   0.70   0.83   1.12   1.58  -0.74  -0.71   
1951 -1.48  -1.88  -1.52  -1.49  -2.27  -1.42  -1.64  -2.38  -2.21  -2.45  -2.39   0.70   
1952 -0.52  -0.72   2.13  -0.16  -0.46  -1.20  -2.15  -1.97  -2.58  -3.02  -3.33  -3.18   
1953 0.26   0.87   0.64   0.20   0.53   0.62   0.64  -0.63  -0.14  -0.74  -1.19   0.94   
1954 1.21  -0.84  -0.86  -1.04  -1.15  -1.39  -1.92  -2.66  -3.73  -4.42  -4.07  -3.87   
1955 -3.71  -3.06  -3.52  -3.40  -2.96  -2.81  -1.83  -2.10  -2.69  -2.73  -2.73  -3.36   
1956 -3.81  -2.19  -2.14  -1.33  -1.87  -2.22  -2.02  -2.71  -1.73  -1.84  -2.12  -2.16   
1957 -1.80  -1.95  -2.10  -1.70  -1.28  -1.00  -1.45  -1.64   0.46   0.93   2.34  -0.16   
1958 -0.34   0.20   0.15   0.57  -0.32  -0.93   0.93   0.89  -0.48  -0.97  -1.56  -1.99   
1959 -2.12  -2.08  -1.85  -1.98   0.58   0.40   0.97   0.41   1.42   2.66   2.04   1.43   
1960 1.99   2.25   2.13  -0.50  -0.57  -0.54  -0.43  -0.55  -0.07  -0.26  -0.78  -1.20   
1961 -1.52   1.26   0.95   1.47   1.27   2.37   2.26   3.20   2.47   1.56   1.21   2.52   
1962 2.55   2.28   2.23   2.53  -1.24  -1.03  -1.58  -1.80  -1.70  -1.98  -1.58  -1.69   
1963 -1.48  -1.67   0.52   1.04   0.88   2.26   2.27   1.57   2.03   1.09   1.35   1.10   
1964 1.98   1.91   2.96   4.23   3.59   2.98   3.44   4.00   3.64   4.50  -0.21   0.27   
1965 -0.74   0.17   0.62  -0.09  -0.75   0.76  -0.14  -0.65  -0.54  -0.12  -0.41  -1.37   
1966 0.35   1.10   0.77   1.14   1.76  -0.27  -0.81   0.18   0.29   0.61   0.69  -0.14   
1967 -0.41  -0.42  -1.09  -1.28   0.41   1.65   2.29   3.55   3.13   2.90   3.19   3.38   
1968 3.11  -0.79  -0.97  -0.99  -0.78  -0.47  -0.21  -0.98   0.13   0.40   0.95   0.99   
1969 1.08  -0.15  -0.33   0.64   0.64   0.83   0.28   1.28   1.64  -0.30  -0.29  -0.14   
1970 -0.65  -1.16  -1.17  -1.32  -1.48  -1.55   0.16   0.21  -0.23   0.79  -0.35  -0.71   
1971 0.19   0.64   1.18   0.66   0.69   0.69   1.62   1.78   2.04   1.89   1.91   1.92   
1972 2.50   2.07   1.61   0.79   1.86   2.83   2.81   2.19   1.45   1.58   1.95   2.58   
1973 2.69   2.28   2.78   3.09   4.47   4.58   3.98   3.40   3.34   2.73   2.19   2.43   
1974 2.99   2.84   1.62   1.59   2.07   1.73   1.73   2.54   2.10   1.36   1.22   1.36   
1975 1.47   2.19   3.01   2.15   2.49   2.53   2.64   2.02   3.26   3.50   3.26   2.85   
1976 2.51   1.49   2.22   1.07   3.75   3.60   3.14   2.69   2.51   3.07   3.01   3.11   
1977 2.57   1.64   2.63  -0.30  -0.89  -1.25  -2.13   0.01   0.61   1.57   2.17   1.72   
1978 2.47  -1.06  -1.40  -1.68  -0.98  -1.23  -1.43   0.77  -0.32  -0.99  -1.34  -1.39   
1979 0.75   1.37   1.04   2.37   3.08   2.51   2.82   2.69   3.30   3.14   3.73   2.61   
1980 2.79   1.84   3.80   3.09   3.38  -0.19  -1.19  -2.05  -1.00  -0.81  -0.77  -1.65   
1981 -2.57  -1.78  -2.25  -2.80  -2.53  -2.90  -2.98  -3.22  -3.33  -3.07  -3.43   0.40   
1982 1.00   1.58   0.54   0.91   0.33   0.44   0.62   0.40   0.26   0.34   0.53   0.92   
1983 0.55   0.75   0.90   1.34  -0.06  -0.40  -1.36  -2.21   0.08  -0.11   0.77   1.95   
1984 1.66   1.77   1.38   1.87   2.04   1.65   3.20   0.05  -0.73  -0.90  -1.12  -1.62   
1985 -1.74  -1.00  -2.13  -2.58  -2.21  -2.27   0.72   1.06   0.32   0.46   1.11  -0.58   
1986 -1.41  -2.32  -2.84  -3.56  -3.43  -4.03  -4.69  -4.37  -4.33  -3.24  -2.18  -1.75   
1987 -1.20  -1.00  -0.82  -1.27  -1.60  -1.07  -1.47  -1.75  -1.97  -2.52  -2.53  -2.58   
1988 -2.33  -2.69  -3.23  -2.88  -3.36  -3.67  -3.71  -3.66  -3.17  -2.70  -2.34  -2.91   
1989 -3.11  -2.88  -2.99  -2.81   0.57   2.21   2.94   2.32   3.49   3.41   2.85   2.67   
1990 2.43   2.65   2.74  -0.56  -0.61  -1.53  -1.69   0.01  -0.05   0.62  -0.54  -0.61   
1991 -0.24  -0.70   0.21   0.44   1.14   1.70   1.99   3.11  -0.38  -1.09  -1.15  -1.20   
1992 -1.44  -1.12  -0.92  -1.33  -1.43   1.05  -0.41   1.39   1.64   2.01   3.64   4.03   
1993 4.37   3.77   3.81  -0.15  -0.03  -0.82  -1.97  -2.54  -2.68  -2.62  -2.32  -2.34   
1994 -2.13  -2.02  -1.50  -1.77  -1.95   1.53   1.86   3.48   3.40   4.22  -0.22  -0.67   
1995 0.04   0.61  -0.71  -1.39  -1.68   0.88   0.07   1.25   1.08   2.34   2.95   2.22   
1996 2.87   2.60   3.08   2.76   2.53   1.96   1.33   1.27   1.53   1.13   1.21   1.05   
1997 1.13   1.19   0.67   1.07   1.08   1.56   1.45   0.73   1.00   1.68   1.83   1.82   
1998 2.56   3.53   2.97   3.94  -0.11  -0.30  -1.12  -1.56  -1.88  -2.05  -2.27  -2.56   
1999 -2.44  -2.47  -2.83  -2.89  -2.76  -1.65  -1.95  -2.32  -2.33  -1.40  -1.26  -1.66   
2000 -1.35  -2.07  -2.27  -2.17  -2.90  -3.03  -3.58  -3.14  -2.59  -3.24  -2.62  -2.85   
2001 -2.93  -3.23  -2.43  -3.02  -2.95  -2.01  -1.49  -1.89  -1.90  -2.15  -2.74  -3.19   
2002 -2.82  -3.31  -2.84  -3.40  -2.98  -3.19  -3.67  -3.78   1.40   1.66   2.12   2.49   
2003 1.64   1.82   1.75   2.01   2.73   3.25   4.16   4.06   4.03   3.69   3.48  -0.34   
2004 -1.01  -0.91  -1.97  -2.46  -2.81   1.12   1.37   1.16   4.78   3.75   3.95   3.66   
2005 2.46   2.33   2.08   2.03   1.61   3.06   3.91   4.51  -0.72  -0.68  -0.69  -0.55   
2006 -0.78  -1.19  -2.00  -2.39  -2.64  -2.47  -2.89  -3.10  -2.54  -1.99  -1.64  -1.95   
2007 -1.85  -2.25  -2.67  -3.01  -3.47  -3.44  -3.13  -3.65  -4.09  -4.09  -4.24  -3.89   
2008 -4.08  -3.71  -3.45  -3.40  -3.42  -3.89  -3.75  -2.78  -2.99  -2.69  -2.52  -2.02   
2009 -2.08  -2.35   0.51   0.50   0.83  -0.43  -0.97  -0.89   2.18   3.48   3.87   4.57   
2010 4.40  -0.05  -0.47  -0.92   0.16   0.62   0.14   0.07   0.78  -0.06  -0.30  -0.52   
2011 -1.03  -1.39   0.96  -0.22  -0.83  -1.04  -1.96  -2.62  -2.58  -2.65  -2.34  -2.25   
2012 -2.15  -2.83  -3.47  -3.67  -3.64  -3.34  -2.99  -2.13  -1.96  -1.78  -2.29  -1.70   
2013 -1.38  -0.97 -99.99 -99.99 -99.99 -99.99 -99.99 -99.99 -99.99 -99.99 -99.99 -99.99   
