1895 1.15   0.87   1.10   1.33   1.33   1.28   1.05   1.44  -0.72  -1.07  -1.23  -1.37   
1896 -1.11  -0.84  -1.08  -1.94  -2.59  -2.65  -1.96  -2.43  -2.81  -2.95   0.91   0.99   
1897 0.71   1.70   2.27   2.29  -0.73  -1.60  -1.62  -1.49  -1.89  -1.93  -2.28  -2.48   
1898 -2.87  -3.55  -4.22  -3.95  -4.63  -5.10   0.68   1.80   2.22   3.41   3.80   3.67   
1899 3.80   4.45  -0.41  -0.53  -1.40  -2.31  -2.45  -2.65  -3.25  -2.65  -2.85  -2.99   
1900 -3.00   1.21   1.43   1.51   1.00   2.76   2.61   1.85   1.49   1.61   1.44   1.96   
1901 1.99   2.03   2.36   1.97   2.10   2.22   1.77   2.50   3.18   2.51   1.81   1.98   
1902 0.92   1.94   2.85  -0.65  -1.41  -2.26  -2.58  -3.02   0.34   0.66   0.69   0.68   
1903 0.40   1.44   1.54   0.93   1.59   2.07  -0.21  -0.23   0.37   0.20   0.32  -0.45   
1904 -0.20  -0.28  -1.26  -1.73  -2.04  -2.49  -2.82  -2.10  -2.87  -3.40  -2.88  -2.76   
1905 -2.68  -1.68  -2.13  -2.23  -1.92  -1.98  -1.95  -1.86  -1.94  -1.73  -2.00   1.67   
1906 2.20  -0.67  -0.29  -1.13   0.35   0.61   1.57   1.46   2.07   2.37  -0.32  -0.47   
1907 -1.45  -1.83  -2.96   0.31   0.65  -0.15  -0.21  -0.51   0.88   0.35   1.12   1.97   
1908 1.81   1.93  -0.67   0.70  -0.22  -0.71  -0.66  -0.82  -0.87  -0.70  -1.25  -1.45   
1909 -2.05   0.20   0.97   0.63   0.88   1.29   1.34  -0.11  -0.26  -0.52  -1.21  -1.20   
1910 -1.45  -1.16  -2.10  -2.17  -2.07   1.14   1.32  -0.24  -0.63  -0.36  -0.51  -0.74   
1911 -1.28  -2.07  -2.46  -2.42  -2.46  -2.95  -2.62  -2.39  -2.77   0.45   0.96   1.73   
1912 2.38   2.61   3.12   3.47   3.08   3.92   3.75   3.63   4.15   3.82   3.56   2.87   
1913 2.08   2.13   2.93  -0.71  -1.16  -1.09  -0.95  -1.26   0.49   0.54  -0.67  -0.96   
1914 -1.34  -0.66  -1.21  -1.62  -2.52  -3.21  -3.42  -0.02   0.05   0.51   1.38   1.31   
1915 1.70  -0.06  -0.56  -1.50  -1.09  -1.39  -1.71  -1.96  -2.12  -0.87  -1.07  -0.69   
1916 -1.54  -1.77  -2.54  -2.83  -2.91  -2.95   2.72  -0.36  -0.67  -0.75  -0.83  -0.77   
1917 0.16   0.28   0.80  -0.48  -0.76  -1.36  -1.59   0.13   1.05  -0.21  -0.62  -1.11   
1918 0.65  -0.89  -2.03  -1.58  -2.27  -2.44  -2.37  -2.50   0.02   0.44   1.12   1.88   
1919 1.91   2.63   2.26   1.56   1.67   2.05   3.26   3.51   2.61   2.19   1.61   1.86   
1920 1.92   2.05   2.21   2.98   3.16   2.67   2.70   3.06   2.78   1.96   2.33   2.63   
1921 -0.73  -0.93  -2.25  -2.68  -2.67  -3.41  -2.88  -3.00  -3.71  -3.56  -3.00  -3.40   
1922 -3.03  -2.49  -1.72  -2.36  -1.24  -1.02  -1.14  -1.32  -1.90  -1.45  -1.99  -1.73   
1923 -1.61  -1.54  -1.38  -1.47   1.72   2.26   2.10   2.14  -0.52  -1.03  -1.03  -1.24   
1924 0.51   0.33   0.19   0.61  -0.07  -0.10  -0.08  -0.80   2.08   1.66   0.82   1.38   
1925 3.33  -0.86  -1.65  -2.39  -2.73  -3.37  -3.88  -4.60  -5.40   0.47   1.06   1.35   
1926 2.48   2.14   2.34  -0.22  -0.68  -0.70   0.54   0.50   0.56   0.15   0.49  -0.39   
1927 -1.44  -1.64  -2.32  -3.08  -3.91  -3.54  -3.12  -3.33  -4.05  -4.10  -4.39   1.08   
1928 0.14   0.33   0.85   2.13   1.85   2.55   2.89   3.38   4.23   3.82   2.87   1.96   
1929 1.94   2.72   3.68   3.01   2.97   3.16   2.82   2.06   4.06   4.69   4.68   4.19   
1930 4.07  -0.83   0.69   0.68  -0.54  -0.60  -0.63  -1.14   0.80   0.56   1.53   1.37   
1931 -0.37  -0.77  -1.17  -1.44  -1.12  -1.92  -1.84  -1.23  -2.06  -2.41  -3.23  -2.91   
1932 -1.93  -2.65  -2.46  -2.99   0.50   1.16   1.07   1.99   2.55   3.43   3.71   3.27   
1933 2.84   2.96   2.74   3.24  -0.82  -1.67  -1.90  -1.68  -2.26  -2.78  -3.27  -3.93   
1934 -4.37  -4.08  -3.48  -3.36  -2.38  -1.98  -1.75  -1.32  -1.59  -1.80  -1.88  -2.03   
1935 -2.51  -2.12  -2.46  -2.28  -2.18  -2.53   0.93   1.93   2.44   1.64   1.44   1.02   
1936 2.21   2.63  -0.53   0.49  -0.68  -1.31  -1.31   1.05   1.03   1.50   0.88   1.03   
1937 0.56   1.01   0.71   1.40  -0.24  -0.42  -0.82   0.88   1.48   2.14   2.60  -0.51   
1938 -1.12  -2.03  -2.73  -2.46  -2.60  -2.12  -1.68  -2.02  -1.90  -2.15  -2.57  -2.72   
1939 -3.01   1.01   0.22   0.48   0.93   1.56   1.62   3.16  -0.07  -0.68  -1.11  -1.13   
1940 -1.09  -0.19  -0.56  -0.82  -1.00  -0.45  -0.19  -0.27  -0.96  -1.44  -0.63  -0.70   
1941 -1.37  -1.61  -1.29  -1.77  -2.59  -2.27  -2.02  -1.97  -2.17  -1.71  -2.14   0.95   
1942 1.60   1.66   2.25   1.39   1.55   2.65   2.35   2.44   2.98  -0.22  -0.71  -0.41   
1943 -0.12  -1.02  -0.18  -0.59  -0.63  -0.91  -1.28  -1.69  -1.77  -2.28  -2.22   0.03   
1944 0.06  -0.21   1.44   2.33  -0.57  -1.36  -1.50   0.35   0.78  -0.27  -0.44  -1.19   
1945 -1.08  -1.25  -2.34   0.82   0.60   0.25   0.77   0.93   1.43   1.50   0.97   2.33   
1946 2.16   1.62   1.76   1.52   2.82   2.84   2.85   3.00   2.92   2.89  -0.52  -1.58   
1947 -1.07  -1.80   1.11   1.37   2.04   1.93   1.43   1.29   1.06   1.18   3.08   3.41   
1948 3.20   2.33   3.77   4.09   3.27   2.17   3.18   3.15   3.45   3.91   4.63   4.97   
1949 -0.55  -0.45  -0.71   0.66   0.03   0.30   0.61   0.61  -0.27  -0.45  -0.99  -1.62   
1950 -2.79  -3.41  -2.82  -2.41  -2.34  -2.70  -2.21  -2.16  -2.36  -2.39  -2.68  -2.43   
1951 -2.95  -3.49  -2.93  -2.57  -2.67  -2.67  -3.09  -3.42  -2.91  -3.28   1.23   1.62   
1952 0.66   1.26   0.98   0.71   1.16  -0.77  -1.38   0.80  -0.02  -0.40  -0.61  -0.71   
1953 -0.70  -0.16  -0.91   0.93   0.56   0.62   0.99   0.62   1.68   1.17   1.03   3.05   
1954 -0.96  -1.59  -2.04  -2.45  -2.47  -3.00  -3.48  -3.95  -4.79  -4.87  -4.27  -4.34   
1955 -4.17  -4.41  -5.29  -4.76  -4.56  -4.51  -3.26  -3.47  -3.27  -2.77  -3.05  -3.75   
1956 -3.62  -3.06  -2.88  -3.02  -3.00  -2.71  -2.06  -2.68  -1.14  -0.63  -1.13  -1.37   
1957 -2.23  -3.01   0.04   0.20   0.53   0.70  -0.17  -0.75   2.10   2.22   3.16   2.32   
1958 2.04   2.15   1.91   2.46   2.00   2.25   2.35  -0.06  -0.52  -0.73  -1.25  -1.47   
1959 0.11   0.58   1.54   1.04   1.68  -0.14  -0.17  -0.56  -0.77   1.90   1.29   0.88   
1960 0.70   1.27   1.03   1.51  -0.43  -0.49  -0.61  -0.56   0.74  -0.25  -0.99  -1.45   
1961 -1.45  -1.40  -1.42   1.01   1.42   1.64   1.28   1.64  -0.25  -0.87  -1.21   0.22   
1962 0.37   0.06   0.13   0.70  -1.20  -1.31  -1.75  -2.03  -1.96  -2.05  -1.43  -1.70   
1963 -0.89  -0.76  -1.43  -1.91  -1.93   0.73   0.74  -0.56  -0.14  -0.80   0.09   0.34   
1964 1.88   2.50   2.39   2.73   2.60   2.48   3.50   4.00   3.88   5.50   4.94   5.66   
1965 4.61   4.85   4.91   4.13   2.60   3.69   3.26   2.83   2.67   2.79   2.14   1.88   
1966 2.33   3.21   2.90   1.90   2.28   2.25   1.57   1.76   1.68   1.55   1.38   1.33   
1967 1.75  -0.15  -1.07  -2.04  -2.01   0.92   1.49   1.39  -0.33  -0.30  -0.35  -0.09   
1968 -0.52  -1.11  -1.57  -1.90  -1.78  -2.20  -2.44  -2.60  -3.03  -3.30  -2.55  -1.80   
1969 -2.56  -2.50  -1.83  -2.31  -1.59  -2.05   0.28   0.08   0.99   0.61   0.20   0.45   
1970 0.37   0.43   1.38  -0.83  -0.79  -0.73  -0.81  -0.10  -0.88  -0.50  -0.81  -0.88   
1971 -1.04   0.73   1.38   1.39   1.98   1.82   2.61   2.70   2.22   2.07   1.96   2.26   
1972 2.13   2.05  -0.23  -1.10  -1.19   1.20  -0.36  -0.62  -1.28   0.03   0.32   0.87   
1973 1.88   2.18   2.42   3.41   4.08   3.82  -0.69  -1.04  -1.22  -1.62  -1.68   0.05   
1974 0.39   0.71   0.07   0.23   0.20   0.34   0.48   0.69   1.44   1.10   0.92   0.67   
1975 1.36   1.39   1.64   2.64   2.93   3.07   4.10   3.61   3.19   3.39   2.90   2.61   
1976 2.86  -0.93  -1.18  -1.68   2.24   2.26   1.56   1.71   1.81   3.24   4.42   4.11   
1977 3.93  -0.45  -0.02  -0.70  -1.52  -2.24  -2.47  -2.56   0.18   0.04   0.47   0.48   
1978 1.48   1.01   1.16   0.88   1.47  -0.18  -0.50  -0.25  -1.14  -1.70  -1.41  -1.74   
1979 0.76   1.57  -0.81  -0.19  -0.10  -0.55  -0.31  -0.81   0.93  -0.39  -0.21  -0.46   
1980 -0.35  -1.07   1.49   1.74   1.82  -0.19  -1.32  -2.32  -2.39  -1.72  -1.91  -2.68   
1981 -3.16  -2.45  -2.20  -2.71  -2.83  -2.96  -3.12  -2.65  -2.81  -2.31  -2.52   0.73   
1982 0.85   1.12   0.31   0.72   0.43   0.43   1.41   1.45   1.63   1.26   1.20   1.88   
1983 1.64   2.14   2.71   2.85   2.23   3.30   2.02   1.44   1.99   1.80   2.76   3.55   
1984 3.53   3.16   3.19   3.11   2.98   2.33   2.88  -0.15  -0.86  -1.42  -1.43  -2.30   
1985 -2.17  -1.55  -2.22  -2.58   0.48   0.54   0.91   1.50   0.86   1.41   2.22   2.23   
1986 1.72   1.94  -0.50  -1.30  -2.00  -2.82  -3.92  -3.68  -4.07  -3.88   0.61   0.68   
1987 1.64   1.85   2.06  -0.84  -0.75  -0.16  -0.71  -1.44  -1.92  -2.28  -2.04  -2.58   
1988 -1.70  -1.36  -1.11  -0.99  -1.61  -2.05  -2.13  -2.57  -2.32  -1.85  -1.95  -2.58   
1989 -3.24  -3.45  -3.22   0.05   0.20   2.02   2.90   2.16   1.83   2.37   2.55   2.90   
1990 3.17  -0.25  -0.74  -1.08  -1.04  -1.48  -2.13  -2.64  -3.34  -3.31  -3.54  -3.58   
1991 2.34   1.22   1.98   1.78   2.47   2.87   3.04   2.83  -0.67  -0.97  -1.42  -1.92   
1992 1.07   1.65   1.68  -0.57  -0.93   0.55   0.40   0.41   0.37   0.49   2.20   1.59   
1993 2.23   1.70   2.70  -0.40  -0.98  -1.54  -2.26  -3.07  -3.26   0.76   0.76   0.52   
1994 0.95   0.64   0.91   0.78   0.27   1.24   5.45   6.13   5.74   7.36   6.64   5.72   
1995 5.04   5.08  -0.48  -0.94  -1.47  -0.83  -1.06  -1.45  -1.69   0.65   0.89   0.55   
1996 0.70   0.64   1.31   1.29  -0.38  -0.83  -1.50   0.45   0.65   1.13   0.94   0.98   
1997 1.48   1.91  -1.26   0.34   0.61   0.91  -0.34  -0.87   0.12   1.38   3.18   3.56   
1998 3.44   3.78   4.16   4.17   3.32   1.93   1.79   0.86   3.62  -0.42  -0.78  -1.40   
1999 -0.91  -1.48  -1.96  -2.56  -2.52  -1.93  -2.05  -2.66  -2.96  -2.68  -2.66  -2.86   
2000 -2.74  -3.13  -2.89  -3.00  -3.85  -3.60  -3.99  -4.40   1.14   0.70   1.12   1.34   
2001 -0.46  -1.62   1.58   0.98   0.46   1.61  -0.34  -0.50  -0.20  -0.51  -0.92  -1.73   
2002 -1.92  -2.28  -1.99  -2.05  -2.36  -2.19  -1.87  -2.35   0.82   1.40   2.05   2.14   
2003 1.23   1.33   1.57   1.89   1.78   2.25   3.03   3.77   3.32   3.43  -0.12  -0.53   
2004 -0.81  -0.19  -1.51  -1.97  -2.23   1.20   0.82   0.90   3.01   2.72   2.98   2.39   
2005 1.64   1.13   2.06   2.70   2.34   3.12   4.24   4.78  -0.53  -0.88  -0.69  -0.49   
2006 -0.46  -0.38  -1.39  -2.01  -1.81  -2.27  -2.81  -2.83  -2.57  -1.91  -1.59  -1.41   
2007 -1.23  -1.43  -2.36  -2.45  -3.22  -3.41  -3.54  -3.66  -3.75  -3.20  -3.16  -2.18   
2008 -1.92  -0.97  -1.50  -1.40  -1.97  -2.28  -2.67   2.53   1.75   2.45   2.67   3.10   
2009 2.13   1.08   1.79   2.64   3.10   2.19   1.24   1.61   1.00   1.52   1.30   3.37   
2010 4.12  -0.11  -0.49  -0.97  -0.20  -0.41  -1.58  -1.45  -2.05  -2.35  -2.33  -2.74   
2011 -2.40  -2.23  -2.39  -2.85  -3.65  -4.52  -4.12  -5.17  -4.89  -4.20  -4.15  -4.16   
2012 -4.22  -4.13  -4.36  -4.43  -4.53  -4.16  -4.40  -3.83  -3.61  -3.50  -3.63  -3.12   
2013 -3.73  -0.55 -99.99 -99.99 -99.99 -99.99 -99.99 -99.99 -99.99 -99.99 -99.99 -99.99   
