1895 0.22  -0.79  -1.29  -1.66   0.61  -0.51  -0.46  -0.69   0.67  -1.09  -2.36  -2.76   
1896 -2.55  -2.82  -2.74   0.28   1.37   1.17   0.91   0.86   0.49   0.17   2.10   2.34   
1897 1.79   2.26   2.87  -0.29  -0.86  -0.75  -1.10  -1.67  -1.16  -1.53   1.77   1.91   
1898 -0.27  -0.01  -0.18  -0.64  -0.58  -0.77  -0.68  -0.76  -0.77  -0.89  -0.85  -1.67   
1899 -1.80  -2.14  -2.47   0.53   0.98   0.45   0.28   0.91   0.56   1.33   1.99   1.90   
1900 0.01  -0.34  -0.75  -1.74  -1.31  -1.72  -2.33   0.35   0.48   1.36   1.36   1.10   
1901 1.22   0.03  -0.40  -0.46  -0.61  -0.69  -0.98  -1.70  -0.97  -1.61  -2.16  -2.87   
1902 -3.26   1.15   0.61   0.52   1.17   0.83   1.40   1.56  -0.39  -0.96   0.80   0.97   
1903 1.39  -1.03  -1.01   0.02   0.08   0.01   0.42   0.72   0.86   0.60   1.12  -0.33   
1904 -0.49   0.71   2.17  -0.34  -1.31  -1.58  -1.81  -2.42  -3.17  -3.11  -3.80  -4.11   
1905 -4.58  -4.80  -4.53  -4.73  -3.87  -3.04  -2.82  -2.99  -2.83  -2.24  -2.45  -2.85   
1906 -2.98  -2.39  -2.19  -2.80   1.05   1.26  -0.12  -0.37  -0.65  -0.97   0.30   0.59   
1907 0.62   0.93   1.61   1.54   0.90   0.93   1.09   1.46  -0.13  -0.77  -1.24  -1.72   
1908 -2.05  -2.10  -1.87  -1.99   0.69   1.28   1.53   1.29   1.08   1.77  -0.46  -1.29   
1909 1.33   1.57  -0.65  -0.85  -0.32  -0.70   1.01   0.61   0.96   0.91   2.87   1.97   
1910 1.60   2.42  -0.58  -0.59  -0.30  -0.77  -1.20  -1.40  -0.02   0.06   1.57  -0.33   
1911 -0.96  -1.42  -2.06  -1.93   1.36   1.68   1.58   1.53   1.92   1.77  -0.23  -0.98   
1912 -0.41  -0.39  -0.82   0.09   0.93   1.00   1.58   2.37   2.19   2.44   2.47   2.09   
1913 2.21   0.99   1.18   0.88   0.78   1.12   1.48   1.35   1.04   1.31   1.45  -0.96   
1914 -0.63  -0.47  -1.15  -1.41  -1.34  -1.01  -1.13  -1.31   0.60   0.95  -0.14  -0.79   
1915 -1.16  -1.13  -1.59  -2.22   1.81   1.50   2.41   2.13   1.84   1.22   1.23   1.08   
1916 1.06   1.81   2.02   1.80   2.22   2.47   3.44   3.53   3.25  -0.53  -0.64  -0.94   
1917 -0.95   0.18   0.63   1.19   1.16  -0.16  -0.62  -1.10  -0.64  -1.49  -2.22   1.46   
1918 1.69  -0.09  -0.31  -0.78  -0.85  -1.69  -1.70  -1.05  -1.66  -1.09  -1.49  -2.07   
1919 0.26   1.66   1.67   0.04  -0.43  -1.07  -1.65  -1.93  -1.94  -1.58  -1.55  -1.89   
1920 -1.91  -2.93   0.06   0.36   0.29   0.15   0.05   0.06   0.65   1.33   1.47   1.75   
1921 1.72   2.12   1.86   2.18   2.15  -0.32  -0.46  -0.77  -0.40  -0.64   0.83  -0.39   
1922 -0.85  -0.88  -0.53  -0.30  -0.37  -0.94  -1.11  -0.81  -1.02  -1.14  -2.52  -2.67   
1923 -1.80  -2.36  -2.52  -0.03   0.39   0.90   1.70   1.72  -0.87  -0.21  -0.31  -0.49   
1924 -0.89  -0.94  -1.55  -1.87  -2.73  -3.08  -3.38  -3.10  -3.13   0.75   1.30   1.18   
1925 1.82   2.19  -0.29  -0.46  -0.50  -0.76  -1.38  -1.56  -1.24  -1.51  -2.31  -3.06   
1926 -3.68  -2.55  -3.15  -3.64  -3.48  -3.77  -4.17   0.33   0.83   0.86   2.13   2.16   
1927 2.31   3.71   2.88   2.42   3.42   3.05   2.75   2.48   3.50   3.40   5.63   5.34   
1928 -0.01  -1.00  -0.49  -0.02  -0.89  -1.18  -1.23  -1.30  -1.55  -1.49  -2.60  -3.13   
1929 -2.93  -3.33  -3.47  -2.85  -2.97  -2.49  -2.58  -2.94  -3.01  -3.26  -4.52  -3.68   
1930 -3.74  -2.69  -2.77  -2.61  -2.42  -2.26  -2.30  -2.81  -2.60  -2.29  -2.33  -2.89   
1931 -2.80  -2.65  -1.92  -1.94  -2.52  -2.69  -3.04  -3.60  -3.16  -3.01   0.09   0.73   
1932 0.58   0.78   1.86   2.06   2.42  -0.74  -1.01  -1.37  -1.86   0.19   0.76   1.25   
1933 1.31  -0.49  -0.30  -0.84  -1.08  -1.20  -1.72  -1.96   0.45   1.05  -0.65   2.32   
1934 2.75  -1.02  -0.73  -1.21  -1.77  -2.07  -2.73  -3.37  -3.21   0.84   1.11   1.48   
1935 2.28  -0.68  -0.37  -0.54  -1.00  -1.50  -1.64  -1.81  -2.45  -2.48  -2.98  -3.55   
1936 -3.01  -2.82  -2.73  -3.21  -3.87  -3.74  -4.05  -4.42  -3.85  -4.38  -5.44  -5.63   
1937 -5.74   0.73   0.00   1.24   0.30   0.75   0.78   0.76   0.43   0.06   0.69   1.49   
1938 1.17   1.20   1.45  -0.35  -1.00  -1.65  -2.25  -2.52  -2.91  -2.93  -3.39  -3.68   
1939 -3.55  -3.16  -3.35  -3.90  -4.28  -3.73  -3.93  -4.38  -4.42  -4.17  -4.93  -4.58   
1940 -4.83  -3.32  -2.92  -2.53  -2.81  -3.53  -3.70  -4.13  -3.39  -2.90  -2.82  -2.82   
1941 -2.78  -3.22  -4.07  -4.63   1.22   1.23   1.14   1.40   2.87   2.76   2.53   3.36   
1942 -0.95  -1.27  -1.65  -1.83   1.31   2.17   2.92   2.59   1.79   1.64   2.22   2.08   
1943 1.75   1.46   1.70   1.74   1.49   1.77   1.65  -0.16  -0.93  -0.25  -0.99  -1.72   
1944 -2.37  -2.75  -3.07  -2.78  -2.77  -2.54  -2.70  -2.70  -2.31  -2.96  -3.44  -4.35   
1945 -4.33   0.02   1.20   1.28   1.58   1.36   0.98   0.36   1.44   1.51   2.18   2.02   
1946 1.92   1.81   1.73   1.69   1.14   1.54   1.25   0.95   1.04   1.28   2.41   2.37   
1947 0.00  -0.47  -0.63  -0.74  -1.30   0.84   0.57   0.79   1.50   3.54   3.60   2.97   
1948 2.59   2.92   2.40   3.13   4.41   4.88   6.20   6.05  -0.25  -0.63   0.37   0.55   
1949 -1.13   1.37   1.38  -0.60  -1.08  -1.73  -2.10  -2.15   0.12   0.33   0.29   0.40   
1950 0.98   1.25   2.58   2.16   1.48   1.65   1.78   1.51   0.79   2.53   2.72   2.68   
1951 2.64   2.50   2.50   1.57   1.25   0.94   0.74   0.72   0.75   2.82   3.13   3.50   
1952 3.27  -0.52  -0.96  -1.41  -1.86  -1.01  -1.27  -1.68  -2.15  -2.99  -4.00  -4.32   
1953 -2.35  -2.48  -2.64  -1.98  -1.60  -1.21  -1.30  -0.94  -1.42  -2.16  -2.47  -2.40   
1954 1.55   1.31   0.97   1.21   0.84   1.13   1.65   2.78   2.60  -0.30  -0.73  -1.20   
1955 -1.76  -1.64  -1.52   0.98   0.86   0.98   1.90   1.38   1.70   2.81   3.71   4.46   
1956 4.22   3.86   3.96  -0.76  -0.93   0.17   0.27   0.60   0.30   0.73  -0.84  -0.92   
1957 -1.38   0.94   1.08   0.71   1.69   1.77  -0.03  -0.19  -0.72  -0.26  -0.71  -0.78   
1958 0.20   0.66   0.12   0.98  -0.88  -0.67  -0.92  -1.45  -1.48  -1.59   0.94   1.19   
1959 2.07   1.50   1.06   0.98   1.41   1.09   0.72   0.55   1.84   2.01   2.92   2.27   
1960 1.64   1.40   1.81   1.83   2.31  -0.58  -1.08  -0.59  -0.81  -0.91   1.17  -0.75   
1961 -0.89   1.34   1.21   1.26   1.99  -0.50  -0.60  -0.92  -1.10   0.24  -0.33   0.34   
1962 -0.56  -1.01   0.67   0.29   0.86  -0.64  -0.92  -0.86   0.30   0.38   0.69  -0.14   
1963 -1.08   0.33   0.20   0.49   0.30   0.49   0.51  -0.18  -0.32  -0.59  -0.32  -0.85   
1964 -0.21  -1.08   0.49   0.41   0.12   0.55   0.91   1.79   1.95   1.22   1.33   2.63   
1965 2.41   2.18   1.14   1.55   1.32   1.18   0.82   2.00   1.92  -0.97  -1.36  -2.10   
1966 -1.46  -1.97  -1.02  -1.43  -1.84  -1.17  -1.13  -1.09  -1.77  -2.05   0.49   0.84   
1967 1.91  -0.71  -0.45  -0.20  -0.34  -0.25  -0.65  -1.47  -2.20  -1.31  -1.61  -1.97   
1968 -1.84  -1.09  -1.42  -1.64  -1.50  -1.35  -1.35   0.81   1.87   2.59   2.89   3.21   
1969 3.92  -0.55  -0.99  -0.31  -0.29  -0.29  -0.34  -0.93  -0.33  -0.63  -1.71  -2.30   
1970 0.97   1.02   0.82   1.20  -0.31  -0.44  -0.57  -1.04   0.25   0.23  -0.35   0.14   
1971 0.56   0.32   0.75   0.99   0.88   1.92   2.22   2.35   2.45   2.22   1.70   1.87   
1972 2.12   2.48   2.02   2.26   1.79   1.91   2.11   2.12   2.07  -0.51  -1.28  -1.23   
1973 -1.19  -1.89  -2.25  -2.46  -2.47  -2.85  -3.42  -3.77   0.31  -0.35   1.65   2.65   
1974 4.17   4.00   4.09   3.84   3.67  -0.62  -0.29  -0.43  -0.96  -1.94   0.43   0.46   
1975 0.74   1.27   1.20   1.39   1.05   0.99   1.49   2.35   1.48   2.01   1.87   1.97   
1976 1.47   1.93   1.70   1.67   1.50   1.38   1.42   2.82  -0.68  -1.20  -2.14  -3.35   
1977 -4.49  -4.99  -5.11  -5.50  -4.78  -5.00  -4.87   0.22   0.68   0.18   0.04   0.86   
1978 -0.16  -0.48  -1.20   0.20   1.37   0.72   1.40   2.39   2.28  -0.83  -1.24  -2.11   
1979 -2.78  -1.24  -1.60  -1.26  -1.18  -1.71  -1.76  -1.70  -2.03  -1.87  -2.63  -2.66   
1980 -2.36  -2.26  -2.08  -2.05   0.61   1.10   1.55   2.05   2.12   1.38   1.15   2.06   
1981 -1.00  -0.55  -1.23   0.70   1.25   2.63   3.29   3.02   2.87   2.80   2.31   2.40   
1982 2.43   3.97   4.09   4.74   3.91   3.04   2.98   2.53   2.88   2.57   2.32   2.43   
1983 2.29   2.12   2.31   1.84   1.21   1.65   3.09   3.51   3.04   2.37   2.98   2.49   
1984 1.79   1.08   0.90   1.24   1.97   2.49   2.39   1.74   1.67   1.32   1.90   2.02   
1985 -1.36  -1.38  -1.44  -1.78  -1.77  -1.84  -2.38  -2.20   0.93   1.23   1.31  -1.09   
1986 0.20   0.53  -0.49  -0.38  -0.28  -0.85  -0.62  -0.98   1.11  -0.50  -0.01  -0.81   
1987 -1.30  -1.52  -0.64  -1.14  -1.38  -1.83  -1.42  -1.29  -1.87  -2.70  -3.38  -3.24   
1988 -3.50  -3.97  -3.61  -3.08  -2.80  -2.49  -2.36  -2.59  -2.28  -2.96  -2.19  -2.29   
1989 -2.17  -2.57   0.91   0.56   1.14   0.46   0.20   1.53  -0.38  -0.43  -0.21  -0.70   
1990 0.96  -0.04  -0.93  -1.00   0.87   1.20   1.87   2.23   1.10   1.88   1.98   1.80   
1991 1.40   0.62   0.91   1.46   2.05   2.34   2.60  -0.01  -0.74  -1.24  -1.41  -1.92   
1992 -1.38  -1.68  -2.77  -2.62  -3.03  -2.52  -1.72  -1.34  -0.92  -1.40  -1.25  -1.34   
1993 -1.61  -2.30  -2.36   0.85   0.49   0.55   2.82   3.24   0.03  -0.32  -0.99  -1.36   
1994 -1.83  -1.85  -1.97  -1.98  -1.78  -1.43  -1.65  -2.26  -2.49   0.46   1.10   1.35   
1995 1.39   1.49   2.06   1.89   1.46   2.04   2.24   2.32   2.31   2.96   3.38   3.43   
1996 3.23   4.12   3.30   4.08   4.83   4.44   4.11   3.51   3.15   3.59   4.50   6.09   
1997 5.95   5.01   5.94   6.07   5.83   5.24   5.70   5.07   5.12   5.28   4.63   3.47   
1998 3.34   2.36   1.99   1.18   2.60   2.29   2.53   1.97   1.36   0.58   0.84   2.17   
1999 2.19   3.30  -0.56  -0.94  -1.00  -1.05  -1.04  -0.72  -1.29  -1.16  -1.17   0.15   
2000 0.46   0.47   0.48   0.59   1.06   0.97   1.05  -0.51  -0.22  -0.50  -1.16  -2.25   
2001 -3.31  -3.57  -3.76   0.77   0.53   0.89   0.89  -0.57  -1.26   0.51   0.57   1.43   
2002 1.57   1.28   1.48   1.35   1.63  -0.04   0.04  -0.28  -0.62  -1.24  -1.66   0.11   
2003 0.63  -0.63   0.87   0.81   1.01  -0.55  -1.15  -1.69  -1.66  -1.60  -1.48  -1.30   
2004 -1.10  -1.22  -1.87  -1.91   0.64   0.26   0.13   1.10   1.47   0.04  -0.16  -0.71   
2005 -1.06  -2.16   0.46  -0.51   0.33   1.15   1.62  -0.17  -0.29  -0.11  -0.37  -0.47   
2006 1.74   1.33   0.99   1.43   1.32   1.66  -0.26  -0.82  -1.38  -1.78   1.10  -0.38   
2007 -0.37  -0.32  -0.35  -0.85  -1.04  -1.35  -1.97  -2.46  -2.82  -2.55  -2.73  -1.65   
2008 -1.02  -1.23  -0.82  -0.78  -1.07  -0.99  -1.27  -0.88  -0.98  -1.53  -1.97  -2.09   
2009 -2.35  -2.35  -1.35  -1.13  -0.96  -1.33  -1.17  -1.10  -1.78  -1.14  -1.64  -2.21   
2010 -2.47  -3.05  -3.19   0.61   0.93   2.47   2.67   2.24   2.30   2.09   2.22   2.27   
2011 2.30   1.94   2.47   3.29   3.58   3.21   3.09  -0.56  -0.97  -1.15  -1.10  -1.89   
2012 -1.50  -1.68   2.12   2.42   2.34   4.13   4.84   4.27   3.19   3.55   3.65   4.42   
2013 3.36   2.16 -99.99 -99.99 -99.99 -99.99 -99.99 -99.99 -99.99 -99.99 -99.99 -99.99   
