1895 0.56  -0.31  -0.64  -1.17   0.60  -0.62  -0.57  -0.69   0.78  -1.02  -1.28  -1.30   
1896 -1.11  -1.22  -1.75   0.31   1.49  -0.07  -0.14  -0.08  -0.50  -0.69   1.52   1.57   
1897 1.38   1.80   2.37  -0.47  -1.03  -0.97  -1.35  -1.76   0.20  -0.23   0.93   1.22   
1898 1.28   1.09   1.36  -0.64  -0.48  -0.65  -0.46  -0.41  -0.57  -0.37  -0.33  -0.83   
1899 0.17   0.82   0.05   0.30   0.72  -0.44  -0.66   0.65   0.26   0.89   0.79   0.77   
1900 0.64   0.74  -0.64  -0.96  -0.55  -0.94  -1.46   0.37   0.27   0.98  -0.45  -0.74   
1901 -1.04  -0.84  -1.21  -1.32  -1.42  -1.33  -1.52  -1.98  -1.47  -2.12  -2.65  -2.51   
1902 -3.07  -2.57  -2.93  -2.78   0.50   0.12   1.02   1.45  -0.33  -0.94   0.20   0.59   
1903 1.04  -0.30  -0.91  -0.85  -0.86  -0.92   0.11   0.43   0.57   0.27   0.87   0.74   
1904 0.65   1.70   3.09  -0.53  -1.37  -1.64  -1.69  -2.01  -2.59  -2.74  -3.42  -3.63   
1905 -4.19  -4.50  -4.80  -4.88  -4.05  -3.19  -3.11  -3.30  -2.96  -2.40  -2.65  -3.10   
1906 -3.16  -2.76  -2.51  -2.89   1.04   1.40   1.40  -0.41  -0.95  -1.36   0.23   0.38   
1907 0.72   1.11  -0.18  -0.27  -0.75   0.36   0.63   1.02   0.04  -0.52  -0.92  -1.32   
1908 -1.99  -2.19  -1.57  -1.94   0.64   1.41   1.84   1.60   1.24   1.91   1.27   0.75   
1909 1.39   1.88   1.27   0.84   1.12   0.56   1.43   1.02   1.65   1.37   2.68   2.40   
1910 2.64   3.45  -0.27  -0.60  -0.52  -1.01  -1.55  -1.78  -1.67   0.07   1.20   0.90   
1911 1.34   1.31  -1.18  -1.30   1.02   1.57   1.59   1.49   1.45   1.55   1.88   1.59   
1912 2.04   2.05   1.58   1.66   2.26   2.29   2.93   3.64   3.49   3.78   3.56   3.49   
1913 4.07   3.43   3.26   2.61   2.36   2.85   3.76   3.80   3.23   3.39   3.24  -0.66   
1914 -0.83  -0.52  -1.02  -1.05  -1.14   0.53   0.60   0.34   1.01   1.32  -0.37  -1.00   
1915 -1.55  -1.62  -1.80  -2.23   1.65   1.46   2.34   2.28   2.05   1.41   1.69   1.79   
1916 2.00   2.52   2.94   2.43   2.79   3.11   4.14   4.33   3.90   3.20   2.96   2.75   
1917 2.73   2.99   3.31   3.73   3.62  -0.20  -0.45  -0.85  -0.33  -0.82  -1.43   1.68   
1918 2.44   2.40  -0.43  -0.84  -0.84  -1.81  -2.04  -1.39  -1.53  -0.88  -1.10  -1.55   
1919 -1.80  -0.91  -1.04  -1.01  -1.35  -2.00  -2.63  -2.83  -2.60  -2.17  -1.73  -1.80   
1920 -1.71  -1.97  -1.90   0.66   0.47   0.32   0.11   0.05   0.93   1.48   1.41   1.48   
1921 1.62   1.68   1.61   2.05   2.11  -0.36  -0.63  -0.97  -0.73  -1.03   0.65   0.28   
1922 0.03   0.38   0.44   0.82  -0.14  -1.00  -1.49  -1.25  -1.70  -1.85  -2.17  -2.03   
1923 -1.69  -1.69  -1.71   0.22   0.55   1.26   2.11   2.14  -0.88  -0.40  -0.74  -0.77   
1924 -0.97  -1.02  -1.22  -1.70  -2.67  -3.02  -3.43  -3.12  -2.98  -2.57  -1.97  -1.86   
1925 -1.04  -0.68  -1.07  -1.09  -1.07  -1.24  -1.66  -1.78  -1.31  -1.37  -1.91  -2.24   
1926 -2.62  -2.28  -2.91  -3.34  -3.27  -3.75  -4.34   0.21   0.53   0.36   1.03   1.01   
1927 1.27   2.20   1.77   1.52   2.33   2.12   1.73   1.43   2.81   2.98   4.30   5.02   
1928 5.03  -0.39   0.22   0.39  -0.94  -1.31  -1.65  -1.71  -2.04  -2.05  -2.34  -2.56   
1929 -2.54  -2.48  -2.52  -1.83  -2.06  -1.65  -1.90  -2.36  -2.63  -2.78  -3.30  -2.34   
1930 -2.35  -1.86  -2.26  -2.31  -1.88  -1.83  -1.93  -2.53  -2.45  -2.12  -2.30  -2.81   
1931 -3.17  -3.32  -1.58  -1.61  -2.33  -2.74  -3.41  -3.93   0.06  -0.07   0.01   0.03   
1932 0.53   1.19   3.11   2.78   3.13  -0.90  -1.29  -1.49  -1.84   0.19   0.97   0.86   
1933 1.08   1.64  -0.02  -0.31  -0.36  -0.25  -0.50  -0.77   0.84   1.65   1.60   3.42   
1934 3.66  -0.78   0.82  -0.82  -1.60  -1.61  -2.34  -2.97  -3.14  -2.80  -2.69  -2.53   
1935 -2.47  -2.80  -1.87  -1.39  -2.18  -2.51  -2.95  -3.15  -3.63  -2.65  -2.89  -2.91   
1936 -2.29  -1.21  -1.47  -2.30  -3.15  -3.17  -3.78  -4.30  -4.38  -4.89  -5.53  -5.76   
1937 -6.20  -5.67  -5.59  -4.13  -4.48  -3.79  -3.73  -3.84  -4.24  -4.15  -3.57  -3.01   
1938 -2.92  -2.00  -1.16  -0.99  -1.00  -1.28  -1.31  -1.58  -1.90  -1.61  -1.50  -1.90   
1939 -2.52  -1.81  -1.91  -2.55  -3.04  -2.96  -3.20  -3.61  -3.80  -3.31  -4.14  -4.10   
1940 -3.73  -2.05  -1.53  -1.06  -1.88  -2.67  -2.83  -3.39   1.39   1.70   2.00  -0.17   
1941 -0.50  -0.86  -1.77  -1.66   0.73   1.98   2.40   2.84   3.32   3.45   3.46   3.42   
1942 2.91   2.58   1.82   1.91   2.72   3.15   3.64   3.09   2.79   2.40   2.92   3.48   
1943 3.50   2.90   2.80   2.35   2.52   2.83   3.39   3.42  -0.62  -0.69  -1.41  -2.17   
1944 -3.45  -3.50  -3.64  -2.80  -3.06  -2.62  -2.82  -2.74  -2.80  -3.24  -3.05  -3.36   
1945 -3.28  -3.02   0.34   0.84   1.19   1.21   1.02   0.34   1.18  -0.44   0.28   0.36   
1946 0.42   0.45  -0.24  -0.37  -0.57   0.31   0.87   0.77   1.33   1.94   2.51   3.18   
1947 3.02  -0.46  -0.76  -0.79  -1.47   0.70  -0.22  -0.68   0.44   0.91   1.72   2.12   
1948 2.49   2.75   3.07   3.43   5.13   5.08   6.03   5.78   5.04   4.12   4.12   4.19   
1949 3.40   3.71  -0.52  -1.16  -1.15  -1.64  -2.05  -2.50  -2.05  -1.83  -1.89  -2.08   
1950 -1.99   0.48   0.65   0.56   0.34   1.41   1.88   1.76   1.41   1.80   2.03   2.00   
1951 1.90  -0.05  -0.13  -0.99  -1.54  -1.55  -1.88  -2.01  -2.46   1.16  -0.14   0.00   
1952 -0.28  -0.33  -0.49  -1.25   0.63   1.27   1.34  -0.41  -1.06  -2.07  -2.77  -3.54   
1953 0.35   0.60   0.35   0.48   1.05   1.17   1.14   1.08  -0.86  -1.61  -1.66  -1.76   
1954 -1.79  -2.26  -2.43   0.08  -0.11   0.72   1.00   1.98  -0.18  -0.65  -1.31  -2.21   
1955 -2.97  -3.28  -3.27   0.52  -0.05  -0.45  -0.03  -0.45   0.42   0.97   1.82   2.54   
1956 3.03   3.15   2.85   1.70   1.61   1.85   1.69   2.20  -0.56   0.57  -0.53  -0.70   
1957 -0.85  -0.90   0.66   0.45   1.47   1.52   1.48   1.41  -0.75   0.33   0.12   0.35   
1958 0.30   0.57  -0.55   1.33  -0.97  -0.49  -0.59  -0.95   0.19   0.09   0.77   1.40   
1959 1.96   2.23   2.07   1.92   2.07   1.67   1.37   1.42   3.42   3.49   3.27   2.72   
1960 2.44   2.32   2.36   2.36   2.80  -0.72  -1.25  -0.29  -0.63  -0.63  -0.34  -0.60   
1961 -1.21  -1.17   0.33   0.65   1.04  -0.66  -1.20  -1.76   0.13   0.57   0.89   0.81   
1962 0.79  -0.21  -0.04  -0.61  -0.15  -0.58  -0.99  -0.96  -1.13   0.81   1.31  -0.06   
1963 -0.13  -0.27  -0.38   0.46  -0.46  -0.23  -0.44  -0.81  -1.30  -1.96  -2.21  -2.44   
1964 -2.55  -3.10  -3.00   0.64   0.40   1.83   2.89   4.03   3.91   3.10   2.81   4.02   
1965 5.13   4.37   3.32   3.66   3.23   2.60   2.32   3.19  -0.03  -0.59  -1.22  -2.44   
1966 -3.12  -3.58  -3.34  -3.70  -4.43  -4.27  -4.64  -4.46  -4.63  -4.04  -3.83  -3.59   
1967 -3.02  -3.24  -2.58  -1.84  -1.89  -1.77  -2.09  -2.76  -2.83   0.80   0.34   0.56   
1968 0.23   0.62  -0.38  -0.22  -0.36  -0.28  -0.45   0.78   1.45   1.86   2.18   2.44   
1969 3.53  -0.28  -0.94  -0.58  -0.85  -0.71  -1.02  -1.58  -1.26  -0.85  -1.72  -1.99   
1970 0.82   0.36   0.58   1.08   0.73   0.90   1.07  -0.57   0.96   1.01   0.97   0.63   
1971 1.20   1.05   1.05   1.01   1.10   1.97   2.36   2.09   2.15   1.90   1.88   2.07   
1972 2.41   3.52   3.95   4.21  -0.06  -0.50  -0.67  -0.66  -0.63  -0.92  -1.38  -1.20   
1973 -1.58  -2.01  -2.16  -2.74  -2.84  -3.17  -3.71  -4.12   0.30   0.24   1.72   2.83   
1974 3.49   3.34   3.53   3.49  -0.23  -0.65  -0.81  -1.15  -1.79  -2.59  -3.05  -3.06   
1975 1.12   1.53   1.50   2.20   2.16   2.26   2.61   3.59   2.73   3.99   4.31   5.73   
1976 6.03   5.76   5.29   5.23   4.51   4.25   4.26   4.86  -0.07  -0.38  -1.22  -2.16   
1977 -3.25  -4.30  -4.75  -5.53  -4.68  -5.38  -5.43   0.77   1.82   1.57   1.88   3.09   
1978 3.48   3.32   2.41   2.71   3.02   2.23   2.76   3.62   3.33  -0.91  -0.78  -0.68   
1979 -0.92  -0.37  -0.77   0.52   0.76  -0.66  -1.00  -0.67  -1.50  -1.19  -1.37  -1.64   
1980 -1.57  -1.24  -0.99  -1.39   0.72   1.29   2.32   2.51   2.85   1.87   1.80   1.88   
1981 1.37   1.65   1.20   1.05   1.16   2.60   3.55   3.79   3.41   3.18   3.00   3.14   
1982 3.90   4.08   3.79   3.86   3.04   2.47   3.10   3.12   3.35   3.62   2.88   2.71   
1983 2.64   2.53   2.37   1.70   1.27   1.14   1.83   2.17   2.05   1.45   1.55   1.62   
1984 1.88   1.51   2.47   2.27   2.95   3.06   2.92   2.67   2.52   2.44   2.28  -0.36   
1985 -1.25  -1.59  -1.78  -2.19  -1.83  -2.24  -2.83   0.64   2.02   2.00  -0.14  -0.84   
1986 -1.08   0.75   0.62   0.72  -0.10  -1.02  -0.98  -1.16   0.98  -0.61  -0.18  -1.05   
1987 -1.77  -2.25  -2.43  -2.98  -3.23  -3.34  -2.75  -2.58  -3.24  -4.06  -4.61  -4.87   
1988 -5.01  -5.47  -5.53  -5.11  -4.43  -4.05  -3.66  -3.78  -3.60  -4.06   0.37  -0.43   
1989 0.36   0.24   1.07   0.40   0.97   0.91   0.84   1.53  -0.18  -0.50  -1.08  -1.98   
1990 -2.57  -2.90  -3.71  -3.47   1.08   0.63   0.89   1.01  -0.99   0.59   1.37   1.30   
1991 1.24  -0.63  -0.92   0.22   1.29   1.75   2.03  -0.28  -1.10  -1.79   1.08  -0.41   
1992 -1.14  -1.82  -2.84  -2.47  -2.96  -3.37  -2.73  -2.47  -1.80  -2.04  -2.02  -2.75   
1993 -3.03  -3.38  -3.60   1.11   0.84   1.53   2.66   3.38  -0.55  -0.85  -1.31  -1.93   
1994 -2.49  -2.41  -3.06  -2.85  -2.67  -2.31  -2.18  -2.49  -2.99   0.11   0.76   1.07   
1995 1.19   0.81   1.44   1.94   1.61   2.06   3.44   4.39   3.91   4.65   6.25   6.83   
1996 7.18   7.55   6.38   6.86   7.51   6.24   5.24   4.16   3.76   3.71   4.01   4.89   
1997 5.62   5.04   5.46   6.01   5.07   4.27   5.03   4.93   4.76   4.56   3.83   2.92   
1998 2.76   1.99   1.53   1.55   2.67   2.76   3.39   2.98   3.16   2.71   3.34   3.46   
1999 3.53   3.70   3.65  -0.28  -0.43  -0.18  -0.26  -0.08  -0.76  -0.68  -0.62  -0.82   
2000 -1.25  -0.76  -0.85  -1.31  -0.92  -1.15  -1.49  -1.89   0.86   1.86  -0.21  -0.42   
2001 -0.77  -0.90  -1.03   0.48  -0.45   0.40   0.77  -0.37  -1.24  -0.60  -0.95  -1.42   
2002 -1.64  -1.97  -1.27  -1.27  -1.20  -0.77  -0.73  -0.64  -0.83  -1.22  -1.70  -2.20   
2003 0.44   1.09   1.96   2.09   2.25  -0.56  -0.89  -1.04  -1.32  -1.95  -2.09  -2.02   
2004 -1.59  -1.33  -1.98  -2.24   1.71   1.34   1.35   2.28   2.49   2.37   0.01  -0.35   
2005 -0.89  -1.59  -1.81   0.40   1.40   1.64   1.71  -0.43  -0.78  -0.63  -0.67   0.36   
2006 0.64   0.41   0.48   0.93   0.80   0.86  -0.32  -0.83  -0.75  -1.25   0.96   1.05   
2007 0.84   1.19  -0.49  -0.83  -1.19  -1.46  -2.20  -2.71  -2.80   0.05  -0.06   0.12   
2008 -0.05  -0.15   0.49   0.48   0.37   0.56   0.39   0.84  -0.26  -0.75   0.30   0.64   
2009 1.51   0.96   2.14  -0.02  -0.23  -0.41  -0.55   0.62  -0.91  -0.94  -1.48  -1.63   
2010 -1.68  -2.13  -2.05   0.52   1.02   3.33   3.46   3.49   3.12   2.83   2.75   3.33   
2011 4.13   4.32   4.71   5.55   5.62   5.68   5.67   4.99   3.71   3.74   3.08   2.26   
2012 2.70   3.24   4.20   3.92   3.71   4.14   4.29   3.41   2.26   3.08   3.28   3.23   
2013 3.40   2.55 -99.99 -99.99 -99.99 -99.99 -99.99 -99.99 -99.99 -99.99 -99.99 -99.99   
