1895 0.53  -0.97  -1.34  -1.88  -1.08  -1.62  -1.45  -1.60  -0.80  -1.83  -2.61  -2.99   
1896 0.48  -0.47   0.05   0.23   1.65  -0.21  -0.24   0.27  -0.36  -0.67   1.36   1.55   
1897 0.66   1.27   2.28  -0.27  -1.00  -0.94  -0.94  -1.33   0.22   0.07   1.08   1.65   
1898 -0.50  -0.40  -0.87  -1.40  -0.94  -1.19  -0.90  -0.90  -1.07  -1.01  -0.69  -1.36   
1899 0.57   0.85   0.38   0.73   1.05  -0.44  -0.66   0.82   0.35   1.17   1.56  -0.08   
1900 -0.15  -0.11  -0.68  -1.11  -0.76  -1.37  -1.84   0.17   0.10   1.08  -0.03  -0.26   
1901 -0.19  -0.01  -0.24  -0.38  -0.71  -0.81  -1.14  -1.63  -1.20  -1.78  -2.56  -2.99   
1902 -3.79   0.94   0.52   0.38   0.66   0.15   1.07   1.29  -0.37  -0.98   0.49   0.63   
1903 1.29  -1.03   0.04   0.07   0.14   0.07   0.36   0.66   0.82   0.61   1.10  -0.50   
1904 -0.70   1.43   3.37  -0.26  -1.04  -1.29  -1.19  -1.49  -1.99  -2.06  -3.19  -3.54   
1905 -4.22  -4.76  -4.28  -4.34   0.58   0.99   0.99  -0.36  -0.33  -0.08  -0.45  -1.10   
1906 0.20   0.56   0.81   0.17   1.27   1.48  -0.05  -0.07  -0.63  -1.16   0.28   0.80   
1907 1.21   1.49   2.42   2.15   1.49   1.97   2.22   2.74  -0.02  -0.51  -1.07  -1.15   
1908 -1.58  -1.91  -1.66  -2.00   0.62   1.50   1.67   1.71   1.69   2.45   2.00   1.24   
1909 2.64   3.14   2.14   1.57   1.61   0.84   1.52   1.07   1.76   1.41   3.64   3.09   
1910 2.81   3.63  -0.69  -0.86  -0.91  -1.69  -2.30  -2.72   0.01   0.00   1.13   0.77   
1911 1.14  -0.55  -1.32  -1.31   0.97   1.64   1.51   1.36   1.28   1.36   1.76   1.19   
1912 1.83   2.20   1.73   1.92   2.22   2.07   2.62   3.46   3.25   3.69   3.81   3.37   
1913 3.70   2.45   2.75   2.09   1.79   2.64   3.77   3.95   3.41   3.43   3.98  -0.49   
1914 0.47   0.45  -0.84  -0.98  -1.18   0.60   0.82   0.45   1.01   1.27  -0.52  -1.59   
1915 -2.30  -2.06  -2.64  -2.98   1.88   1.41   2.21   1.90   1.82   1.10   1.11   1.19   
1916 1.62   2.58   3.00   2.42   2.62   2.66   3.35   3.47   3.13   2.51   2.18   2.09   
1917 1.89   2.17   2.40   3.10   3.30  -0.24  -0.46  -0.94  -0.42  -1.24  -1.86   1.47   
1918 2.00   1.92  -0.14  -0.69  -0.76  -1.42  -1.40   0.57   0.44   1.14  -0.30  -1.04   
1919 -1.00   1.27   1.45  -0.05  -0.61  -1.58  -2.41  -2.82  -2.61  -2.15  -1.83  -2.20   
1920 -2.23  -3.12   0.30   0.82   0.61   0.37   0.11   0.22   0.85   1.81   2.32   2.67   
1921 2.58   2.52   2.23   2.75   2.92  -0.52  -0.76  -1.00  -0.78  -1.08  -0.58  -0.66   
1922 -0.98  -0.82  -0.49  -0.01  -0.21  -0.84  -1.20  -0.64  -1.19  -1.58  -2.55  -2.35   
1923 -1.62  -2.26  -2.43   0.30   0.64   1.66   2.22   2.56  -0.70   0.66  -0.03  -0.24   
1924 -0.75  -0.59  -1.29  -1.74  -2.77  -3.28  -3.60  -3.45  -3.46   0.36   0.63   0.62   
1925 1.51   2.02  -0.29  -0.30  -0.40  -0.30  -0.39   0.15   0.56  -0.31  -0.93  -1.28   
1926 -1.64  -0.74  -1.68  -2.20  -2.08  -2.48  -2.82   0.54   0.82   0.67   2.02   1.94   
1927 1.99   3.52   2.82   2.37   2.96   2.42   1.88   1.63   2.80   3.00   5.13   4.70   
1928 4.29  -1.07   0.73   0.91  -1.01  -1.30  -1.65  -1.93  -2.34  -2.26  -2.71  -3.10   
1929 -2.88  -3.18  -3.05  -2.28  -2.70  -2.19  -2.48  -2.91  -3.06  -3.32  -4.55  -4.12   
1930 -4.41  -3.22  -3.16  -3.10  -2.46  -2.40  -2.30  -2.20  -1.92  -1.48  -1.63  -2.44   
1931 -2.83  -3.18  -2.09  -2.25  -2.96  -3.67  -4.36  -4.80  -4.45  -4.14  -3.97  -3.40   
1932 -3.47  -3.31   1.30   1.25   1.59   1.20   1.37   1.15   0.33   0.20   0.49   0.54   
1933 1.12   1.26  -0.37  -0.78  -0.44  -0.58  -0.91  -1.30   0.09   0.91   0.19   2.12   
1934 2.33  -1.08  -1.17  -2.01  -2.88  -3.12  -3.77  -4.20  -4.14  -3.31  -2.95  -2.61   
1935 -2.29  -3.04  -2.39  -1.59  -1.86  -2.43  -2.80  -3.14  -3.63  -3.75  -4.45  -4.97   
1936 -3.64  -2.02  -1.70  -1.91  -2.30  -1.90  -2.02  -2.17  -2.36  -3.13  -4.31  -4.58   
1937 -4.87  -3.67  -3.73  -2.17  -2.72  -2.48  -2.59  -2.71  -2.94  -3.04   0.33   1.04   
1938 0.81   0.90   2.17   2.03   1.71   1.49   1.72  -0.14  -0.57  -0.18  -0.08  -0.43   
1939 -0.49  -0.02  -0.05  -0.94  -1.72  -1.88  -2.17  -2.69  -2.53  -2.38  -3.53  -3.24   
1940 -3.18   1.83   2.29   2.35  -0.90  -1.91  -2.38  -3.03  -1.55  -1.06  -0.62  -0.59   
1941 -0.85  -1.39  -2.48  -2.46   1.22   1.72   2.00   2.76   3.10   2.94   2.69   3.62   
1942 2.62   2.21   1.40   1.09   1.98   2.10   2.19   1.61   0.75   0.61   2.11   3.19   
1943 3.64   3.04   3.08   2.90   2.73   3.05   3.04  -0.09  -0.83  -0.26  -0.79  -1.51   
1944 -2.36  -2.38  -2.45  -1.78  -2.12  -1.15  -1.05  -1.15  -0.96  -1.55  -1.56  -2.06   
1945 -2.22   0.58   1.21   1.28   1.92   2.18   2.00   1.53   2.03   1.63   2.37   2.97   
1946 2.80   2.67   2.62   1.90   1.62   1.24   1.11   0.82   0.88   1.87   3.57   3.63   
1947 3.15   2.45   2.22   1.51   0.95   1.75   1.39   0.97   0.92   2.04   2.26   1.64   
1948 1.61   1.84   1.84   2.57   2.80   2.86   3.31   3.16   2.72   2.03   2.39   2.86   
1949 1.66   2.92  -0.61  -1.33  -1.20  -1.72  -2.10  -2.44  -2.25  -1.91  -1.92  -1.84   
1950 1.11   1.21   2.36   2.16   1.63   1.66   1.69   1.66   1.71   2.59   2.84   2.58   
1951 2.60   2.91   2.85   2.20   1.92   1.66   1.55   1.70   1.26   2.59   3.10   3.88   
1952 3.62  -0.12  -0.30  -1.03  -1.04  -0.35  -0.28  -0.51  -1.12  -2.14  -3.12  -3.24   
1953 1.50   1.32   1.07   1.41   2.07   2.12  -0.10  -0.05  -0.75  -1.56  -1.75  -1.89   
1954 1.29   1.11   0.91   1.26   0.60   1.29   1.45   1.97  -0.12  -0.49  -1.16  -1.86   
1955 -2.69  -2.71   0.16   1.23   1.29   1.12   1.70   1.23   1.23   1.63   2.51   3.87   
1956 3.77   3.48   3.16   2.27   2.33   2.09   2.07   2.17   1.55   2.47   1.85   1.48   
1957 0.89   1.38   1.71   1.72   2.90  -0.19  -0.32  -0.46  -1.09  -0.86  -1.40   0.28   
1958 0.16   0.45   0.09   1.30   0.56   1.06   1.29  -0.18  -0.17  -0.49   0.47   0.45   
1959 0.97   0.68   0.54   0.30   0.82   0.43   0.03   0.02   2.13   2.79   3.05   2.21   
1960 1.42   1.45   1.93   1.90   2.32  -0.62  -1.04  -0.57  -0.89  -0.90  -0.19  -0.89   
1961 -1.41   0.69   0.89   1.04   1.16  -0.75  -1.29  -1.54   0.36   0.82   0.90   0.90   
1962 0.46   0.27   0.51   0.24   1.16   0.73   0.60   0.61   0.65   1.48   1.90   1.40   
1963 0.69   0.86   0.57   1.29   1.00   2.13   2.10   1.98   1.89  -0.39  -0.09  -0.67   
1964 0.63  -0.91   0.66   1.06   0.82   1.91   2.44   3.23   3.11   2.44   2.52   4.71   
1965 5.37   4.37   3.09   3.78   3.33   3.05   2.80   3.87   3.81  -0.68  -0.93  -1.74   
1966 -1.46  -1.83  -1.36  -1.63  -2.24  -2.19  -2.59  -2.73  -3.03  -2.99  -2.87  -2.79   
1967 1.09   0.34   0.56   1.01   0.62   0.93  -0.19  -0.90  -1.22   0.89  -0.27  -0.51   
1968 -0.92  -0.27  -1.04  -1.15  -1.10  -1.02  -1.09   1.56   2.00   2.17   2.46   2.72   
1969 3.99  -0.37  -1.12  -1.37  -1.78  -1.35  -1.51  -2.03  -1.81  -1.72  -2.65  -2.84   
1970 1.46   0.74   0.67   1.09   0.82   1.53   1.95   1.46   2.09   2.17   2.70   3.01   
1971 3.85   3.11   3.23   2.87   2.49   2.97   2.87   2.35   2.18   1.72   1.29   1.42   
1972 2.03   2.43   2.26   2.32  -0.38  -0.54  -0.77  -0.96  -0.76  -1.15  -1.80  -1.80   
1973 -1.95  -2.68  -2.97  -3.14  -3.39  -3.42  -3.57  -3.80  -3.18  -3.28   1.18   1.64   
1974 2.37   2.01   2.83  -0.17  -0.60  -1.19  -1.43  -1.42  -2.05  -2.62  -3.21  -3.36   
1975 0.16   0.64   0.78   1.18   0.91   0.89   1.15   1.97   1.13   2.02   2.11   2.21   
1976 2.03   1.85   1.42   1.22   0.73   0.56   0.69   1.74   1.72  -0.65  -1.81  -3.14   
1977 -4.49  -4.99  -5.36  -6.03   0.61   0.01   0.31   0.80   1.49   1.10   1.22   2.22   
1978 -0.19  -0.27  -1.25   0.42   0.64   0.15   0.64   1.11   1.45  -0.99  -1.63  -2.10   
1979 -2.67  -1.99  -2.46  -2.28  -2.31  -2.79  -3.04  -2.55  -3.15  -2.79  -3.35  -3.79   
1980 -3.49  -3.45  -3.19  -3.34   0.90   1.23   1.80   1.75   2.44  -0.61  -0.87  -0.37   
1981 -1.23  -1.07  -1.87   0.23   0.66   1.52   1.92   1.75   1.41   1.37   1.56   2.05   
1982 2.30   2.77   2.69   3.16   2.51   2.36   2.83   2.56   2.88   3.12   3.01   3.16   
1983 2.60   2.46   2.56   2.21   1.75   1.63   2.52   3.23   2.99   2.48   3.13   3.36   
1984 2.52   1.82   1.61   1.60   2.30   2.64   3.02   3.12   3.03   2.82   3.01   0.04   
1985 -1.23  -1.49  -1.67  -2.17  -2.02  -2.42  -2.75  -0.01   1.62   1.85   1.84   0.86   
1986 0.56   2.05  -0.59  -0.79  -0.83  -1.37  -1.32  -1.37   1.16  -0.52  -0.68  -1.92   
1987 -2.72  -2.98  -2.82  -3.52  -3.27  -3.38  -2.68  -2.56  -3.14  -3.94  -4.54  -4.66   
1988 -4.80  -4.89  -4.52  -3.91  -3.36  -3.45  -3.44  -3.67  -3.80  -4.43  -3.33  -3.57   
1989 -3.20  -3.68  -2.54  -2.94  -2.49  -2.58  -2.66  -2.01  -2.03  -1.86  -2.07  -3.02   
1990 -2.79  -2.78  -3.34  -2.99  -1.79  -1.80  -1.40  -0.65  -1.41  -0.90  -0.74  -1.35   
1991 -1.82  -2.63   0.06   0.29   0.85   1.05   1.08  -0.34  -0.65  -0.99  -0.78  -1.48   
1992 -2.37  -2.76  -4.11  -3.73  -4.37  -4.13  -3.68  -3.64  -3.17  -3.38  -3.52  -3.61   
1993 -3.36  -3.77  -3.46   0.76   0.37   1.34   2.35   2.99  -0.45  -0.74  -1.53  -2.27   
1994 -2.87  -2.83  -3.71  -3.74  -3.59  -3.49  -3.48  -3.82  -4.17  -3.74  -3.08  -3.06   
1995 -2.69  -2.76   0.49   0.57   0.68   1.22   2.05   2.29   1.80   2.05   2.80   2.99   
1996 2.90   3.16   2.17   2.79   3.59   2.59   1.93   1.27   0.92   0.94   1.18   3.29   
1997 3.69   2.93   2.66   2.91   2.10   1.83   2.25   2.22   2.10   2.22  -0.42  -1.32   
1998 -1.02  -1.54  -1.79  -1.89   1.48   1.94   2.48   1.95   1.82   1.10   1.38   1.48   
1999 1.52   2.25  -0.44  -0.87  -1.01  -0.69  -0.85  -0.86  -1.48  -1.65  -2.03  -1.93   
2000 -1.53  -1.16  -1.58  -1.97  -1.83  -2.25  -2.68  -3.18  -2.68  -1.77  -2.16  -2.79   
2001 -3.59  -4.13  -4.66  -4.37  -4.48  -4.24  -3.81  -4.10  -4.22  -3.51  -3.50  -3.21   
2002 -2.83  -3.24  -2.84  -2.68  -2.71  -2.83  -3.01  -3.02  -3.18  -3.56  -4.19  -4.26   
2003 -3.85  -3.73  -3.00  -2.66  -2.32  -2.88  -3.28  -3.36  -3.60  -4.05  -4.20  -3.89   
2004 -3.55  -3.47  -4.33  -4.66  -2.95  -2.95  -2.60  -1.64  -1.11  -1.05  -1.64  -2.18   
2005 -2.85  -3.79  -3.71  -3.50   0.84   1.20   1.14   0.56   0.11   0.04   0.06   0.35   
2006 1.15  -0.51  -0.37  -0.01  -0.28  -0.34  -0.96  -1.44  -1.51  -1.71  -0.88  -1.05   
2007 -1.74  -1.73  -2.61  -2.86  -3.15  -3.42  -4.08  -4.42  -4.13  -3.44  -3.36  -3.09   
2008 -2.64  -2.66  -2.38  -2.21  -2.21  -1.86  -1.95  -1.84  -1.97  -2.41  -2.47  -2.40   
2009 -2.07  -2.64   0.72   0.42   0.52   0.98   1.15   1.79  -0.84  -0.27  -0.57  -1.24   
2010 -1.48  -2.34  -2.58   0.25   0.90   2.32   2.47   2.54   2.23   2.15   1.89   1.91   
2011 1.70   1.03   1.39   2.20   2.50   2.58   2.56  -0.34  -1.01  -0.65  -1.00  -1.69   
2012 -1.83  -1.95   1.11   1.06   0.96   1.27   1.41  -0.61  -1.44   0.55   0.45   0.90   
2013 0.00  -1.43 -99.99 -99.99 -99.99 -99.99 -99.99 -99.99 -99.99 -99.99 -99.99 -99.99   
