1895 1.44   1.37   1.25   0.67   1.28  -0.31  -0.25  -0.50   0.52  -0.79  -1.36   0.04   
1896 0.55  -0.48  -0.60   0.66   2.00   2.07   2.53   2.83   2.02   1.48   2.07   1.97   
1897 1.33   1.65   2.82  -0.42  -0.78  -1.06  -0.90  -1.08  -0.86  -0.48  -0.52  -0.07   
1898 -0.17  -0.34  -1.01  -1.57  -1.19  -1.58  -1.81  -1.91  -2.08  -2.12   0.37   0.04   
1899 0.27   0.31   0.24   0.26   0.58   0.41   0.36   1.31   0.76   1.45   1.51  -0.02   
1900 -0.03  -0.27  -1.47  -1.24  -1.04  -1.67  -2.23  -2.19  -2.26  -1.33  -1.53  -1.74   
1901 -1.64  -1.11  -1.57  -1.64  -1.84  -2.09  -2.35  -2.57  -2.30  -2.38  -2.64  -2.54   
1902 -3.08  -2.68  -2.78  -2.60  -2.27  -2.85  -2.38  -2.27  -2.49  -2.89   0.48   0.99   
1903 1.94   1.68   1.46   1.24   1.44   1.42   1.27   1.35   1.27   0.91   1.28  -0.34   
1904 -0.76   0.92   2.82  -0.30  -0.78  -1.05  -0.85  -1.04  -1.19  -1.00  -1.58  -1.52   
1905 -2.11  -2.68  -2.73  -3.10  -2.66  -2.78  -3.25  -3.52  -3.10  -2.62  -2.74  -2.82   
1906 0.34   0.49   1.37   1.14   2.26   2.61   3.11   2.87   1.97   1.33   1.35   1.28   
1907 1.44   1.46   2.19   1.89   1.55   2.02   2.22   2.83  -0.07  -0.50  -0.79  -0.14   
1908 -0.45  -0.83  -1.29  -1.89   0.27   0.62   0.46   0.46   0.58   1.21  -0.53  -0.89   
1909 0.77   0.93  -0.67  -1.15  -0.90  -1.36  -1.19  -1.36   0.79   0.65   2.02   2.04   
1910 2.20   2.68  -0.84  -1.32  -1.38  -2.03  -2.48  -2.77  -0.02   0.06   0.66   0.43   
1911 1.04   0.94  -0.84  -1.01   0.89   1.55   1.66  -0.25  -0.52  -0.35  -0.32  -0.46   
1912 0.40   0.55   0.61   1.10   1.73   2.18   2.73   3.68   3.25   3.62   3.28   3.10   
1913 3.03   2.38   2.24   1.82   1.67   2.67   3.61   3.69   3.13   2.99   3.15   2.83   
1914 3.46   3.51   2.19   2.02   1.69   2.23   2.48   1.94   2.29   2.33  -0.64  -1.42   
1915 -2.16  -2.78  -3.63  -3.87  -2.24  -2.62  -2.58  -2.94  -2.78  -3.00   0.33   0.54   
1916 1.37   2.09   2.68   2.11   2.32   2.35   2.91   3.10   2.71   2.60   2.41   2.27   
1917 1.93   1.91   2.31   2.71   3.26   3.06   3.30   2.71   2.83  -0.72  -0.72  -0.48   
1918 -0.40  -0.26  -0.31  -0.81  -0.83  -1.26  -1.52   0.34   0.51   0.97  -0.40  -0.99   
1919 -1.40  -0.85  -0.92  -1.16  -1.58  -2.37  -2.93  -3.24  -2.87  -2.23  -2.04  -2.09   
1920 -2.58  -3.51  -3.03  -2.20  -2.17  -2.33  -2.55   0.17   0.77   1.56   1.76   2.16   
1921 2.44   2.81   2.21   2.29   2.86   2.65  -0.09  -0.15  -0.17  -0.60  -0.58  -0.90   
1922 -1.22  -1.16   0.19   0.48  -0.10  -0.74  -1.33  -0.56  -1.16  -1.40  -1.83  -1.55   
1923 -1.28  -1.71  -2.03   0.14   0.37   0.93   1.02   1.09  -0.63   0.68  -0.50  -0.69   
1924 -1.34  -2.02  -2.54  -3.23  -4.58  -5.38  -5.87  -5.67  -5.51   0.78   0.81   0.70   
1925 1.14   1.24   0.49   0.69   0.64   0.74   0.78   1.12   1.36   0.02  -0.28  -0.55   
1926 -1.04  -1.10  -2.28  -2.94  -3.19  -4.08  -4.65   0.59   0.43   0.20   1.02   0.85   
1927 0.83   1.73   1.59   1.38   2.03   2.22   2.21   1.96   2.91   2.87   2.97  -0.18   
1928 -0.39  -0.99  -0.41  -0.34  -1.06  -1.47  -1.89  -2.24  -2.64  -2.45  -2.42  -2.54   
1929 -2.52  -2.95  -3.16  -2.67  -3.23  -3.16  -3.55  -3.71  -3.87  -3.93  -4.47  -4.05   
1930 -4.05  -3.78  -4.24  -4.29  -3.76  -4.07  -4.35  -3.62  -3.14  -2.44  -2.23  -2.68   
1931 -3.00  -3.27  -2.65  -2.83  -3.57  -4.24  -4.69  -4.92  -4.80  -4.45  -3.92  -3.43   
1932 -3.37  -3.51   0.92   1.15   1.91   1.92   2.42  -0.06  -0.55  -0.56  -0.72  -0.87   
1933 -1.03  -1.03  -1.14  -1.09  -0.56  -0.93  -1.33  -1.68  -1.88  -1.53  -2.36  -2.46   
1934 -2.94  -3.53  -4.22  -5.14  -6.42  -6.29  -6.84  -6.90  -6.76  -6.09  -5.22  -4.91   
1935 -4.92  -4.93  -4.81  -2.98  -2.59  -2.67  -2.56  -2.70  -3.04  -3.16  -3.15  -3.18   
1936 -2.17  -1.54  -1.47  -1.45  -1.80  -1.18  -1.05  -1.17  -1.39  -2.03  -2.66  -3.29   
1937 -3.46  -3.34  -3.33  -2.74  -3.17  -3.50  -3.71  -3.89  -3.90  -3.74   0.53   0.93   
1938 0.97   0.76   2.20   1.85   2.30   2.37   2.89   2.57   1.91   1.99   2.17  -0.46   
1939 -0.87  -1.00  -1.41  -2.14  -3.11  -3.63  -3.85  -4.09  -3.48  -3.30  -3.93  -4.11   
1940 0.21   0.87   1.39   1.74  -0.60  -1.09  -1.43  -1.84   1.78   2.42   2.30  -0.37   
1941 -0.45  -0.45  -1.38   0.06   0.33   1.42   1.71   2.39   2.02   2.10   1.43   1.56   
1942 1.30   1.74   1.12   1.06   2.33   2.24   2.47   2.16   1.47   1.06   1.77   2.66   
1943 3.06   3.00   3.20   2.97   2.64   2.88   3.11  -0.09  -0.69  -0.09  -0.73  -1.45   
1944 -2.37  -2.66  -3.13  -2.28  -2.66  -1.82  -2.16  -2.38  -2.51  -2.87   0.36  -0.15   
1945 -0.34   0.52   1.11   0.75   1.82   2.39   3.04   2.74   2.73   2.14   2.30   2.90   
1946 2.95   3.29   3.42  -0.51  -0.61  -0.93  -0.98  -1.09  -1.04   0.53   1.40  -0.11   
1947 -0.54  -1.02  -1.12  -1.30  -1.54  -1.03  -1.25  -1.54   0.05   0.74  -0.08  -0.68   
1948 -1.24  -1.27   0.11   0.48   0.60   0.99   0.97   0.75   0.48   0.12   0.15   0.63   
1949 -0.68  -0.19  -0.58  -1.42  -1.51  -2.09  -2.53  -2.73  -2.82  -2.39  -2.27  -2.58   
1950 0.14   0.06   1.06   0.81   0.85   1.28   1.51   1.49   1.27   0.98   0.65   0.77   
1951 0.84   1.36   1.37   1.16   1.20   1.14   1.27   1.35   0.78   1.97   2.24   2.99   
1952 3.76   4.21   4.20   3.55   3.32   3.47   3.38  -0.21  -0.64  -1.45  -1.68  -1.67   
1953 0.79   0.96   0.59   0.87   2.23   3.02   4.00   3.74  -0.50  -1.03  -1.22  -1.28   
1954 -1.38  -1.99  -1.98  -2.07  -2.67  -2.32  -2.61  -2.48  -2.53  -2.61  -2.83  -2.94   
1955 -3.24  -3.75  -3.86   1.49   1.50   1.25   1.16   0.76   0.64   0.50   0.80   1.57   
1956 2.47   2.45   1.71   1.19   1.65   1.76   1.75   1.69   1.03   2.85   2.08   1.70   
1957 1.43   1.79   2.40   2.43   3.67   3.63   3.58   3.09   2.24   2.15   1.62   1.82   
1958 1.88   2.23   2.18   2.65   2.96   3.64   3.95   3.62  -0.28  -0.97  -1.22  -1.45   
1959 -1.51  -1.74  -1.78  -2.24  -1.70  -2.24  -2.70   0.09   2.55   2.40  -0.67  -1.29   
1960 -1.67  -1.46  -1.16  -1.62  -1.19  -1.86  -2.02  -1.61  -1.80  -1.89  -1.25  -1.63   
1961 -2.09  -2.27  -2.03  -2.41  -2.79  -3.55  -4.00  -3.99  -3.37  -2.43  -2.43  -2.46   
1962 -2.92  -2.69  -2.46  -2.71  -1.63  -1.96  -2.12  -2.06  -2.11  -1.17  -1.18  -1.61   
1963 -2.00  -2.38  -3.15   0.62   0.14   0.57  -0.45  -0.49  -0.44  -0.72   0.50   0.25   
1964 0.82   0.30   0.36   0.58   0.70   1.79   2.50   2.71   2.48   1.66   2.01   3.47   
1965 4.51   3.82   3.05   3.43   3.13   3.41   3.57   4.70   0.04  -0.61  -0.44  -1.07   
1966 -1.71  -2.32  -2.64  -2.87  -3.87  -4.55  -5.11  -5.27  -5.21  -5.00  -4.44  -3.90   
1967 -3.17  -3.50  -3.61  -2.69  -2.46  -1.67  -1.46  -1.82  -1.70  -1.43  -1.79  -2.21   
1968 -2.91  -2.64  -3.23  -3.42  -3.65  -3.99  -4.47   2.59   1.88   1.63   1.98   2.10   
1969 3.27   3.44  -0.33  -0.34  -0.48   0.59   0.54  -0.34  -0.52  -0.23  -0.99   0.20   
1970 2.15   1.73   1.57   1.61   1.64   2.68   3.14   2.69   3.10   3.19   3.66   4.02   
1971 4.49   4.05   4.19   3.49   2.85   3.26   3.06   2.42   2.11   1.85   2.25   2.27   
1972 2.60   2.62  -0.02  -0.17  -0.45  -0.19  -0.31  -0.46  -0.17  -0.29  -0.56  -0.12   
1973 -0.01  -0.44  -0.78  -0.61  -0.88  -1.46  -1.77  -2.10   0.33   0.35   1.53   2.17   
1974 2.51   2.39   2.70  -0.12  -0.48  -0.79  -0.68  -0.84  -1.36  -0.97  -1.47  -1.14   
1975 -1.40   0.64   1.28   1.94   1.68   1.91   2.64   2.97   2.11   3.19   2.70   2.51   
1976 2.45   2.63   2.57   2.75   2.16   2.23   2.81   4.13   4.72  -0.42  -1.35  -2.30   
1977 -3.21  -4.13  -4.46  -5.24  -4.69  -5.67  -5.92  -5.43  -4.39  -4.53   0.30   0.98   
1978 1.66   2.42   1.82   3.18   2.70   2.66   3.06   3.20   3.45  -0.71  -0.86  -1.21   
1979 -1.02  -0.73  -1.05  -0.84  -0.90  -1.32  -1.66   0.94   0.35   0.84   0.73   0.35   
1980 0.44   0.54   0.74   0.58   1.81   2.13   2.59   2.28   3.76   3.06   2.69   2.83   
1981 2.43   2.23   2.43   2.64   2.87   3.08   3.46   3.18   2.61   2.69   3.05   4.01   
1982 4.23   5.01   4.70   4.55   3.98   3.73   4.22   3.94   4.16   4.77   4.48   5.12   
1983 5.21   5.50   6.52   6.27   6.08   5.75   6.31   6.77   6.03   5.38   5.63   6.88   
1984 6.50   6.46   6.31   6.23   6.07   6.52   6.99   6.90   6.13   5.66   6.03   5.38   
1985 4.17   3.49   3.15   2.40   2.22   1.42   1.02   0.61   2.21   2.32   2.58   2.16   
1986 1.81   3.02   2.85   2.86   2.65   2.21   1.72   1.18   2.94  -0.48  -1.08  -2.01   
1987 -2.58  -2.96  -2.81  -3.64  -4.03  -4.51  -4.69  -4.55  -4.76  -5.11  -4.93  -4.67   
1988 -4.35  -4.74  -4.74  -4.31  -4.26  -4.60  -5.00  -5.06  -4.90  -5.47  -3.52  -3.15   
1989 -2.79  -2.28  -0.91  -1.31  -1.40  -1.78  -2.12  -1.67  -1.17  -0.96  -1.52  -2.49   
1990 -3.15  -3.71  -4.30  -4.18  -3.49  -4.26  -4.79  -4.26  -4.57  -4.30  -4.54  -4.84   
1991 -5.15  -5.93  -5.86  -5.12  -4.05  -4.28  -4.79  -5.04  -4.79  -4.06  -3.15  -3.28   
1992 -3.72  -3.99  -4.96  -5.31  -6.39  -6.27  -6.47  -6.52  -6.36  -0.04   0.30   0.25   
1993 0.46   0.49   1.84   2.53   2.28   3.37   4.09   4.61  -0.32  -0.65  -0.92  -1.37   
1994 -1.46  -1.55  -2.62  -2.67  -2.67  -3.33  -3.85  -4.16  -4.31  -0.01   0.96   1.16   
1995 1.90   1.46   1.99   2.07   3.08   3.59   4.50   4.45   3.65   3.17   2.94   3.37   
1996 3.36   3.43   3.38   3.56   4.32   4.11   4.15   3.48   3.08   2.88   2.59   3.86   
1997 5.02   4.31   3.35   3.43   3.03   2.99   3.44   3.33  -0.03  -0.25  -0.76  -1.26   
1998 -0.95  -1.04  -1.13   0.03   2.55   2.98   4.13   3.62   3.74   2.79   2.38   2.22   
1999 2.29   3.17  -0.30  -0.49  -0.43  -0.32  -0.35  -0.39  -0.92  -1.36  -1.88  -2.07   
2000 -1.98  -1.60  -1.42  -1.67  -1.83  -2.28  -2.67  -3.01  -2.72  -1.26  -1.36  -1.76   
2001 -2.10  -2.62  -3.05  -2.61  -3.31  -3.95  -4.19  -4.51  -4.51  -4.17  -3.91  -3.61   
2002 -3.74  -4.16  -4.02  -3.77  -4.45  -5.13  -5.64  -5.61  -5.42  -5.35  -5.46  -4.34   
2003 -3.66  -3.59  -3.42  -2.73  -1.92  -2.07  -2.10  -2.02  -2.43  -3.12  -3.15  -2.60   
2004 -2.06  -1.53  -2.29  -2.65  -1.94  -2.12  -2.22  -1.84  -1.77  -1.15  -1.43  -1.66   
2005 -2.31  -3.15  -3.24  -3.07  -1.62  -1.45  -1.87  -2.28  -2.43   0.05   0.62   2.20   
2006 3.46   3.32   3.90   4.31   4.01   3.90  -0.03  -0.55  -0.80  -1.10  -0.94  -0.27   
2007 -0.95  -1.04  -2.02  -2.10  -2.84  -3.31  -4.04  -4.30  -3.72  -2.99  -2.87  -2.43   
2008 -2.33  -2.42  -2.33  -2.38  -2.57  -2.70  -2.73  -2.96  -2.50  -2.59  -2.71  -2.35   
2009 -2.59  -3.11  -2.94  -2.95  -2.90   0.48   0.10   0.69  -0.73   0.81  -0.55  -0.45   
2010 -0.21  -0.42  -0.63   0.44   1.07   1.75   2.05   2.03   1.28   1.32   1.31   2.65   
2011 2.71   2.47   3.61   3.82   4.27   4.40   4.76   0.05  -0.56   0.52  -0.62  -1.41   
2012 -1.10  -1.77  -1.41  -1.29  -1.56  -2.02  -2.41  -2.89  -3.27  -2.65  -2.94  -2.97   
2013 -3.18  -3.57 -99.99 -99.99 -99.99 -99.99 -99.99 -99.99 -99.99 -99.99 -99.99 -99.99   
