1895,0.96,1.14,1.78,1.45,2.05,1.62,1.85,1.48,1.86,1.07,0.99,0.92
1896,1.07,0.67,0.94,0.80,2.27,2.17,2.78,3.34,2.69,2.11,2.31,1.94
1897,1.42,1.50,2.26,-0.12,-0.52,-0.54,-0.25,-0.50,-0.63,0.89,0.76,0.98
1898,1.10,-0.05,-0.05,-0.45,0.66,-0.31,-0.24,-0.40,-0.69,0.14,0.43,0.17
1899,0.69,0.77,1.30,1.20,1.31,1.08,1.08,1.99,1.43,2.08,-0.12,-0.11
1900,-0.03,-0.10,-0.83,0.85,-0.01,-0.74,-1.15,-1.33,-1.40,-0.93,-1.06,-1.30
1901,-1.71,-1.60,-1.87,-1.79,-1.90,-2.14,-2.57,-2.33,-1.93,-1.67,-2.21,-2.11
1902,-2.62,-2.61,-2.39,-2.37,-2.32,-2.93,-2.38,-2.46,-2.63,-2.98,0.02,0.22
1903,0.73,0.40,0.45,0.50,0.59,0.60,0.62,0.68,0.78,-0.18,-0.08,-0.45
1904,-0.82,0.26,1.62,1.58,1.16,0.95,1.33,1.51,-0.19,0.23,-0.92,-0.94
1905,-1.26,-1.59,-1.63,0.04,0.94,1.15,-0.23,-0.59,-0.77,-0.49,-0.62,-0.82
1906,0.53,0.56,1.36,1.20,2.31,2.60,3.27,3.67,3.00,2.31,2.26,2.25
1907,2.39,2.06,2.88,2.57,1.96,2.76,3.21,4.04,-0.08,-0.29,-0.64,-0.06
1908,-0.45,-0.66,-0.79,-1.31,0.56,1.36,1.34,1.36,1.28,1.92,1.32,0.92
1909,1.57,1.66,-0.13,-0.43,-0.21,-0.79,0.23,0.36,0.79,0.48,1.33,1.46
1910,1.72,1.95,-0.64,-0.86,-0.87,-1.59,-1.90,-2.36,-2.33,0.06,0.15,-0.15
1911,0.88,0.75,0.15,0.03,0.68,1.47,1.41,0.97,0.61,1.00,1.17,0.99
1912,1.26,1.35,1.62,2.19,2.56,2.68,3.42,4.27,4.06,5.00,4.61,4.38
1913,4.34,3.99,4.06,3.44,3.37,4.57,6.02,6.52,6.01,5.67,5.34,4.97
1914,5.26,4.96,3.95,3.89,3.10,3.60,3.86,3.16,3.48,3.32,-0.79,-1.34
1915,-1.61,-1.87,-2.39,-2.48,1.87,-0.34,0.42,-0.43,-0.32,-1.00,0.14,0.22
1916,0.88,1.21,1.36,0.87,1.06,1.01,1.49,1.75,1.24,2.15,2.05,2.10
1917,2.15,2.31,2.64,3.20,4.12,3.68,3.96,-0.17,0.20,-0.54,-0.97,-1.26
1918,-0.92,-0.92,-1.08,-1.07,-0.82,-1.27,-1.42,0.24,0.40,1.01,-0.29,-0.71
1919,-1.32,-1.09,-1.32,-1.56,-2.21,-3.20,-3.99,-4.37,-4.06,0.84,0.99,0.92
1920,0.48,0.09,0.31,1.02,0.91,0.73,0.60,0.95,1.21,1.99,2.04,2.16
1921,2.38,2.31,1.69,2.12,2.83,-0.23,0.04,0.20,-0.05,-0.78,-0.84,-0.84
1922,-0.87,-0.82,-0.69,-0.01,-0.13,-0.46,-0.67,0.99,-0.60,-1.18,-1.15,0.18
1923,0.36,-0.27,-0.42,0.45,0.90,2.00,2.55,2.95,2.73,3.41,-0.33,-0.40
1924,-0.72,-1.12,-1.05,-1.41,-2.49,-3.34,-3.73,-3.90,-4.02,-3.18,-2.96,-2.68
1925,-2.22,-2.17,-2.61,-2.36,-2.42,0.20,0.11,0.74,0.81,1.48,-0.08,-0.20
1926,-0.32,-0.39,-1.34,-2.03,-2.30,-2.97,-3.41,-2.61,-2.52,-2.79,-2.24,-2.25
1927,-2.22,0.40,0.30,0.31,0.61,-0.26,-0.62,-0.70,0.94,1.25,1.55,-0.22
1928,-0.46,-0.86,-0.71,-0.86,-1.66,-1.94,-2.46,-2.92,-3.28,-2.97,-2.69,-2.72
1929,-2.47,-2.50,-2.35,-1.57,-1.98,-1.56,-1.80,-1.94,-2.26,-2.38,-2.64,-2.60
1930,-2.41,-2.42,-2.81,-3.15,-2.18,-2.46,-2.94,-1.93,-1.71,-0.71,-0.76,-1.24
1931,-1.88,-2.17,-2.48,-2.91,-4.00,-5.20,-6.26,-6.69,-6.37,-5.91,-5.69,-5.44
1932,-5.42,-5.06,-4.22,-4.13,-4.00,-3.62,-3.40,-3.30,-3.64,-3.88,-3.96,-3.94
1933,-4.21,-4.23,-4.75,-4.70,-4.78,-5.99,-6.87,-7.12,-6.80,-7.41,-7.61,-7.77
1934,-7.40,-7.18,-7.49,-8.06,-9.18,-9.41,-10.02,-10.03,-9.51,-9.26,-8.17,-7.52
1935,-7.40,-6.96,-6.67,-5.81,-4.80,-4.98,-5.22,-5.47,-5.61,-5.42,-5.22,-5.26
1936,-3.11,-2.09,-2.13,-2.54,-3.33,-2.54,-2.46,-2.35,-2.71,-3.21,-3.76,-4.05
1937,-4.26,-3.88,-3.48,-3.04,-2.87,-3.27,-3.76,-3.94,-4.15,-4.06,0.64,0.79
1938,-0.14,-0.62,-0.15,-0.25,-0.38,-0.79,-0.11,-0.45,-1.06,1.86,-0.19,-0.29
1939,-0.59,-0.90,-1.56,-2.19,-3.25,-3.95,-4.29,-4.79,-5.01,-3.27,-3.58,-4.02
1940,-3.03,-3.00,-3.14,-1.71,-2.65,-3.34,-3.94,-4.36,1.34,0.83,0.62,0.67
1941,0.63,0.67,0.06,0.37,0.45,1.02,1.09,1.58,1.82,1.82,1.38,0.92
1942,1.30,1.40,1.13,1.15,2.36,2.22,2.51,2.06,1.39,1.26,2.02,2.18
1943,1.99,1.91,1.96,1.68,1.47,2.52,2.89,-0.08,-0.58,-0.01,-0.51,-0.83
1944,-0.99,-0.94,-0.97,1.68,1.34,2.25,2.64,2.47,2.19,1.69,1.60,1.36
1945,0.71,0.99,1.68,1.95,3.36,3.83,4.61,4.61,4.27,3.83,3.86,3.52
1946,3.42,3.10,3.40,2.73,2.67,2.22,2.07,2.59,2.59,4.46,4.45,4.24
1947,3.92,3.42,3.44,3.23,3.78,4.75,5.18,4.80,4.25,3.46,3.72,3.29
1948,2.81,2.65,2.55,2.06,1.41,1.63,1.21,0.72,1.97,1.51,1.54,2.19
1949,2.47,2.61,2.79,-0.35,-0.01,-0.37,-0.40,-0.61,-1.05,1.42,-0.50,-0.80
1950,0.98,0.59,1.39,2.02,1.85,1.88,2.35,2.15,2.16,1.62,1.79,2.92
1951,3.30,3.59,3.84,3.60,3.15,2.66,2.86,3.23,2.44,2.61,2.49,3.14
1952,3.01,2.86,3.33,2.61,2.17,2.08,2.65,2.66,-0.58,-1.42,-1.61,-1.52
1953,-2.05,-2.03,-2.37,0.46,1.09,1.36,-0.21,-0.43,-0.78,-1.24,-1.81,-1.80
1954,-1.94,-2.73,-2.39,-2.73,-3.81,-3.23,-3.90,-4.02,-4.21,-4.10,-4.69,-4.62
1955,-4.35,-4.16,-0.01,0.41,0.65,0.72,1.04,0.70,0.52,0.14,0.18,0.98
1956,2.44,2.53,2.31,2.29,3.20,2.86,3.13,2.68,2.04,2.79,2.04,1.97
1957,1.55,1.56,2.11,2.26,4.26,4.25,4.35,3.85,3.13,2.94,2.97,3.04
1958,2.96,3.26,3.09,2.96,2.37,2.75,3.05,3.14,-0.19,-0.83,-0.53,-0.68
1959,-0.62,-0.80,-1.02,-1.56,-0.72,-0.92,-1.34,-1.70,1.62,-0.30,-1.14,-1.58
1960,-1.97,-1.77,-1.84,-2.17,-2.17,-3.05,-3.22,-2.82,-3.15,-3.12,-2.70,-2.77
1961,-3.25,-3.11,-2.76,-2.99,-3.05,-3.65,-3.93,-3.03,-2.22,-1.76,-1.97,-1.98
1962,-2.22,-1.91,-1.71,-1.78,-0.62,-0.81,-0.90,-1.01,-0.95,-0.79,-0.91,-1.47
1963,-1.50,-1.49,-1.80,0.83,1.02,2.75,2.83,3.25,3.36,2.65,2.88,2.47
1964,2.16,1.57,1.17,1.19,1.16,2.20,2.17,1.86,1.48,1.10,1.07,3.05
1965,2.94,2.49,2.10,2.37,2.85,3.30,4.19,5.81,5.56,-0.54,-0.77,-0.90
1966,-1.40,-1.70,-2.07,-2.45,-3.04,-3.50,-4.07,-4.44,-4.46,-4.28,-3.82,-3.70
1967,-3.32,-3.49,-3.52,1.12,1.04,2.24,2.71,2.50,-0.31,-0.39,-0.68,-1.14
1968,-1.60,-1.80,-2.56,-2.81,-3.11,-3.15,-3.96,2.05,1.32,0.96,1.03,1.09
1969,1.31,1.23,-0.34,-0.70,-1.58,-1.22,-1.33,-1.79,-1.90,-1.22,-1.65,-1.49
1970,0.81,0.17,0.14,0.41,0.46,1.55,1.91,1.56,1.81,1.69,1.97,1.82
1971,2.03,1.89,2.27,2.69,2.83,3.53,3.85,3.75,3.65,3.77,3.77,3.32
1972,3.39,3.49,-0.18,-0.48,-1.10,-1.00,-1.32,-1.35,0.48,1.25,1.16,1.24
1973,-0.17,-0.57,-0.61,-0.41,-1.09,-1.01,-0.94,-0.98,0.44,-0.45,-0.25,-0.03
1974,-0.11,-0.35,0.42,-0.30,-0.99,-1.80,-2.16,-2.20,-2.61,-1.84,-2.30,-2.03
1975,-2.20,0.14,0.12,0.97,1.18,1.30,1.93,1.88,1.38,2.57,0.02,-0.22
1976,-0.31,0.22,0.22,0.24,-0.61,-0.87,0.12,0.61,1.11,0.01,-0.84,-1.65
1977,-2.41,-3.04,-3.67,-4.57,-4.15,-4.52,-4.49,-4.39,-3.83,-4.07,-3.62,-3.00
1978,-2.93,-2.74,-3.30,-2.67,-2.75,-3.16,-3.23,-3.33,1.02,0.22,0.11,0.17
1979,1.16,1.46,1.33,1.46,1.38,-0.41,-0.62,0.85,0.23,0.64,0.73,0.39
1980,0.66,0.66,1.20,0.89,2.17,2.57,2.97,2.71,3.75,-0.30,-0.43,-0.26
1981,-0.68,-0.85,-1.21,-0.60,-0.30,-0.67,-1.04,-1.61,-1.85,0.46,0.83,1.83
1982,2.48,3.19,3.36,3.48,3.08,3.38,4.28,4.49,5.43,5.55,5.84,5.84
1983,5.37,5.18,5.84,5.35,5.61,5.39,6.02,7.77,7.32,6.83,8.19,8.93
1984,8.49,8.52,8.40,7.95,7.45,8.22,9.24,9.53,8.97,8.62,7.74,7.08
1985,5.91,5.26,4.71,3.74,3.32,2.19,1.69,0.93,1.84,1.84,2.60,2.36
1986,2.07,3.27,2.81,2.94,2.62,2.35,1.96,1.30,2.59,-0.41,-1.05,-1.58
1987,-1.39,-1.43,-1.26,-2.34,-1.85,-2.10,-2.17,-2.30,-2.77,-3.28,-2.85,-2.75
1988,-2.83,-3.09,-2.83,-3.17,-2.62,-3.03,-3.62,-4.05,-4.01,-4.60,2.33,2.27
1989,2.70,3.24,4.44,3.95,3.51,2.71,2.14,2.05,1.80,1.90,1.53,0.87
1990,0.81,1.49,1.15,1.52,1.92,1.56,1.52,1.80,-0.55,-0.93,-1.18,-1.46
1991,-1.84,-2.36,-2.66,0.38,1.19,1.10,0.78,0.79,1.01,0.90,1.77,-0.10
1992,-0.48,-0.87,-1.90,-2.30,-3.52,-3.12,-3.62,-3.96,-4.03,-3.84,0.24,1.33
1993,2.39,2.82,3.88,4.78,4.34,4.94,5.46,5.95,5.12,4.78,4.02,3.28
1994,3.02,3.58,-1.02,-0.86,-1.23,-1.94,-2.60,-3.08,-2.87,0.26,0.83,0.95
1995,1.27,0.92,1.55,2.15,3.93,4.68,5.88,5.86,5.12,4.51,4.53,5.03
1996,5.91,6.27,6.43,6.67,6.65,5.95,5.76,5.04,4.32,4.23,4.47,7.30
1997,9.36,8.55,7.70,7.81,6.92,6.66,6.46,5.75,5.84,5.43,4.54,3.82
1998,5.04,5.43,5.45,4.93,7.77,8.11,8.91,8.32,7.64,6.67,6.20,5.03
1999,4.94,5.58,-0.08,0.00,-0.15,-0.30,-0.57,-0.84,-1.38,-1.81,-2.35,-2.59
2000,-1.74,-1.11,-1.00,-1.54,-1.95,-2.74,-3.44,-3.80,-3.74,-2.09,-2.13,-1.73
2001,-1.94,-2.12,-1.93,-2.07,-2.70,-3.29,-3.10,-3.65,-3.75,-3.56,-3.27,-2.15
2002,-1.50,-1.26,-1.45,-1.12,-1.61,-2.13,-2.73,-3.23,-3.00,-3.04,-3.15,-3.27
2003,-3.28,-3.27,-3.35,-2.31,-1.97,-2.68,-3.23,-3.27,-3.50,-4.02,0.11,1.57
2004,2.49,3.58,2.32,1.65,2.25,1.96,1.72,1.78,1.40,1.44,1.26,2.14
2005,1.78,1.77,1.82,3.02,5.15,5.17,5.49,4.86,4.22,3.64,3.39,4.03
2006,4.86,5.08,5.21,5.73,5.35,5.01,4.78,3.83,3.30,2.99,3.50,4.09
2007,3.60,3.49,-0.23,-0.21,-0.78,-1.03,-1.31,-1.63,0.55,1.24,1.10,1.22
2008,0.74,0.96,1.54,1.59,1.94,1.84,1.99,1.54,1.14,0.63,1.10,2.34
2009,2.96,3.22,3.49,3.89,3.58,5.45,6.27,6.34,5.44,5.85,4.88,4.58
2010,4.99,4.94,5.32,4.97,5.42,5.19,5.39,5.04,4.43,4.90,4.72,5.09
2011,4.64,4.27,4.56,5.29,5.59,5.27,5.47,-0.04,-0.51,-0.45,-0.59,-1.15
2012,-0.80,-0.67,-0.93,-1.31,-1.98,-2.56,-3.09,-3.17,-3.65,-3.39,-3.74,-2.56
2013,-2.61,-2.23,-99.99,-99.99,-99.99,-99.99,-99.99,-99.99,-99.99,-99.99,-99.99,-99.99
