1895 1.37   1.46   1.47   0.86   1.37   1.31   1.67   1.31   1.78   1.04   0.88   0.82   
1896 1.29   0.71   0.89   0.57   1.78   1.81   2.06   2.44   1.71   1.17   1.65   1.30   
1897 0.57   0.77   1.97  -0.33  -0.58  -0.62  -0.61  -0.93   0.03   0.73   0.37   0.72   
1898 -0.04  -0.31  -0.46  -1.08  -0.57  -0.93  -1.06  -1.29  -1.50  -1.46   0.48   0.06   
1899 1.11   1.07   1.40   1.10   1.39   1.33   1.39   2.28   1.59   2.15  -0.34  -0.41   
1900 -0.57  -0.73  -1.56  -0.86  -1.00  -1.96  -2.58  -2.63  -2.51  -1.81  -2.02  -2.28   
1901 -2.69  -2.31  -2.52  -2.54  -2.96  -3.14  -3.61  -3.95  -3.30  -2.99  -3.35  -3.06   
1902 -3.74  -3.57  -3.13  -3.11  -3.37  -3.93  -3.65  -3.61  -3.76  -3.94  -0.04   0.28   
1903 0.98   0.52   0.84   0.68   0.90   0.97   0.92   0.97   1.10   0.83   1.03  -0.55   
1904 -0.85   0.56   2.22   1.90   1.80   1.74   2.12  -0.21  -0.56  -0.29  -1.20  -1.25   
1905 -1.47  -1.96  -1.84  -1.66  -1.04  -0.92  -1.37  -1.69  -1.75  -1.50  -1.68  -1.92   
1906 0.77   0.88   1.58   1.31   2.04   2.33   2.74   3.04   2.34   1.71   1.60   1.83   
1907 2.24   1.87   3.28   2.86   2.64   3.45   4.07   5.04  -0.20  -0.37  -0.76   0.70   
1908 -0.46  -0.80  -1.10  -1.79   0.22   0.86   0.70   0.90   1.06   1.56  -0.62  -1.10   
1909 0.89   0.81  -0.51  -0.94  -1.10  -1.55   0.05   0.34   0.92   0.60   1.73   1.80   
1910 2.27   2.51  -0.89  -1.22  -1.28  -1.76  -1.91  -2.21  -2.07   0.01   0.28   0.07   
1911 1.57   1.42   0.98   0.62   1.11   2.07   2.32   1.92   1.57   1.74   2.02   1.66   
1912 2.24   2.39   2.30   2.72   2.78   2.92   3.48   4.40   3.98   4.58   4.05   3.62   
1913 3.75   3.09   2.96   2.20   2.17   3.06   3.90   3.81   3.42   3.22   3.25   3.03   
1914 3.74   3.59   2.39   2.54   2.30   2.88   3.34   2.75   3.24   3.02  -0.84  -1.63   
1915 -1.97  -2.39  -3.21  -3.46  -2.34  -2.76  -3.04  -3.46  -3.08  -3.28   0.16   0.35   
1916 1.15   1.68   1.90   1.32   1.53   1.82   2.62   3.03   2.52   2.94   2.78   2.64   
1917 2.50   2.57   2.79   3.27   4.24   4.16   4.85   4.29   4.34   3.29   2.57   2.27   
1918 2.57   2.46   2.28   1.92   1.78   1.38   1.27   1.61   1.49   1.99  -0.33  -0.92   
1919 -1.63  -1.18  -1.08  -1.23  -1.91  -2.77  -3.33  -3.52  -3.28  -2.29  -1.90  -1.81   
1920 -2.19  -2.66   0.46   1.38   1.39   1.14   0.94   1.28   1.59   2.31   2.37   2.62   
1921 2.90   2.81   2.23   2.75   3.59   3.46   3.28   3.34   3.09   2.18   1.88   1.58   
1922 1.29   1.21   1.40   1.93   1.88   1.51   1.16   2.14  -0.53  -1.01  -1.00  -0.62   
1923 -0.27  -0.63  -0.98   0.65   1.04   1.94   2.31   2.54   1.94   2.65  -0.50  -0.67   
1924 -1.17  -1.57  -1.80  -2.25  -3.45  -4.25  -4.61  -4.57  -4.70   0.47   0.40   0.31   
1925 0.62   0.57  -0.38  -0.44  -0.65   0.20   0.12   0.80   0.94   1.34  -0.24  -0.51   
1926 -0.64  -0.84  -1.88  -2.52  -2.89  -3.54  -3.92   0.86   0.76   0.31   0.91   0.56   
1927 0.46   1.19   0.92   0.80   0.99   0.91   0.67   0.70   1.82   2.05   2.20  -0.22   
1928 -0.33  -0.95  -0.46  -0.64  -1.44  -1.59  -2.00  -2.34  -2.70  -2.37  -2.12  -2.31   
1929 -2.13  -2.34  -2.33  -1.33  -1.61  -1.47  -1.66  -1.76  -2.08  -2.19  -2.39  -2.11   
1930 -1.99  -1.82  -2.10  -2.51  -1.73  -2.06  -2.28   1.05   1.12   1.69  -0.05  -0.89   
1931 -1.72  -2.12  -2.51  -2.68  -3.64  -4.80  -5.57  -5.68  -5.31   0.58  -0.06  -0.25   
1932 -0.52  -0.69   0.43   0.83   1.37   1.77   2.19   2.20  -0.44  -0.84  -1.27  -1.49   
1933 -1.48  -1.48  -1.74  -1.66  -1.38  -2.24  -2.84  -3.13  -3.09  -3.32  -3.83  -3.78   
1934 -4.03  -4.20  -4.79  -5.64  -6.82  -7.14  -7.66  -7.65  -7.34  -6.67  -5.81  -5.48   
1935 -5.35  -5.12  -4.92  -3.35  -2.18  -2.40  -2.48  -2.73  -3.10  -3.05  -2.86  -3.04   
1936 1.79   2.55   2.58   2.08   1.69   2.27   2.59   3.01  -0.27  -0.64  -1.30  -1.61   
1937 -1.85  -1.26  -1.41  -0.86  -0.93  -1.39  -1.27  -1.59  -1.82  -1.84   0.46   0.85   
1938 0.67   0.15   1.94   1.80   1.76   1.98   2.74   2.69   1.90   3.17   3.07  -0.23   
1939 -0.77  -1.04  -1.56  -2.13  -3.03  -3.53  -3.43  -3.55  -3.60  -2.98  -3.69  -4.13   
1940 -3.18  -2.77  -3.10  -2.09  -2.86  -3.56  -4.11  -4.41  -1.89  -1.90  -1.79  -1.73   
1941 -1.96  -1.94  -2.44  -2.19  -2.42  -2.31  -2.51  -2.29  -1.86  -1.77  -1.99   0.22   
1942 0.23   0.38  -0.44  -0.43   0.73  -0.33  -0.42  -0.86  -1.33  -1.44   1.62   2.48   
1943 2.55   2.88   3.37   2.57   2.18   2.85   3.13  -0.10  -0.62   0.66  -0.71  -1.26   
1944 -1.72  -1.97  -2.45   1.52   0.94   2.42   0.03  -0.26  -0.39  -0.92  -0.47  -0.50   
1945 -1.03   0.39   0.66   0.54   1.01   1.25   1.36  -0.18  -0.10  -0.39   0.07   0.33   
1946 0.21   0.13   0.82  -0.54  -0.39  -0.68  -0.79  -0.81   0.13   1.64   1.68  -0.21   
1947 -0.53  -1.04  -1.09  -1.11  -1.28  -0.77  -1.07  -1.12  -1.34  -1.35  -0.99  -1.23   
1948 -1.38  -1.38  -1.47  -1.49  -2.03  -2.38  -2.56  -2.82   1.27   0.75   0.95   1.45   
1949 1.43   1.86  -0.05  -0.77  -0.50  -0.90  -1.14  -1.17  -1.57  -1.22  -1.60  -2.11   
1950 0.84   0.33   1.16  -0.22  -0.52  -0.55  -0.45  -0.54  -0.46  -0.65   0.11   0.28   
1951 0.42   1.01   0.95   1.15   1.07   0.70   0.72   1.08  -0.54   0.10   0.05   0.79   
1952 0.76   1.17   1.25   1.12   0.91   0.97   1.28  -0.31  -0.89  -1.66  -1.77  -1.70   
1953 -1.26  -1.44  -1.80   0.27   1.30   1.69   1.60  -0.37  -0.87  -0.93  -1.63  -1.97   
1954 -2.35  -3.09  -2.64  -2.81  -3.95  -3.57  -3.97  -4.12  -4.32  -3.82  -4.18  -4.09   
1955 -4.40  -4.53  -4.27  -3.60  -3.22  -3.02  -3.26  -3.26  -3.25  -3.42  -3.21   0.85   
1956 2.16   2.10  -0.47  -0.97  -0.53  -0.75  -0.74  -1.08  -1.11   1.41  -0.53  -0.76   
1957 -1.18  -1.05  -1.15   0.15   1.38  -0.13  -0.29  -0.56  -1.04  -1.04  -0.90  -0.82   
1958 -0.81  -0.78  -0.87  -0.55  -0.76  -0.72  -0.92  -1.25  -1.57  -2.16  -1.80  -2.10   
1959 -1.84  -2.04  -2.30  -2.72  -2.16  -2.74  -3.25  -3.26  -1.13  -1.27  -2.01  -2.49   
1960 -2.80  -2.62  -2.27  -2.56  -2.93  -3.55  -4.09  -3.47  -3.68  -3.35  -2.62  -2.77   
1961 -3.32  -3.21  -3.17  -3.24  -3.61  -4.37  -4.75  -4.71   1.17   1.66   1.19   0.90   
1962 0.21   0.55   0.72   0.09   1.14  -0.25  -0.45  -0.39  -0.54  -0.81  -1.29  -1.71   
1963 -1.55  -1.50  -1.76   1.26   1.53   2.81   2.80   3.37   3.41   2.43   2.73   2.28   
1964 2.08   1.38   1.52   1.60   1.90   2.82   3.23   2.81   2.28   2.01   2.23   4.93   
1965 5.07   4.62   4.01   4.49   4.73   5.03   5.83   6.77   6.18  -0.70  -0.99  -1.10   
1966 -1.64  -2.14  -2.25  -2.50  -3.44  -4.05  -4.49  -4.72  -4.59  -4.54  -4.25  -4.05   
1967 -3.35  -3.75  -3.44   0.95   0.83   2.21   2.44  -0.34  -0.67  -0.41  -0.63  -1.17   
1968 -1.63  -1.41  -1.79  -1.82  -2.07  -1.71  -2.22   3.50   3.02   2.43   2.54   3.28   
1969 3.93   4.01   3.60   2.82   2.06   2.47   2.42   1.84   1.66   1.54   0.88   1.14   
1970 2.75   2.13   2.14   2.39   2.72   3.84   4.66   4.52   4.58   4.26   4.80   4.94   
1971 5.59   5.10   5.25   5.79   6.15   6.83   7.41   6.99   6.52   5.97   5.98   5.85   
1972 6.39   6.54   5.98   5.27   4.79   4.72   4.41   4.03   4.34   4.41   4.00   3.82   
1973 3.38   2.81   2.93   2.71   2.37   2.08   2.04   1.74   1.73   1.15   1.93   2.42   
1974 2.60   2.54   3.24   2.97  -0.23  -0.30  -0.29  -0.44  -0.94  -0.39  -0.97  -0.87   
1975 -1.28   0.65   1.57   2.33   3.02   3.30   4.42   4.09   3.28   4.34   3.94   3.21   
1976 3.09   3.41   3.13   3.35   2.86   2.74   2.75   3.75   4.06  -0.07  -0.96  -1.77   
1977 -2.57  -3.23  -3.64  -4.47  -3.82  -4.70  -4.76  -4.42  -3.89  -4.09   0.40   1.29   
1978 1.64   2.14   1.85   2.19   2.26   2.37   2.72   2.76   4.22  -0.62  -0.94  -1.33   
1979 -0.93  -1.00  -0.98  -1.16  -1.56  -2.03  -2.10  -1.68  -2.04  -1.64  -1.57  -2.04   
1980 1.12   1.22  -0.31  -0.67   1.08   1.16   1.37   1.31   1.99  -0.18  -0.30  -0.32   
1981 -0.82  -1.22  -1.33  -0.77  -0.79  -1.33  -1.82  -2.22  -2.35   0.62   1.05   2.27   
1982 2.36   2.89   3.18   3.25   3.27   3.49   4.57   4.84   5.15   5.53   5.22   5.26   
1983 4.68   4.75   5.34   5.16   5.27   5.50   6.02   7.10   6.65   5.93   6.82   7.85   
1984 7.15   7.31   6.74   6.14   5.89   6.61   7.53   7.76   6.81   6.70   6.85  -0.32   
1985 -0.75  -0.73  -0.47  -1.04  -1.31  -1.85  -1.76  -2.06   1.02   1.32   1.96   1.64   
1986 1.48   3.66   2.97   2.80   2.78   3.23   3.05   2.69   2.98  -0.10  -0.64  -1.45   
1987 -1.70  -2.04  -2.17  -3.05  -3.25  -3.89  -3.76  -3.82  -3.94  -4.21  -3.97  -3.70   
1988 -3.71  -4.00  -3.89  -3.68  -3.13  -3.77  -4.34  -4.58  -4.33  -4.84   1.73   1.49   
1989 1.12   0.81   2.03   1.48   1.41   1.25   1.22   1.40   1.06   1.78  -0.10  -0.90   
1990 -0.80  -1.28  -1.75  -1.78  -1.46  -1.78  -2.40  -2.38  -2.75  -2.87  -3.22  -3.38   
1991 -3.83  -4.77  -4.31  -3.93  -3.20  -3.71  -4.46  -4.47  -3.58  -3.43  -2.86  -3.28   
1992 -3.94  -4.44  -5.65  -6.16  -7.55  -7.54  -7.80  -7.79  -7.36  -6.81   0.07   0.60   
1993 0.63   0.55   1.91   2.07   1.86   2.96   3.79   4.33  -0.13  -0.06  -0.66  -1.18   
1994 -1.82  -1.66  -2.76  -2.71  -3.17  -3.92  -4.50  -4.51  -0.05   0.35   0.55   0.52   
1995 1.21   0.61   1.23   1.23   2.58   4.23   5.32   5.12   4.56   3.88   3.62   4.36   
1996 4.73   4.56   4.38   3.99   4.88   4.79   4.83   4.09   3.35   3.06   2.99   5.26   
1997 6.28   5.66   4.84   4.86   4.36   4.82   5.06   4.88   4.85   4.45   3.46   2.49   
1998 2.79   2.36   2.63   2.26   4.27   5.06   5.63   5.09   5.36   4.34   4.08   3.42   
1999 3.95   4.56   3.91   4.27   4.51   4.61   4.63   4.49  -0.46  -0.91  -1.78  -2.14   
2000 -1.58  -1.12  -1.23  -1.66  -1.89  -2.57  -3.00  -3.24  -2.95  -1.98  -2.13  -2.38   
2001 -2.82  -3.20  -3.64  -3.12  -4.00  -4.82  -5.10  -5.36  -5.05  -4.81  -4.02  -3.03   
2002 -2.80  -2.95  -2.42  -2.24  -2.49  -2.77  -3.01  -3.17  -3.04  -2.99  -3.22  -2.99   
2003 -3.58  -3.85  -3.99  -3.01  -2.75  -3.62  -4.33  -3.79  -3.90  -4.28  -4.01   0.95   
2004 0.70   1.28  -0.89  -1.02  -0.83  -1.10  -0.97  -0.66  -0.69  -0.18  -0.62  -0.27   
2005 -0.57  -0.87  -0.87   1.26   3.28   3.64   4.16   3.83   3.23   2.70   2.41   4.03   
2006 5.03   4.89   5.02   5.64   5.70   5.71   5.52   4.56   3.99   4.00   3.96   4.07   
2007 -0.53  -0.58  -1.30  -1.28  -2.02  -2.45  -2.99  -3.30  -3.04  -1.41  -1.85  -1.80   
2008 -1.85  -1.61  -1.55  -1.51  -1.60  -1.81  -1.98  -2.26  -2.53   0.23   0.08   0.72   
2009 0.66   0.45   0.33   0.68   0.58   2.14   2.42   2.12   1.47   2.27  -0.64  -0.58   
2010 -0.55  -0.81  -1.09   0.72   1.32   1.42   1.33   1.04   0.64   1.60   2.22   3.01   
2011 2.70   2.36   3.15   3.44   4.42   4.66   5.51   5.19   4.36   4.73  -0.40  -0.94   
2012 1.02   0.61   1.03  -0.30  -0.33  -0.77  -0.76  -0.75  -1.05  -0.84  -1.16   0.98   
2013 0.00  -0.82 -99.99 -99.99 -99.99 -99.99 -99.99 -99.99 -99.99 -99.99 -99.99 -99.99   
