1895 -0.10  -0.35  -0.84  -1.29  -1.61  -2.06  -2.03  -2.19  -2.07  -2.61  -2.78  -2.08   
1896 -2.10  -1.87  -2.12   0.23   0.48   0.33   1.25   1.05   1.99   1.83   2.21   1.55   
1897 2.75   2.42   2.77   3.18  -0.78  -0.75  -0.69  -1.54  -2.33  -3.08  -3.49  -3.61   
1898 0.52   0.92   1.37   1.30   1.63  -0.04  -0.84   0.24   0.23   0.99   1.06  -0.24   
1899 -0.43  -0.21  -0.04  -1.08   1.23  -0.24  -0.44  -0.67  -1.07  -0.96  -1.63  -1.68   
1900 -1.93   0.91   0.84  -0.84  -0.95  -0.91   1.08   1.35   1.70   2.12   2.20  -0.30   
1901 0.05   0.12   0.32  -0.94  -1.36  -1.46  -1.63  -2.50  -2.52  -2.40  -2.89  -3.02   
1902 -3.08  -2.84  -2.56  -2.65   0.10   1.62   3.05   3.53   3.69   3.32   3.19   3.36   
1903 2.62   2.46   1.64   1.91   1.48   1.10   1.59   2.21   2.57   2.51   2.08   1.84   
1904 1.79   1.57   1.97   1.86   1.56   0.97   1.36   1.50   2.08   2.09  -0.51  -0.45   
1905 -0.47  -0.32  -0.48   0.17   0.33   0.47   0.41   0.48  -0.46   0.38   0.45   0.38   
1906 1.07   1.35   1.36  -0.48  -0.32  -0.48  -0.83   0.04   0.44   0.55   1.09   1.37   
1907 2.31   1.72   1.06   0.88   0.88   1.14   2.21   3.24   3.03   2.36   2.19   2.10   
1908 1.71   2.30   1.84   1.47   3.42  -0.05   0.06  -0.41  -1.31  -2.08  -2.37  -2.78   
1909 0.06   0.58   0.36   1.97   1.63   1.64   1.62   1.17   1.30   1.18   2.04   2.46   
1910 2.58  -0.14  -1.65  -1.94  -1.43  -1.90  -2.54  -2.67  -2.32  -2.34  -2.80  -3.20   
1911 -3.17  -2.46  -2.84  -2.28  -2.38  -2.86  -3.31   0.02   1.92   2.78   3.10   3.12   
1912 2.40   2.05   1.79   1.46   1.40   1.04   1.57   1.82   1.63   1.74   1.70   1.46   
1913 1.34   1.24   1.47   1.21   1.65  -0.40  -0.98  -1.37  -1.65  -1.38  -1.75  -2.37   
1914 -2.25  -2.09  -2.13  -2.39  -2.35  -2.17  -2.73  -3.02  -2.22  -2.22  -2.85  -2.89   
1915 -2.45  -1.50  -1.99  -2.96   1.41   1.66   3.03   3.55   4.00   3.15   2.90   2.61   
1916 3.78  -0.22  -0.34  -0.95  -0.54  -0.15  -1.35  -1.34  -1.25  -0.81  -0.93  -0.89   
1917 -0.78  -1.10  -1.14   0.50   0.65   1.60  -0.38  -0.81  -0.82  -0.08  -0.63  -1.01   
1918 0.14   0.26  -1.09   0.50   1.30   1.37  -0.28   0.13   0.08   0.18   0.22   0.42   
1919 -0.41   0.54   0.67   0.72   1.03   1.21  -0.49  -0.88   0.37   1.41   2.09   1.54   
1920 1.26   0.82   1.21   1.78   2.11  -0.47  -0.74  -1.28  -1.69  -2.10  -2.78  -2.74   
1921 -3.23  -3.56  -3.64  -3.04  -3.41  -3.64  -4.19   0.26   1.18   1.11   0.86   1.16   
1922 0.96   1.33   1.58  -0.02  -0.02  -0.87  -0.48  -1.16  -1.73  -2.14  -2.22  -2.65   
1923 -2.95  -3.11  -2.31  -2.57  -2.55  -2.48  -3.03   0.49   0.95   1.27   0.89   0.87   
1924 0.82   0.87  -0.01  -0.64  -0.88   1.20   1.15   2.26   2.18  -0.67  -0.98  -0.68   
1925 -0.95  -0.63  -1.11  -1.82  -2.48  -1.84  -1.88  -1.98  -1.72  -1.29  -1.43  -1.37   
1926 -1.17  -0.64  -0.82  -0.89  -1.44   0.47   0.44   0.60   3.00   3.12   4.11   3.63   
1927 3.06   2.75   2.33   2.78   3.50   3.02   2.41   2.10   2.51   2.64   2.97   3.01   
1928 2.32   2.38   1.75   1.42   0.72   1.31   1.31   1.35   1.31   1.94   2.65   2.50   
1929 3.03   2.56   2.02   2.48  -0.35   0.09   0.33  -0.16  -0.27  -0.14  -0.39  -0.59   
1930 -0.21  -0.05  -0.61  -0.66  -1.18  -0.92  -2.00  -2.59  -2.81  -2.83  -3.23  -3.96   
1931 -4.41  -4.85  -4.99  -5.06  -4.38  -4.45  -4.69  -4.63   0.22   0.99   1.99   2.25   
1932 2.07   1.77   1.93  -0.76  -0.78  -0.72  -0.90  -0.65  -1.18   0.37  -0.39   0.23   
1933 0.43   0.19   0.53   0.15   1.68  -1.24  -1.30  -1.87  -2.21  -2.52  -3.58  -4.28   
1934 -4.83  -5.25  -6.10  -6.58  -7.81  -7.97  -7.56  -7.38   0.72  -0.66   1.44   1.31   
1935 1.62   1.66   1.44   0.91   1.99   2.90   2.64   2.41   2.14   1.51   2.45   2.02   
1936 1.89   1.98  -0.80  -1.23  -2.20  -2.57  -4.09  -3.83   1.35   1.33   0.98   1.55   
1937 2.44   2.35   1.84   2.08   1.88   2.07  -0.67  -1.03  -1.61  -1.48  -1.99  -2.39   
1938 0.60   0.94   0.99   0.51   1.15   1.95   2.91   3.03   3.64   2.80   2.68   2.29   
1939 2.34   2.48  -0.08   0.12  -0.74  -0.74  -1.01  -0.93  -1.88  -2.08  -3.05  -4.02   
1940 -4.26  -4.34  -4.82  -4.43  -4.32  -3.83  -3.97  -3.28  -3.77  -3.62  -3.57  -3.47   
1941 0.66   0.48   0.36   0.16   0.28   0.91   0.74   0.00   1.19   3.25   3.02   2.75   
1942 2.33   2.34  -0.44  -1.55   0.16   0.14   0.44   0.65   0.89   0.47   0.96   1.67   
1943 1.83   1.68   1.63   2.04   2.40  -0.43  -0.58  -0.39  -0.87  -1.10  -1.35  -2.01   
1944 -2.23   0.41   1.58   1.93   1.97  -0.08  -0.46  -0.75  -1.10  -1.66  -1.76  -1.97   
1945 -2.23  -2.05  -2.15   0.23   1.60   1.93  -0.86  -1.11   0.83   0.27   0.16   0.31   
1946 0.99  -0.17  -0.04  -1.13   0.19   0.63  -0.91  -0.70  -0.73  -1.06   0.09   0.05   
1947 0.44  -0.49  -0.44   1.06   1.18   1.95   1.92  -0.89  -0.82  -1.53  -1.52  -1.64   
1948 -1.77   0.52   1.30  -0.91  -0.70  -1.08  -0.77  -1.18  -1.50  -1.77  -2.06  -1.99   
1949 0.69   0.92   0.91  -0.63  -1.50  -1.42  -1.47  -1.38  -1.70  -1.94  -2.76   0.08   
1950 0.62   0.88   0.46   1.61   0.66   1.54   1.89   1.71   1.67  -0.69  -0.99  -1.09   
1951 -0.03   0.77   1.43   1.55   1.70   2.06   3.20   3.59   3.35   3.71   4.05   3.87   
1952 3.73   3.01   3.63  -0.60  -0.65   0.14   0.66   0.73  -0.79  -1.49   0.18   0.28   
1953 0.22   0.77   0.83  -0.29  -0.55  -0.69  -0.44  -1.24  -1.58  -2.35  -3.27  -3.31   
1954 -3.78  -3.65   0.13   0.53   0.30   0.49   0.10   0.83   0.36   1.96   1.76   1.94   
1955 1.81   2.03  -0.30  -0.12  -0.51  -0.25  -1.24  -1.72  -2.06  -1.50  -2.11  -2.68   
1956 -3.20  -3.13  -3.75  -3.32  -2.90  -3.75  -2.88  -2.16  -2.85  -3.61  -3.51  -3.75   
1957 -3.59  -3.09  -2.81  -2.45  -1.93  -2.42  -1.89  -1.71  -2.15  -2.11  -1.87  -0.92   
1958 -0.88  -1.18  -1.91  -2.09  -2.55   0.83   1.53  -0.15  -0.35  -0.48  -0.65  -1.12   
1959 -0.02   0.38   0.89   1.21  -0.22  -0.75   0.53   0.21   0.35   1.59   1.75   2.07   
1960 3.09   3.15   2.59   2.84   2.98   2.78   2.25   2.08   1.56   2.09  -0.17  -0.51   
1961 -0.94  -0.99  -0.12  -0.24  -0.78  -1.42   1.01  -0.39   1.97   2.59   3.29   2.97   
1962 2.99   2.87  -0.01  -0.41  -0.11  -0.82   0.90  -0.66  -1.00  -0.94  -1.56  -2.27   
1963 -2.63  -2.92  -2.72  -2.33  -2.71  -3.42  -2.55  -2.71  -2.95  -3.82  -4.25  -4.74   
1964 -5.03  -5.22  -4.69  -3.29  -3.75  -3.29  -2.93  -3.15  -2.99  -3.62  -3.73  -3.99   
1965 0.82   0.67   0.95   2.01   1.54   0.67   0.81   2.46   3.66   3.05   2.83   3.31   
1966 3.12   2.80   2.01   2.24   2.78  -0.13  -0.60  -1.43  -1.79  -1.75  -1.78  -1.58   
1967 -1.33  -1.31  -1.37   0.83   0.28   0.76   0.79   0.96   0.87   1.86   2.20   2.04   
1968 -0.18  -0.51  -1.08  -1.02  -1.19  -1.11  -1.27  -1.75   0.89   0.28   0.50   1.00   
1969 1.41  -0.49  -0.75  -0.83  -0.77   1.40   2.58   1.82   1.23   2.15  -0.16  -0.18   
1970 -0.50  -0.75  -0.74   0.16   1.53   1.87   2.07   1.73   3.90   3.75   3.39   3.04   
1971 2.70   3.02  -0.09  -0.75  -1.13  -1.44  -1.21  -1.86  -2.21  -2.59  -2.88   0.96   
1972 0.65   0.42   0.68   1.39   1.29   2.02   2.61   3.67   3.98   4.03   3.93   3.87   
1973 3.71   3.53   4.03   5.27   5.90   5.38   4.75   3.55   3.80   3.68   3.23   3.85   
1974 4.59   4.34   3.94   3.54   5.23   6.06  -0.74  -1.07  -1.60  -1.76  -1.83  -1.90   
1975 0.13   0.65   0.92   1.25  -0.43  -0.50  -0.90  -0.79  -1.10  -1.78  -1.82  -1.88   
1976 -2.17  -2.00   1.03   1.17   1.15  -0.75  -1.29  -2.03  -2.39  -2.24  -3.01  -3.84   
1977 -4.41  -4.64  -4.00  -4.36  -4.74  -4.49   0.12   1.31   1.73   2.41   2.86   0.03   
1978 -0.24  -0.60  -1.12  -0.83  -0.32  -0.40  -0.02  -0.63  -0.47  -0.82   0.05   0.39   
1979 0.98   0.83   1.31   1.71   1.00   0.66   0.62   2.14  -0.82   0.01   0.21   0.68   
1980 -0.10  -0.03  -0.36  -0.38  -0.72   0.17   0.11   1.66   2.08   1.91   1.44   1.72   
1981 0.99   1.60   0.59   1.25   0.75   1.31   1.05   2.82   3.03   3.14   3.03   2.46   
1982 2.43   1.76   2.13   2.05   1.69   1.65   3.36   3.07   2.38   2.42   3.28   4.24   
1983 3.44   3.17   3.05   3.32   3.13  -0.52  -0.93  -1.60  -1.26  -1.29   0.68   0.91   
1984 0.57   0.34   0.44   0.68   1.00  -0.20  -0.20  -1.02  -1.30   1.04   1.31   1.68   
1985 1.56   2.18   2.73  -1.03  -1.48  -1.70  -1.80  -1.76  -2.04   1.02   3.09   3.00   
1986 2.30   2.65   1.64   0.83   1.28   1.29   1.58   1.28   2.24   2.64  -0.03  -0.15   
1987 -0.30  -0.72  -0.83  -1.50  -1.45  -2.03  -2.54   2.44   1.94   1.45   1.70   2.64   
1988 2.64  -0.20  -0.34  -0.77  -1.51  -2.84  -4.03  -4.32  -4.75  -4.43  -4.01  -4.07   
1989 -4.13  -3.97  -3.76  -3.83  -3.96  -3.81  -3.65   0.56   1.39   0.94   0.63   0.20   
1990 0.35   0.64   1.47   1.07   1.95   3.68   3.75   4.33   3.25   3.10   3.34   3.52   
1991 3.06   2.37   3.41  -0.39  -0.46  -1.19  -2.44  -2.96  -2.90   0.72   1.63   1.53   
1992 1.31   1.36  -0.54  -0.50  -1.60  -2.43   2.12   1.67   2.49   1.88   3.42   3.88   
1993 4.00   3.53   3.97   4.46   3.85   5.82   5.78   6.18   6.32   5.43   5.01   4.51   
1994 4.02   4.30   3.15   2.19   1.16   1.88   1.53   1.86   1.58   1.07   2.04   1.94   
1995 2.22   1.66   1.03   1.84   3.15  -0.75  -0.63  -0.86  -1.25  -0.83  -0.18  -0.61   
1996 -0.37  -0.54  -1.08  -1.14   2.11   2.05   2.42   2.23   1.67   1.82   1.53   1.35   
1997 1.33   2.59  -0.52  -0.90  -0.38  -0.65  -1.31   0.61  -0.14  -0.44  -0.65  -0.72   
1998 0.55   1.07   1.87   2.28   1.63   2.49   1.85   1.92   1.66   2.93   2.85   2.46   
1999 3.00   2.59   1.90   2.74   2.28   2.50  -0.24  -0.33  -0.03  -0.50  -1.44  -1.45   
2000 -1.39   0.80  -0.76   0.40   0.59   1.84   2.04   1.63   1.91   1.28   1.13   1.26   
2001 1.49   2.65   2.03   1.61   2.06   1.61   1.18   0.89   1.35   1.99   1.73   1.41   
2002 1.15   1.23   0.97   1.24   1.53   1.95   1.46   2.00  -0.77  -0.43  -1.03  -1.39   
2003 -1.81  -2.07  -2.31  -2.39  -1.33  -1.60  -0.94  -1.79  -1.74  -2.04   0.05   0.50   
2004 0.23   0.13   0.79  -0.72   1.22  -0.31  -0.62  -0.13  -0.96   0.51   0.69   0.45   
2005 1.21   1.23  -0.55  -1.40  -1.87  -2.88  -3.57  -3.65  -3.99  -4.61  -4.85  -5.29   
2006 -4.76  -4.75  -3.87  -3.24  -3.32  -3.44  -3.14  -2.70  -2.65   0.14   0.27   0.60   
2007 0.44   0.63   1.08   1.23  -0.96  -0.92   0.84   2.13  -0.63  -0.76  -1.31   0.72   
2008 0.76   2.00   1.59   1.95   2.26   2.65   3.04   2.43   3.81   3.58   3.20   4.14   
2009 3.50   3.71   4.83   4.91   4.63   4.78   5.48   6.35   5.32   6.35   5.59   5.86   
2010 5.31   4.65   3.97   3.35   3.60   4.67   5.41   5.32   4.83   4.30   3.78   3.62   
2011 3.03   3.40   3.08   3.26   3.39   3.01   3.62   3.27   3.04   2.25   2.69   2.93   
2012 -0.16  -0.09  -0.96  -1.10  -1.51  -2.18  -3.37  -3.50  -3.79  -3.37  -4.02  -3.93   
2013 -3.05  -2.00 -99.99 -99.99 -99.99 -99.99 -99.99 -99.99 -99.99 -99.99 -99.99 -99.99   
