1895 0.10  -0.37  -0.83  -1.44  -1.77  -2.69  -2.81  -2.95  -2.78  -3.25  -3.15   0.54   
1896 -0.20  -0.02  -0.59  -0.63  -0.62  -0.57   0.57   1.15   2.26   1.84   2.06   1.27   
1897 2.65   2.32   2.57   2.80  -0.22  -0.15  -0.20  -0.90  -1.70  -2.42  -2.30  -2.34   
1898 0.81   1.19   1.72   1.42   1.73  -0.09  -0.73   0.05   0.11   0.84   0.76   0.42   
1899 0.23   0.42   0.60  -1.11   0.84  -0.35  -0.53  -0.92  -1.32  -1.19  -1.94  -2.11   
1900 -2.47   1.14   1.15   0.15   0.20   0.09   1.09   1.34   1.61   1.41   1.52  -0.33   
1901 0.08   0.10   0.24  -0.89  -1.18  -1.21  -1.40  -2.04  -2.31  -1.98  -2.52  -2.65   
1902 -2.96  -3.00  -2.61  -2.73  -2.75   1.50   2.38   2.34   2.61   2.45   2.27   2.46   
1903 1.97   2.20  -0.73  -0.23  -0.90  -1.05   0.46   1.10   1.54   1.51   1.13   1.07   
1904 1.22   1.24   1.85   1.73   1.50   0.74   0.88   0.78   1.58  -0.10  -0.81  -0.98   
1905 -0.98  -0.94  -1.01   0.06   0.18   0.48   0.55   0.83   0.29   0.72   0.55   0.49   
1906 1.11   1.31  -0.05  -0.61  -0.69  -0.75  -1.30   0.05   0.46   0.50   0.82   1.18   
1907 2.30   1.49   1.04   1.07   1.19   1.13   1.91   2.33   2.16   1.71   1.50   1.53   
1908 1.22   2.39   1.95   1.76   3.31  -0.60  -0.74  -1.13  -2.02  -2.88  -3.33  -3.78   
1909 -3.56   0.87   0.54   2.14   1.83   1.54   1.35   0.96   1.11   1.28   1.56   2.07   
1910 2.07   1.92  -1.45  -1.60  -0.79  -1.57  -2.20  -2.40  -2.00  -1.65  -1.98  -2.35   
1911 -2.25  -1.95  -2.33  -1.84  -2.13  -2.27  -2.50  -2.40   2.35   2.91   3.20   3.02   
1912 2.35   2.03   1.52   1.34   1.42   0.82   1.51   2.04   1.84   1.92   1.72   1.46   
1913 1.45   1.24   1.43  -0.13  -0.23  -0.71  -0.48  -0.64  -0.89  -0.68  -0.94  -1.75   
1914 -1.47  -1.19  -1.43  -1.62  -1.64  -1.46  -2.02  -2.03  -1.55  -1.97  -2.79  -3.07   
1915 -3.00  -2.70  -3.11  -3.99   0.75   1.05   1.95   2.69   3.14   2.18   1.82   1.61   
1916 2.75   2.18   1.93   1.14   1.50   2.20  -1.19  -1.46  -1.46  -1.25  -1.69  -1.82   
1917 -2.03  -2.41  -2.51   0.44   0.78   1.76  -0.31  -0.73  -0.79   0.86  -0.70  -1.16   
1918 -1.16  -0.84  -1.73  -1.07  -0.66  -0.76  -0.95  -0.95  -0.83  -0.73  -0.94  -0.88   
1919 -1.31   0.14   0.43   0.39   0.89  -0.21  -0.52  -1.05   0.25   1.44   1.76  -0.40   
1920 -0.64  -0.99   0.35   0.90   1.07  -0.16  -0.56  -1.12  -1.66  -2.13  -2.88  -2.76   
1921 -3.32  -3.68  -3.46  -2.80  -3.32  -3.79  -4.32   0.37   1.32   1.35   1.38   1.75   
1922 1.39   1.28   1.56   1.68  -0.11  -0.56  -0.59  -1.13  -1.79  -1.93  -2.32  -2.82   
1923 -3.26  -3.33  -2.50  -2.73  -2.29  -2.49  -2.75   0.28   0.63   1.13  -0.43  -0.40   
1924 -0.23  -0.14  -0.31  -0.86   0.07   0.79   0.62   1.33   1.27  -0.77  -1.30  -1.19   
1925 -1.54  -1.18  -1.46  -2.07  -2.55  -2.34  -2.05  -2.05   0.23   0.35   0.20   0.07   
1926 0.00   0.51  -0.06  -0.09  -0.74   0.42   0.35   0.59   3.28   3.26   3.88   3.31   
1927 2.71   2.41   1.84   2.33   3.05   2.57   2.38   1.90   2.47   2.44   2.93   3.05   
1928 2.53   2.37   1.85   1.74   1.20   1.66   1.50   1.44   1.31   1.70   1.91   1.89   
1929 2.44   1.75   1.38   2.25   2.27   2.29   2.29  -0.12  -0.25   0.30  -0.25  -0.42   
1930 0.39   0.55  -0.42  -0.66  -1.18  -1.13  -1.87  -2.52  -2.58  -2.71  -3.31  -4.25   
1931 -4.85  -5.29  -5.46  -5.74  -4.97  -4.20  -4.36  -4.24   0.03   0.48   1.09   1.23   
1932 1.51   1.33   1.43  -0.84  -0.98  -1.22  -1.24  -0.95  -1.41   0.62   0.27   0.63   
1933 0.74   0.56   0.69   0.80   1.74  -1.08  -1.53  -1.91  -2.21  -2.09  -2.82  -3.47   
1934 -3.94  -4.38  -5.12  -5.74  -7.05  -7.45  -8.09  -8.04  -6.90  -6.65   0.58   0.27   
1935 0.56   0.64   0.59   0.13   1.36   1.59   1.00   1.41   1.26   0.79   1.60  -0.14   
1936 -0.12  -0.11  -0.95  -1.19  -1.88  -2.65  -4.08   0.25   1.73   1.80   1.44   1.96   
1937 2.30  -0.05  -0.49   0.63   0.27   0.57  -0.79  -0.91  -1.37  -1.41  -1.98  -2.48   
1938 0.31   0.72   0.96   0.53   0.86   1.95   2.18   1.77   2.27  -0.48  -0.80  -1.08   
1939 -0.66  -0.04  -0.19  -0.19  -0.61  -0.27  -0.38  -0.79  -1.67  -1.35  -2.03  -2.82   
1940 -2.98  -3.05  -3.28  -3.06  -2.11  -2.04  -2.71  -1.63  -2.28  -2.06  -2.07  -2.21   
1941 -1.53  -1.47  -1.25  -1.54  -1.48  -1.66  -1.81  -2.17   1.10   3.47   3.35   2.90   
1942 2.43   2.66   2.46   1.26   1.13   0.73   0.68   1.10   1.49   1.11   1.54   1.78   
1943 1.99   1.68   1.51   1.59   2.58  -0.74  -0.86  -0.42  -0.90  -1.23  -1.46  -2.20   
1944 -2.54   0.21   1.29   1.52  -0.32  -0.62  -1.39  -1.89  -2.28  -2.95  -3.78  -4.35   
1945 -4.83  -4.85  -5.56   0.10   1.66   1.79   0.68   0.58   1.88   1.41   1.83   1.76   
1946 1.89  -0.22  -0.16  -1.24  -1.07  -0.93  -1.93  -2.34  -2.90  -3.02  -3.03  -3.00   
1947 -2.57  -2.86   0.08   1.42   2.04   2.15  -0.24  -0.78  -0.83  -1.29  -1.22  -1.40   
1948 -1.44   0.19   1.47  -0.92  -0.45  -0.64  -0.89  -1.50  -1.73  -2.29  -2.53   0.04   
1949 0.78   1.21   1.17  -0.57  -1.22  -1.24  -0.85  -1.22  -1.55  -1.65  -2.44   0.86   
1950 1.79   2.45   2.12   3.31   1.98   2.98   3.27  -0.45  -0.57  -1.22  -1.50  -1.41   
1951 0.11   0.65   0.93   1.05   1.22   1.14   1.84   1.91   2.25   2.39   2.98   3.11   
1952 2.95   2.20   2.70  -0.23  -0.25   0.26  -0.01  -0.18  -0.82  -1.42  -1.58  -1.60   
1953 -1.62  -1.47  -1.07  -1.04  -1.33  -1.30  -0.83  -1.54  -1.85  -2.56  -3.34  -3.36   
1954 -3.61   0.14   1.14   1.34   0.84   0.82   1.33   1.86   1.02   3.29   2.87   2.79   
1955 2.45   2.58  -0.17  -0.65  -0.67  -0.45  -0.94  -0.97  -1.43  -0.61  -0.78  -1.21   
1956 -1.66  -1.08  -1.58  -1.08  -1.09  -1.72  -1.61  -1.59  -2.35  -3.35  -3.92  -4.48   
1957 -4.23  -3.80  -3.77   0.65   1.02   1.18   2.23   2.47   1.84   1.92   2.14   2.23   
1958 -0.02  -0.47  -1.31  -1.61  -2.02   1.07   2.10   0.04  -0.23  -0.45  -0.74  -1.21   
1959 0.05   0.54   1.16   1.25  -0.11  -0.85  -0.14  -0.61  -0.87   0.61   0.75   0.95   
1960 1.82   2.28  -0.33  -0.31   0.05   0.31   0.50  -0.19  -0.72  -0.81  -1.30  -1.97   
1961 -2.66  -2.90  -2.47  -2.22  -2.52  -2.56  -2.22  -2.40   2.38   2.72   2.72   2.48   
1962 2.78   2.58  -0.09  -0.68  -0.91  -1.46  -0.78  -1.55  -2.02  -2.39  -3.14  -4.06   
1963 -4.60  -4.93  -5.09  -4.56  -4.55  -4.71  -3.56  -3.60  -3.58  -4.36  -4.69  -5.16   
1964 -5.37  -5.57  -5.07  -3.92  -4.36  -4.25  -3.40  -3.58  -3.26  -3.82  -3.75  -3.82   
1965 1.13   1.15   1.44   1.84  -0.75  -1.40  -1.33   1.28   2.04   1.73   1.47   2.17   
1966 1.94   1.91   1.53   2.04   2.53  -0.66  -0.82  -1.46  -2.14  -2.22   0.33   0.44   
1967 0.80   0.77   0.63   1.24   0.61   1.35   1.11   0.78   0.82   1.56   1.72   1.97   
1968 -0.07  -0.23  -1.07  -1.38  -1.44   0.89   0.63   0.91   1.01  -0.56   0.49   0.98   
1969 1.11  -0.61  -0.77   0.26   0.08   1.51   2.41  -0.76  -1.07   1.04   0.85   0.72   
1970 0.39   0.03   0.03   0.61   1.31   2.27   2.11   1.43   2.91   3.13   3.18   2.78   
1971 2.37   2.55  -0.16  -1.08  -1.58  -2.07  -1.96  -2.14  -2.43  -3.11  -3.56   0.89   
1972 0.61   0.29   0.76   1.05   0.68   1.52   2.02   3.74   4.45   4.57   4.62   4.68   
1973 4.14   3.57   3.71   4.03   4.41   3.67   3.15   1.98   2.02   2.07   1.58   2.10   
1974 2.80   2.93   2.67   2.60   3.63   4.18   3.51   2.76   2.07   1.49   1.24   1.01   
1975 1.65   1.99   1.75   2.52   2.54   2.82   2.09   2.38   1.70   1.21   1.03   1.11   
1976 0.78   0.90   2.12   2.03   2.18  -0.47  -0.65  -1.24  -1.63  -1.57  -2.25  -3.01   
1977 -3.59  -3.97  -3.70  -3.85  -4.25  -3.76  -3.59   0.87   1.86   2.11   2.13   2.06   
1978 1.83   1.21   0.70   0.97   1.01   1.24   2.19   1.92   2.29   1.90   1.90   2.36   
1979 2.92   2.54   3.16   3.76   2.80   2.68   2.51   4.02   2.85   2.33   2.37   2.46   
1980 1.93   1.65   1.30   1.11   0.83   0.84   0.81   1.76   2.77   2.82   2.32   2.53   
1981 1.65   1.84   0.81   1.26   1.53   2.17   2.27   3.10   3.03   2.68   2.47   2.02   
1982 2.25   1.73   2.38   2.30   1.89   1.57   3.01   2.67   2.08   1.73   2.73   4.28   
1983 3.41   3.18   3.23   4.13   4.46   3.83   3.48   2.88   2.76   2.70   3.32   3.54   
1984 2.95   2.87   3.10   3.13   3.23   2.49   1.71   0.83   0.69   0.86   1.01   1.32   
1985 1.47   2.02   2.57  -0.86  -1.35  -1.69  -1.50  -1.32  -1.59   0.74   2.83   2.63   
1986 1.88   2.37  -0.66  -1.45   0.17   0.35   0.70   0.38   1.82   2.21   2.12  -0.19   
1987 -0.12  -0.73  -1.11  -1.22  -1.10  -1.45   0.01   2.61   2.31   1.99   2.22   3.25   
1988 3.15   0.00  -0.10  -0.37  -1.20  -2.43  -3.08  -3.26  -3.64  -3.11  -2.16  -1.89   
1989 -1.99  -1.92  -2.06  -2.50  -2.61  -2.50   0.66   0.99   1.47  -0.27  -0.12  -0.51   
1990 0.35   0.94   1.07  -0.55   1.35   1.81   2.21   2.93   2.30   2.83   3.93   3.85   
1991 3.41   2.66   2.88   2.80   2.85  -1.23  -2.44  -2.94  -2.95   1.71   2.25   2.07   
1992 -0.12  -0.10  -0.16  -0.47  -1.55  -2.33   0.85   0.65   1.22   0.67   1.79   2.23   
1993 2.86   2.43   2.58   3.14   2.27   4.35   4.18   4.20   4.46   4.07   3.80   3.30   
1994 3.10   3.45  -0.70  -1.18  -1.90  -1.45  -1.45  -0.87  -1.26  -1.56   0.84   0.89   
1995 1.56  -0.38  -0.73   0.91   1.39  -0.92  -1.05  -1.12  -1.63   0.54   1.06  -0.39   
1996 -0.37  -0.61  -1.09  -1.03   1.52   1.84   3.80   3.05   2.56   2.35   2.01   1.75   
1997 1.78   3.46  -0.42  -0.83  -0.45  -0.67  -1.00  -0.45  -0.78  -0.85  -1.07  -1.22   
1998 0.65   0.69   0.94   1.02   0.78   1.41  -0.36  -0.26  -0.62   0.85   0.55   0.42   
1999 1.46   1.16   0.65   1.57   1.38   2.06  -0.57  -0.72  -0.58  -1.07  -2.10  -2.08   
2000 -2.10  -1.90  -2.51   0.37   0.63   1.79   2.37   1.94   2.24   1.82   2.27   2.28   
2001 2.00   2.49  -0.52  -0.76  -0.72  -0.85  -0.95   0.30   0.94   2.66   2.22   1.80   
2002 1.60   1.35   1.23   1.33   1.77  -0.18  -1.04   0.44  -0.53  -0.69  -1.37  -1.97   
2003 -2.64  -3.17  -3.66  -3.86   1.16   0.46   1.61   1.12   0.85   0.62   1.51   1.59   
2004 -0.26  -0.50   0.65  -0.79   1.30   1.28   0.91   1.63   0.72   0.75   1.03   0.98   
2005 2.20   2.31  -0.48  -1.15  -1.47  -2.55  -2.79  -3.11  -3.45  -4.06  -4.23  -4.67   
2006 -4.15  -3.92   0.26   0.12   0.18   0.08   0.12   0.46   0.93   1.98   2.27   2.67   
2007 2.65   2.72   2.80   2.92   1.66   1.16   1.51   4.05   3.18   2.77   2.09   2.41   
2008 2.58   3.60   3.01   2.72   2.75   2.62   2.97   2.37   4.51   4.27   3.68   4.86   
2009 4.18   4.49   5.36   5.52   5.35   5.47   4.93   5.33   4.32   5.75   4.96   5.22   
2010 4.50   4.01   3.18   2.27   2.66   3.64   4.22   3.65   3.22   2.45   1.89   1.66   
2011 1.30   1.95   1.78   2.33   2.87   2.92   3.35   3.53   3.62   3.22   3.55   3.59   
2012 0.02  -0.05  -0.93  -1.29  -1.66  -2.33  -2.93  -2.91  -3.23  -2.67  -3.28  -3.38   
2013 -2.25  -1.37 -99.99 -99.99 -99.99 -99.99 -99.99 -99.99 -99.99 -99.99 -99.99 -99.99   
