1895 -0.21  -0.44  -0.90  -1.47  -1.73  -1.86   1.17   1.68   1.68   1.10   1.42   2.83   
1896 2.50   2.35   1.62   1.38   1.88   1.64   2.43   2.23   3.23   2.85   2.92   2.21   
1897 3.67   3.18   3.85   3.62  -0.68  -0.29  -0.31  -0.78  -1.80  -2.84  -2.91  -2.83   
1898 0.68   0.87   2.09   2.01   2.66   2.41   2.22   2.37   2.72   3.09   3.08   2.73   
1899 2.37   2.29   2.08   1.24   2.23   1.88   1.92  -0.21  -0.46  -0.35  -0.57  -0.58   
1900 -0.65   0.85  -0.14  -0.74  -0.78   0.08   0.20   0.48   0.64  -0.33  -0.53  -1.04   
1901 -0.03   0.18   0.39  -0.78  -1.36  -1.44  -1.96  -2.72  -3.10  -3.42  -3.79  -3.89   
1902 -4.19  -4.27  -4.06  -3.89  -3.75   1.57   2.22   3.77   3.93   3.50   3.54   3.54   
1903 3.04   2.81   2.16   2.23   1.62   1.13   1.03   1.54   1.80   1.59   1.22   1.11   
1904 1.49   1.04   1.85   2.03   1.68   1.38   2.17   2.86   3.58   2.56   1.86   1.35   
1905 1.26   1.28   0.81   0.83   0.67   0.71   1.66   1.33   0.89   1.31   1.27   1.07   
1906 1.79   2.17   2.26  -0.47  -0.74  -0.85  -1.05  -1.06   0.51   0.17   0.64   0.87   
1907 2.16   1.63   1.10   1.03   1.31   1.72   2.41   3.03   2.68   2.07   2.02   1.97   
1908 1.81   2.42   1.92   2.01   3.33   3.08   2.93   3.24   2.11   1.40   1.34   0.75   
1909 0.98   1.33   0.98   1.83   1.67   1.84   2.38   1.45   1.59   1.43   1.96   2.32   
1910 2.26  -0.21  -1.70  -1.88  -0.93  -1.48  -1.37  -1.20  -0.74  -1.04  -1.38  -1.75   
1911 -1.82  -0.97  -1.51  -0.96  -1.75  -2.51  -2.82  -2.62   2.21   1.98   2.30   2.30   
1912 1.77   1.71   1.77   1.78  -0.20  -0.34  -0.52  -0.87  -1.12  -0.57  -0.71  -1.26   
1913 0.17   0.14   0.77  -0.25  -0.47  -0.92  -1.95  -2.60  -2.84  -2.53  -2.64  -3.03   
1914 -2.95  -2.63  -2.65  -2.93  -3.28  -3.18  -3.72  -4.26  -3.68  -3.23  -3.73  -3.76   
1915 -3.38  -2.34  -2.78  -3.41   1.40   1.58   2.92   3.47   3.74   2.64   2.45   2.32   
1916 4.12  -0.32  -0.61  -1.06  -0.68  -0.12  -1.27  -1.34  -1.46  -1.26  -1.43  -1.57   
1917 -1.72  -2.20  -2.30   0.47   0.59   1.41  -0.22  -0.24  -0.31  -0.39  -0.84  -1.35   
1918 -1.39  -1.31  -2.34   0.88   1.11   1.10   0.51   0.38   0.57   0.80   0.89   1.12   
1919 0.56   1.06   0.04  -0.44   0.72   1.25  -0.66  -0.69   0.19   1.02   1.40  -0.45   
1920 -0.57  -0.84   0.64   0.88   1.41  -0.49  -0.77  -0.78  -1.06  -1.46  -2.06  -2.18   
1921 -2.45  -2.90  -2.56  -1.80  -2.37  -2.52  -3.21   0.29   1.25   0.98   0.84   0.83   
1922 0.71   0.40   1.28   1.71  -0.19  -1.28  -0.84  -1.10  -1.58  -1.85  -1.68  -2.03   
1923 -2.24  -2.51  -1.63  -1.98  -1.78  -1.55  -2.05   0.52   0.87   1.39   1.33   1.29   
1924 -0.03   0.11  -0.04  -0.39   0.03   1.56   2.03   2.39   2.24  -0.44  -0.54  -0.01   
1925 -0.23  -0.17  -0.67  -1.17  -1.69   0.78   0.21   0.29   0.33   0.98   1.14   1.03   
1926 1.01   1.02  -0.15  -0.06  -0.86  -0.54  -0.58  -0.73   2.34   2.31   3.05   2.60   
1927 2.53   2.27   2.35   3.25   4.03   3.61   3.17   3.20   3.59   3.94   4.18   4.09   
1928 3.46   3.47   2.54   2.21   1.47   2.31   2.05   2.08   1.83   2.24   2.75   2.67   
1929 3.17   2.71   2.28   2.44   2.70   2.64   2.86   2.60   2.10   2.21   1.92   1.74   
1930 2.48  -0.20  -0.82  -0.93  -1.48  -1.17  -2.22  -2.58  -2.67  -2.58  -2.68  -3.29   
1931 -3.86  -4.16  -3.98  -4.00   0.46   0.57   0.37   0.37   0.99   0.95   1.52   1.71   
1932 1.64  -0.10  -0.22  -1.17  -1.56   0.46   0.73   2.21   1.96   1.99   1.94   2.82   
1933 2.97   2.43   2.14   1.51   2.53  -0.61  -1.32  -1.62  -2.18  -2.52  -3.48  -4.03   
1934 -4.64  -5.20  -5.68  -5.94  -6.63  -7.13  -7.69  -7.96   1.01   0.38   1.47   1.30   
1935 1.44   1.60   1.42   1.15   3.16   3.79   3.70   3.09   2.75   2.08   2.78   2.37   
1936 2.24   2.47  -0.76  -1.28  -1.85  -2.74  -4.07  -5.12  -3.56  -3.24  -3.40  -3.03   
1937 -1.66  -1.66  -2.14  -1.87  -2.13  -2.43  -2.12  -2.25  -2.77  -2.83  -3.12  -3.29   
1938 0.71   0.89   1.08   1.07   1.72   1.89   1.81  -0.04  -0.50  -1.14   0.10  -0.14   
1939 0.05   0.27   0.62   1.18  -0.55   0.32   0.24   1.64  -1.02  -1.28  -1.64  -2.11   
1940 -2.05  -2.04  -1.82  -1.61  -1.97  -2.28  -2.78  -2.07  -3.01  -3.02  -3.11  -3.36   
1941 -2.59  -2.62  -3.04  -2.77  -2.92  -2.19  -2.44  -2.59   0.70   3.67   3.41   3.11   
1942 2.59   3.42   2.64   2.22   2.24   2.13   2.17   1.66   1.56   0.86   1.69   2.33   
1943 2.13   1.66   1.14   1.06   2.19   2.03   1.97   1.89  -0.57  -0.56  -0.80  -1.07   
1944 -1.46   0.28   1.46   2.85  -0.26  -0.85  -1.41  -1.08  -0.77  -0.99  -0.70  -0.86   
1945 -0.89  -0.86   0.76   1.12   1.88   2.72  -0.72  -1.57   1.29   0.68   0.49   0.64   
1946 1.17  -0.39  -0.69  -1.11   0.47   1.01  -0.69   0.58   0.31   0.54   1.18   1.36   
1947 1.36   0.68   0.64   1.52   1.62   3.95  -0.41  -1.48  -1.50  -1.76  -1.73  -1.76   
1948 -1.75   0.24   1.19  -0.75  -1.14  -1.39   1.39  -0.44  -0.75  -1.02  -1.28  -1.39   
1949 1.24   1.43  -0.07  -0.58  -1.14  -0.95  -0.84  -1.21  -1.20  -1.17  -1.89   0.48   
1950 1.35   1.58   0.95   1.57   0.71   1.38   1.86   1.73  -0.53  -1.40  -1.70  -2.32   
1951 -2.49   0.79   1.80   1.57   1.02   1.23   1.56   1.62   1.36   1.31   1.43   1.26   
1952 0.99   0.93   1.39   1.14   1.29  -0.08  -0.36  -0.05  -0.55  -1.07  -1.10  -1.23   
1953 -1.33  -1.08  -0.58  -0.75  -1.21  -1.49  -1.84  -2.77  -3.11  -3.49  -4.34  -4.79   
1954 -5.34  -5.38  -5.24  -4.12  -3.99  -3.74  -4.01  -3.06  -3.42   0.59   0.35   0.34   
1955 0.86   1.51   0.94   0.82   1.25   1.44  -0.74  -0.91  -1.19   0.52  -0.52  -1.25   
1956 -1.86  -2.00  -2.83  -2.94  -3.23  -3.43  -2.51  -1.35  -2.17  -2.94  -3.14  -3.12   
1957 0.05   0.11  -0.10   0.86   1.12   1.20  -0.24  -0.70  -1.11   0.39   0.16   0.66   
1958 0.60  -0.41  -1.12  -1.32  -1.76   0.66   2.14   2.11  -0.23  -0.58  -0.52  -0.97   
1959 -0.77  -0.31  -0.32  -0.49  -0.57  -1.43  -1.52  -1.52  -0.04   0.94   0.61   0.63   
1960 0.88   1.08   0.93   0.86   1.35   2.45   2.28   2.19  -0.73  -0.62  -1.08  -1.56   
1961 -2.07  -2.06   0.50  -0.15  -0.27  -0.54   1.57   1.59   3.88   3.69   4.09   3.73   
1962 3.66   3.46   3.20  -0.81  -0.73  -0.91  -0.60  -0.95  -1.16   0.54  -0.35  -0.84   
1963 -1.11  -1.38  -0.97  -1.48  -1.57  -2.68  -1.94  -1.82  -2.24  -3.04  -3.43  -4.07   
1964 -4.47  -4.80  -4.08  -2.57  -3.46  -3.45  -3.54  -3.52  -3.39  -4.00  -3.96  -4.29   
1965 1.56   1.34   1.60   2.13   1.24   1.35   1.47   2.69   3.42  -0.47  -0.76  -0.29   
1966 -0.38  -0.30  -0.67   0.48   0.72   0.73  -0.62  -1.05  -0.82  -1.05  -1.63  -1.47   
1967 -1.36  -1.42  -1.54   0.72   0.91   0.98   1.87   1.50   1.38   2.40   2.40   2.57   
1968 -0.16  -0.16  -0.86  -1.21  -1.19   0.51   0.54   0.50   1.04   0.61   1.23   1.54   
1969 2.33   2.32   1.87   1.64   1.52   2.09   2.72   2.29   2.03   3.79   3.12   2.76   
1970 2.17   1.48   1.25   2.07   2.26   2.25   1.99   3.82   6.08   5.58   5.08   4.64   
1971 4.28   4.12  -0.43  -1.38  -1.67  -2.31  -2.05  -2.42  -2.22  -2.20  -2.30   0.80   
1972 0.52   0.46   0.43   0.73  -0.68  -0.85  -0.90  -0.86   0.17   0.18   0.74   0.94   
1973 1.24   1.36   2.95   3.63   4.00   3.96   4.09   3.35   3.66   4.29   4.02   4.52   
1974 4.86   4.41   4.20   3.60   4.43   4.75   4.04   3.64   2.76   2.22   2.37   2.37   
1975 2.34   2.89   2.58   2.58   2.62  -0.16  -0.55  -0.34  -0.14  -0.60  -0.59  -0.56   
1976 -0.72   0.21   0.65   0.86   0.78  -0.80  -1.05  -1.04  -1.33  -0.87  -1.39  -2.11   
1977 -2.33  -2.55  -1.86  -2.60  -2.85  -3.15  -3.30   1.93   2.93   3.80   4.08   3.72   
1978 3.06   2.49   1.97   2.14   2.59   2.20   2.16   1.49   1.30   0.89   0.89   0.86   
1979 1.16   0.96   1.27   1.59  -0.57  -1.23  -1.18  -1.52  -2.53  -2.65  -2.80  -3.00   
1980 -3.33  -3.59  -3.18  -3.25  -3.31  -2.68  -2.89   1.08   1.77   1.44   1.07   1.70   
1981 -0.44  -0.27  -1.03   0.67   1.34   1.94   3.50   3.54   2.88   2.58   2.63   2.22   
1982 2.64   2.20   2.66   2.65   2.30   2.20   3.55   3.77   3.28   2.89   3.21   4.92   
1983 4.04   3.62   3.20   4.00   0.05  -0.66  -1.66  -2.55  -2.37   0.10   0.83   1.17   
1984 0.70   0.75   1.58   1.84   2.34   1.71   2.05   1.07   1.15   1.81   2.27   2.87   
1985 2.70   3.37   4.04   2.64   2.17   1.48   1.55   1.78   1.42   1.91   4.46   4.48   
1986 3.54   3.76   2.51   1.41   1.40   1.25   2.27   1.88   3.14   4.13   3.76   3.54   
1987 0.04  -0.57  -0.57  -1.23  -2.06  -2.73  -3.29  -2.34  -2.53  -2.89  -2.93  -2.42   
1988 -2.06  -2.12  -2.26  -2.77  -3.23  -3.80  -4.63  -4.92  -5.29  -5.23  -4.86  -4.98   
1989 -5.19  -5.20  -5.74  -5.33  -5.08  -4.85  -4.77  -4.19  -3.62  -3.70  -4.06  -4.45   
1990 -4.53   0.60   1.01   0.53   1.81   3.04   3.45   3.20   2.40   2.11   2.46   2.94   
1991 2.56   2.05   1.98   1.59   2.54  -1.15  -1.47  -1.85  -1.90   1.03   1.54   1.64   
1992 -0.23  -0.14  -0.67  -0.63  -1.62  -2.34   1.33   0.59   0.96   0.43   2.24   2.86   
1993 2.86   2.73   2.82   2.99   2.48   2.94   4.54   5.25   6.13   5.41   5.25   4.57   
1994 4.00   4.26  -0.79  -0.47  -0.75  -1.09  -1.15  -1.12  -1.76  -1.88   0.59   0.72   
1995 1.32  -0.21  -0.91   0.71   2.64  -0.22  -0.21   0.38  -0.25  -0.24  -0.05  -0.52   
1996 -0.04  -0.26  -0.51  -0.73   1.96  -0.37  -0.22  -0.48  -0.80  -1.17  -1.43  -2.09   
1997 -2.17   1.49  -0.33  -0.43  -0.23  -0.62  -1.08   0.88  -0.46  -0.62  -0.64  -0.71   
1998 0.33   1.15   1.88   2.03   1.96   2.84   2.21   1.73   1.63   2.34   2.78   2.70   
1999 3.06   2.64   1.80   2.44  -0.26  -0.21  -0.61  -0.84  -0.76  -1.32  -2.41  -2.33   
2000 -2.56  -2.18  -2.47  -2.63  -2.50   1.11   1.08  -0.35  -0.31  -0.64  -0.77  -0.98   
2001 0.40   1.42   0.94   0.81   1.54   1.39   0.93   1.00   0.91   1.29   1.02   0.93   
2002 1.15  -0.03  -0.46   0.49   1.87   1.77   1.65   2.15  -0.97  -0.78  -1.40  -1.76   
2003 -2.18  -2.34  -2.63  -2.48   0.15   0.15   0.55   0.18   0.74   0.52   1.09   1.98   
2004 -0.23  -0.54  -0.47  -1.18  -0.90  -1.15   0.08   1.59   1.08   2.13   2.73   2.48   
2005 3.18   2.97  -0.64  -0.79  -1.41  -2.21  -2.84  -2.91  -2.82  -3.08  -3.51  -4.19   
2006 -3.99  -4.49  -4.02  -3.70  -4.01  -4.11  -4.16  -4.06  -4.10  -3.88  -3.41  -3.09   
2007 -2.62  -2.06  -1.57  -1.30  -1.93  -1.80  -1.76  -1.41  -2.20  -2.31  -2.83  -2.70   
2008 -2.57   1.05   0.72   1.04   1.04   1.89   2.11   1.79   3.35   3.07   2.60   3.37   
2009 2.73   2.98   4.04   4.60   4.64   4.88   4.73   5.72   4.73   5.84   5.67   5.79   
2010 5.38   4.98   4.42   3.91   4.50   6.09   6.21   5.81   5.91   5.08   4.42   3.93   
2011 3.42   3.54   2.50   2.66   2.71   3.77  -0.64  -1.64  -1.90  -2.48  -1.64  -1.08   
2012 -1.22  -1.26  -2.14  -2.44  -2.73  -3.01  -3.88  -4.03  -3.69  -2.83  -3.08  -3.04   
2013 -2.44  -1.43 -99.99 -99.99 -99.99 -99.99 -99.99 -99.99 -99.99 -99.99 -99.99 -99.99   
