1895 -0.08  -0.44  -0.91  -1.48  -2.06  -2.77   0.73  -0.04  -0.21  -0.74   0.12   0.94   
1896 0.78   0.88  -0.54  -0.89   0.14   0.16   1.18   1.25   2.43   2.00   2.16   1.39   
1897 2.69   2.27   2.92   2.74  -0.59  -0.50  -0.56  -1.22  -2.33  -3.36  -2.91  -2.88   
1898 0.82   1.18   2.43   2.20   2.58   2.25   1.86   1.99   2.30   2.66   2.69  -0.14   
1899 -0.13   0.25  -0.03  -1.02  -0.33  -0.85  -0.80  -1.04  -1.41  -1.26  -1.70  -1.89   
1900 -2.12   1.23   1.09   0.09   0.06   0.25   0.34   0.63   0.60  -0.65  -0.86  -1.42   
1901 -1.47  -1.21  -0.89  -1.66  -2.10  -2.08  -2.79  -3.56  -3.91  -4.14  -4.64  -4.83   
1902 -5.27  -5.42  -5.36  -5.11  -4.75   2.13   2.06   2.88   3.25   2.91   2.89   2.91   
1903 2.54   2.51  -0.46  -0.04  -0.71  -0.87  -0.87   0.70   0.79  -0.15  -0.66  -0.88   
1904 0.46   0.31   1.47   1.52  -0.18  -0.73   0.53   1.09   1.84  -0.70  -1.27  -1.57   
1905 -1.54  -1.36  -1.65   0.17   0.18  -0.21   0.55   0.69   0.23   0.72   0.51   0.41   
1906 1.11   1.57   1.68  -0.51  -0.80  -1.16  -1.56   0.06   0.67   0.31   0.68   1.00   
1907 2.50   1.66   1.20   1.10   1.10   1.33   2.05   2.91   2.60   2.10   2.09   2.14   
1908 1.93   2.99   2.43   2.34   3.58  -0.66  -0.69  -0.87  -1.86  -2.66  -2.91  -3.51   
1909 -3.42   0.60   0.25   1.27   1.16   1.20   1.60   1.00   1.16   1.03   1.24   1.66   
1910 1.65  -0.11  -1.54  -1.74  -1.09  -1.84  -1.56  -1.57  -0.99  -0.99  -1.27  -1.67   
1911 -1.55  -0.98  -1.42  -0.82  -1.60  -2.14  -2.61   0.07   2.34   2.16   2.59  -0.03   
1912 -0.28  -0.26  -0.17  -0.02  -0.17  -0.39   0.25   0.53   0.27   0.57   0.51   0.03   
1913 0.69   0.56   1.14  -0.28  -0.55  -1.13  -1.73  -2.26  -2.53  -2.31  -2.35  -3.07   
1914 -2.98  -2.66  -2.72  -3.10  -3.32  -3.57  -4.29  -4.44  -3.98  -3.60  -4.29  -4.51   
1915 -4.33  -3.70  -4.01  -4.57   1.01   1.14   2.27   3.36   3.59   2.69   2.30   2.18   
1916 3.91  -0.39  -0.72  -1.39  -1.08  -0.32  -1.27  -1.18  -1.27  -1.00  -1.30  -1.39   
1917 -1.39  -1.91  -1.99   0.34   0.69   1.66  -0.14  -0.23  -0.35  -0.14  -0.77  -1.36   
1918 -1.31  -1.08  -2.09   0.93   1.09   1.03   0.70   0.69   0.95   1.13   0.99   1.16   
1919 -0.48   0.39   0.51  -0.60   0.46   0.56  -0.61  -0.79   0.05   1.08   1.16  -0.50   
1920 -0.67  -1.07   0.66   0.98   1.36  -0.75  -1.27  -1.58  -1.90  -2.45  -3.33  -3.46   
1921 -3.78  -4.42  -4.36  -3.56  -4.02  -4.09  -4.73   0.44   1.47   1.23   1.28   1.51   
1922 1.27   0.92   1.76   2.08  -0.23  -1.36  -1.59  -2.16  -2.80  -2.98  -3.34  -3.77   
1923 -4.23  -4.64  -4.09  -4.29  -3.65  -3.70  -3.96   0.38   0.65   1.15   0.78   0.83   
1924 0.75   0.75   0.62   0.11   0.07   1.49   1.36   2.22   2.22  -0.52  -0.87  -0.53   
1925 -0.82  -0.60  -0.93  -1.55  -2.15   0.17  -0.22  -0.28   0.14   0.97   1.20   1.07   
1926 0.95   1.28   1.02   1.15  -0.62   0.29   0.30   0.48   3.04   3.23   3.98   3.23   
1927 3.08   2.72   2.59   3.35   4.03   3.49   3.18   3.09   3.51   3.67   4.40   4.38   
1928 3.76   3.64   2.74   2.26   1.49   2.02   1.79   1.86   1.42   1.84   2.03   2.13   
1929 2.76   2.07   1.78   1.96   2.28   2.32   2.67   2.44   2.12   2.19   1.88   1.76   
1930 2.69   0.02  -0.53  -0.63  -1.47  -1.52  -2.38  -2.90  -2.91  -2.95  -3.35  -4.26   
1931 -5.06  -5.60  -6.10  -6.04  -5.03  -4.87  -4.59  -4.15  -3.52  -3.26  -2.49  -2.14   
1932 -1.64  -1.75  -1.75  -2.27  -2.52  -2.22  -2.16   0.66   0.46   0.86   0.53   1.09   
1933 1.49   1.22   1.85   1.53   2.56  -1.23  -2.19  -2.56  -2.32  -1.82  -2.64  -3.31   
1934 -3.73  -4.17  -4.41  -4.95  -5.94  -6.35  -6.18   0.01   1.07   0.64   1.15   1.02   
1935 1.21   1.41   1.26   0.93   2.44   2.78   0.04  -0.55  -0.54  -0.94   0.84   0.62   
1936 0.58   0.73  -0.65  -1.15  -1.61  -2.56  -3.80  -4.32   1.01   0.87   0.76   0.82   
1937 1.81  -0.09  -0.72  -0.40  -0.81  -0.35  -0.11  -0.62  -0.94  -0.89  -1.24  -1.41   
1938 0.33   0.69   0.93   0.84   0.97   1.12   1.32  -0.39  -0.87  -1.35  -1.92  -2.38   
1939 0.25   1.08   1.35   1.59  -0.54   0.12   0.26   0.62  -1.10  -1.19  -1.73  -2.41   
1940 -2.79  -3.16  -3.42  -3.13  -2.64  -2.94  -3.63  -2.76  -3.50  -3.67  -3.69  -3.97   
1941 -3.39  -3.41  -3.49  -3.07  -2.90  -2.38  -2.59  -2.39   0.33   3.00   3.12   2.67   
1942 2.21   3.15   2.76   1.98   1.79   1.84   2.31   2.11   2.31   1.89   3.02   3.16   
1943 2.84   2.30   1.88   2.03   3.81  -0.23  -0.86  -0.87  -1.25  -1.47  -1.92  -2.63   
1944 -3.29  -3.03   0.74   2.00  -0.16  -0.85  -1.48  -1.47  -1.12  -1.49  -2.13  -2.67   
1945 -3.15  -3.29  -3.09   0.25   1.10   1.79   1.01   0.59   1.78   1.33   1.37   1.64   
1946 1.68  -0.08  -0.29  -1.06   0.74   1.30  -0.57  -0.33  -0.83   0.33   0.96   1.01   
1947 1.10  -0.60   0.07   1.05   1.23   2.39  -0.80  -1.97  -2.07  -2.16  -2.39  -2.44   
1948 -2.51  -2.17  -1.09  -1.80  -1.81  -1.76  -0.86  -1.38  -1.64  -1.98  -2.39  -2.39   
1949 1.32   1.51  -0.18  -0.59  -1.32  -1.44  -1.33  -1.47  -1.68  -1.39  -2.16   1.10   
1950 2.49   2.98   2.28   2.99  -0.92   0.68   0.94  -0.43  -0.26  -0.88  -0.96  -1.42   
1951 -1.39   1.25   1.52   1.62   1.09   1.86   2.31   2.54   2.27   2.23   2.55   2.30   
1952 2.03   1.82   1.88   1.87   1.83   2.36   1.68   2.06  -0.58  -1.02  -0.95  -1.05   
1953 -0.03  -0.09   0.94  -0.15  -0.67  -0.85  -0.07  -0.82  -1.30  -1.94  -2.84  -3.12   
1954 -3.43  -3.39  -0.03   0.38  -0.08  -0.18  -0.41   0.93  -0.88  -0.47  -0.79  -0.92   
1955 -0.43  -0.02  -0.41  -0.63  -0.67  -0.60  -0.86  -0.85  -1.03   0.70  -0.32  -0.95   
1956 -1.45  -1.32  -1.88  -1.76  -1.71  -2.32  -1.82  -1.14  -1.88  -2.77  -2.97  -3.12   
1957 -3.00  -2.88  -2.88   1.75   2.14   2.20  -0.25  -0.71  -1.39   0.64   0.71   1.30   
1958 0.00  -0.41  -1.11  -1.39  -1.97   1.20   2.85   2.84  -0.25  -0.84  -0.47  -0.91   
1959 0.32   0.70   0.84  -0.22  -0.42  -1.44  -1.88  -2.18  -0.01   0.53   0.21   0.04   
1960 0.16   0.58   0.67   0.49   0.82   1.67   1.69   1.88  -0.13  -0.45  -0.66  -1.13   
1961 -1.61  -1.63   0.27   0.38   0.49   0.41   1.08   0.78   3.16   2.88   3.19   3.09   
1962 3.30   3.00   2.86  -0.85  -0.76  -1.33  -0.57  -0.87  -1.13  -0.76  -1.18  -1.88   
1963 -2.32  -2.67  -1.79  -1.98  -2.46  -3.19  -2.69  -2.52  -3.04  -3.75  -4.08  -4.74   
1964 -5.06  -5.38  -5.14  -3.36  -4.30  -3.83  -3.77  -3.80  -3.62  -4.22  -4.10  -4.31   
1965 1.44   1.20   1.36   2.13   1.44   0.87   0.68   2.16   3.41  -0.31  -0.47   0.58   
1966 0.35   0.49  -0.50   0.40   0.58  -0.19  -0.56  -0.52   0.19   0.01   0.20   0.75   
1967 0.87   0.48   0.13   0.38   0.54   0.09   0.83   0.67   0.57   1.80   2.00   2.91   
1968 -0.01   0.02  -0.75  -1.08   0.76   1.16   1.10   0.58   0.74   0.03   0.31   0.60   
1969 1.03  -0.29  -0.62  -0.78  -1.27   0.19   0.75   0.51   0.73   2.05   0.02  -0.04   
1970 -0.37  -0.70  -0.91   0.93   1.49   1.84   1.58   1.77   3.59   3.86   3.51  -0.10   
1971 -0.31   0.46  -0.47  -1.51  -1.58  -2.33  -1.27  -1.84  -1.62  -2.11  -2.59   0.93   
1972 -0.16  -0.44  -0.28  -0.05  -0.55   0.39   0.42   1.20   2.09   2.11   2.68   3.05   
1973 2.73   2.14   3.34   3.53   3.24   3.86   4.19   3.51   3.30   3.68   3.33   3.87   
1974 4.14   4.00   3.65   3.11   3.95   4.92   3.72   3.02   2.19   1.52   1.59   1.29   
1975 1.90   2.29   1.78   1.80   1.48   1.39   1.55   2.21   2.14   2.11   2.03   2.03   
1976 1.61   1.94   2.45  -0.31  -0.10  -0.32  -0.28  -0.58  -0.80  -0.63  -1.17  -1.97   
1977 -2.33  -2.65  -1.98  -2.74  -2.73  -2.92  -0.02   1.76   2.45   3.42   3.27   3.16   
1978 -0.21  -0.60  -0.71   0.07   0.70  -0.58  -0.21  -0.34  -0.74  -1.04  -1.31  -1.26   
1979 0.47   0.20   1.05   1.80  -0.74  -1.43   0.74  -0.14  -1.15  -1.59  -1.74  -1.94   
1980 -2.36  -2.41  -1.80  -1.95  -2.29  -1.48  -2.23   0.84   1.11  -0.11  -0.63  -0.70   
1981 -1.11  -0.60  -1.26   0.55   1.36   1.95   3.12   4.86   4.41   3.89   3.52   3.22   
1982 3.60   3.33   3.77   3.84   3.42   2.98   3.37   3.21   2.56   2.04   2.73   4.43   
1983 3.60   3.06   2.90   3.59   3.79   3.29   1.96   1.10   0.71   0.74   1.33   1.74   
1984 1.29   1.45   2.22   2.34   2.79  -0.64  -0.56  -1.52  -1.53   0.20   0.53   0.77   
1985 0.86   1.46   2.33   1.21   0.63   0.64   0.73   1.18   0.59   0.84   3.42   3.43   
1986 -0.53  -0.04  -0.84  -1.76   0.08   0.48   1.18   0.72   2.12   3.21   3.18   3.03   
1987 2.93  -0.58  -0.93  -1.37  -2.29  -2.41  -2.73  -2.31  -2.76  -2.91  -2.82  -1.94   
1988 -1.54  -1.57  -1.39  -1.90  -2.64  -3.56  -4.53  -4.90  -5.13  -4.93  -4.28  -4.02   
1989 -4.00  -3.73  -3.93  -3.31  -3.08  -3.41  -3.21   0.14   1.12  -0.31  -0.50  -0.85   
1990 0.15   1.32   1.46   0.65   1.73   3.01   3.56   3.61   2.78   3.24   4.03   4.89   
1991 -0.02  -0.45  -0.11  -0.52  -0.20  -1.15  -2.05  -1.87  -1.94   1.62   2.17   2.16   
1992 -0.16  -0.24  -0.49  -0.91  -1.90  -2.37   2.79   2.05   2.40   1.88   3.47   3.67   
1993 4.33   4.17   4.08   4.19   3.16   3.77   5.30   6.07   7.37   7.06   6.93   6.16   
1994 5.50   5.00   3.76   3.62   2.80   2.09   1.47   1.55   0.96   0.62   1.00   0.99   
1995 1.64   1.07   0.72   1.16   3.33  -0.35  -0.71  -0.81  -1.31  -0.88  -0.86  -1.38   
1996 -1.36  -1.50  -1.61  -1.60   1.26   0.82   1.27  -0.62  -0.92  -1.03  -0.86  -1.13   
1997 0.16   1.55  -0.27  -0.59  -0.58  -0.84  -1.18   1.36   1.28   0.96   1.17   1.11   
1998 1.61   1.85   2.46   2.42   2.49   3.35  -0.32  -0.18  -0.91  -0.55  -0.87  -1.20   
1999 0.54   0.52  -0.50   0.45   0.71   1.13  -0.15   0.24  -0.32  -0.68  -1.74  -1.85   
2000 -1.89  -1.90  -2.24  -2.32  -2.19   0.51  -0.04  -0.14  -0.23  -0.45   0.26   0.12   
2001 0.70   1.52  -0.56  -0.85  -0.85  -0.67  -0.77   0.16   0.17   1.28   1.19   1.08   
2002 1.49   1.37   1.09   1.34   2.09   1.89   1.68   2.36  -0.70  -0.74  -1.35  -1.63   
2003 -2.08  -2.20  -2.34  -2.41   0.13   0.24   1.31   0.93   1.17   0.94   1.45   1.51   
2004 -0.14  -0.57  -0.25  -0.96   0.68   0.44   0.42   1.18  -0.71   0.86   1.82   1.68   
2005 3.16   2.94  -0.57  -1.27  -2.05  -2.91  -3.27  -3.47  -3.47  -3.81  -3.77  -4.19   
2006 -3.80  -4.00  -3.70  -3.01  -3.13  -3.35   0.12   0.45   0.23   0.32   0.51   1.06   
2007 1.57   1.76   2.06   0.02  -0.91  -0.81  -0.80  -0.95  -1.74  -1.66  -2.01   0.22   
2008 1.05   2.30   1.80   1.41   1.75   2.09   2.86   2.21   4.21   4.05   3.54   4.13   
2009 3.37   3.42   3.86   4.38   4.31   4.16   4.28   4.75   4.22   6.34   6.26   6.37   
2010 5.70   5.18   4.50   3.48   3.71   4.57   4.07   3.29   3.29   2.58   2.11   1.91   
2011 1.67   2.19   1.50   2.11   2.31   2.62  -0.34  -0.97  -0.79  -1.23   0.27   0.55   
2012 -0.15  -0.38  -1.55  -1.97  -2.48  -2.89  -3.91  -3.70  -3.08  -1.99  -2.26  -2.24   
2013 -1.33  -0.63 -99.99 -99.99 -99.99 -99.99 -99.99 -99.99 -99.99 -99.99 -99.99 -99.99   
