1895 0.14  -0.41  -0.95  -1.46  -2.31  -3.24  -3.00  -3.37  -3.54  -3.95  -3.56  -2.66   
1896 -2.55  -2.09  -2.29  -2.96  -2.86   0.11   1.14   1.89   3.06   2.56   2.67   1.82   
1897 2.55   2.15   2.89   2.78  -0.45  -0.25  -0.36  -1.30  -2.53  -3.60   0.34   0.05   
1898 0.75   1.22   2.54   2.16   2.26   1.85   1.19   1.07   1.35   1.77   1.79   1.50   
1899 1.39   1.46   1.48  -1.17  -0.82  -1.19  -1.24  -1.67  -2.06  -1.90  -2.29  -2.39   
1900 -2.49   1.44  -0.10  -1.16   0.08   0.33   0.70   0.84  -0.13  -0.68  -0.90  -1.50   
1901 -1.61  -1.38  -1.02  -1.63  -1.95  -1.59  -2.24  -2.70  -3.23  -3.37  -3.97  -3.99   
1902 -4.41  -4.60  -4.43  -4.34  -3.96   1.83   1.85   1.75   2.27   2.03   1.99   1.98   
1903 1.73   2.02  -0.45  -0.03  -0.45  -0.45   0.08   0.63  -0.03  -0.09  -0.58  -0.75   
1904 0.47   0.58   1.98   1.85  -0.27  -0.83  -0.60  -0.67   0.00  -0.75  -1.70  -2.11   
1905 -2.26  -2.23  -2.42   0.19   0.46   0.47   0.67   1.04   0.83   1.40   1.41   1.26   
1906 1.73   1.95   2.16  -0.63  -1.00  -1.21  -1.79   0.11   0.55   0.15   0.40   0.72   
1907 2.19   1.27   1.23   1.12   0.94   1.10   1.81   2.27   2.14   1.84   1.91   2.22   
1908 1.91   3.27   2.89   2.80   3.90  -1.01  -1.28  -1.81  -2.87  -3.85  -4.41  -4.99   
1909 -4.94   0.71   0.36   1.31   1.31   1.31   1.52   1.01   1.03   1.09   1.32   1.61   
1910 1.53   0.03  -1.50  -1.79  -1.43  -2.36  -2.27  -2.61  -1.89  -1.49  -1.65  -1.93   
1911 -1.60  -1.28  -1.60  -0.76  -1.51  -1.60  -2.11  -2.15   1.89   1.94   2.45   1.97   
1912 1.58   1.40   1.39   1.57   1.15   0.56   1.02   1.68   1.45   1.60   1.51   0.95   
1913 1.77   1.42   2.53  -0.31  -0.48  -1.11  -1.23  -1.60  -1.78  -1.63  -1.54  -2.34   
1914 -2.16  -1.82  -1.93  -2.39  -2.62  -2.74  -3.54  -3.31  -3.23  -3.21  -4.14  -4.48   
1915 -4.35  -4.04  -4.35  -4.95   0.85   0.67   1.69   3.03   3.25   2.43   2.07   1.99   
1916 3.44  -0.37  -0.51  -1.32   0.10   1.22  -0.91  -1.19  -1.24  -1.14  -1.60  -1.64   
1917 -1.48  -2.04  -2.04   0.30   0.84   1.73  -0.16  -0.60  -0.88  -0.39  -1.11  -1.69   
1918 -1.44  -1.06  -1.87   0.93   1.04  -0.17  -0.31  -0.51   0.49   0.57   0.35   0.78   
1919 0.19   0.38   0.64  -0.71  -0.51  -0.66  -1.18  -1.77  -1.90   1.24   1.26  -0.60   
1920 -0.76  -1.19   0.47   1.00   1.05  -0.26  -0.66  -0.99  -1.35  -1.92  -2.75  -2.69   
1921 -2.81  -3.21  -2.58  -2.16  -2.67  -3.02  -3.72   0.67   1.63   1.46   1.78   2.13   
1922 1.73   1.47   2.31   2.54  -0.33  -1.08  -1.54  -2.29  -2.97  -3.16  -3.64  -3.81   
1923 -4.00  -4.14  -3.38  -3.59  -2.91  -3.09  -3.23   0.58   0.71   1.24   0.87   1.21   
1924 1.08   1.06   1.02  -0.53  -0.69   1.03  -0.38   0.42   0.67  -0.66  -1.32  -1.09   
1925 -1.47  -1.20  -1.35  -2.01  -2.69  -2.57  -2.31  -2.53   0.34   0.96   1.29   0.97   
1926 0.72   1.19   1.12   1.37   0.70   0.70   0.58   1.28   3.70   4.01   4.51   3.55   
1927 3.32   2.92   2.77   3.48   3.95   3.33   3.06   2.47   2.83   2.86   3.61   3.72   
1928 3.18   3.02   2.24   1.80   1.08   1.41   1.25   1.21   0.66   1.01   1.07   1.10   
1929 1.89   1.18   0.85   1.02   1.36   1.53   1.88   1.51   1.33   1.53   1.38   1.62   
1930 2.60   2.44  -0.47  -0.73  -1.62  -1.78  -2.48  -3.30  -3.18  -3.31  -3.85  -4.77   
1931 -5.42  -6.04  -6.63  -6.53  -5.61  -5.10  -4.43  -3.79  -3.22  -2.92  -2.53  -2.32   
1932 -1.80  -1.64  -1.56  -2.28  -2.98  -3.16  -3.36  -3.25  -3.20   0.20  -0.28   0.55   
1933 0.71   0.56   1.14   1.12   1.76  -1.06  -2.31  -2.68  -2.09  -1.75  -2.52  -3.09   
1934 -3.32  -3.79  -3.60  -4.08  -5.16  -5.41  -6.09   0.04   1.04   0.43   1.04   0.89   
1935 1.09   1.02   0.99   0.56   1.81   2.22   0.04  -0.45  -0.37  -0.92  -0.15  -0.38   
1936 -0.44  -0.18  -0.70  -0.78  -1.16  -2.24  -3.53  -3.44   0.69   0.86   0.85   0.98   
1937 2.11  -0.10  -0.73   0.82  -0.40  -0.04  -0.37  -0.99  -0.90  -0.52  -0.84  -1.08   
1938 -1.08   0.62   1.29   0.90   1.18   1.57   2.02   1.95  -0.13  -0.65  -1.13  -1.44   
1939 0.58   1.55   1.74   2.31   1.24   1.75   1.92   1.94  -1.07  -1.03  -1.64  -2.19   
1940 -2.41  -2.63  -2.61  -2.38  -1.77  -1.67  -2.63  -2.72  -3.50  -3.70  -3.83  -4.05   
1941 -4.00  -4.16  -4.40  -4.18  -4.15  -3.57  -3.36  -3.14  -3.02   2.44   2.77   2.22   
1942 1.93   2.67   2.73   2.01   1.75   1.57   1.34   1.64   1.62   1.18   1.95   2.00   
1943 1.79   1.40   1.55   1.70   3.75  -0.52  -0.95  -0.58  -0.76  -1.16  -1.56  -2.31   
1944 -2.92   0.04   0.78   1.97   2.11  -0.24  -0.63  -0.69  -0.97  -1.33  -2.14  -2.79   
1945 -3.38  -3.59   0.11   0.29   1.09   1.43   0.73   0.55   1.90   1.80   1.95   2.06   
1946 -0.10   0.14  -0.24  -1.08   0.68   1.73  -0.30  -0.71  -1.36   0.11   0.18   0.13   
1947 0.35  -0.64  -0.68   0.81   0.97   1.53  -0.55  -0.46  -0.44  -0.45  -0.62  -0.62   
1948 -0.69   0.34   0.93   0.13   0.31   0.58   0.85  -0.60  -0.65  -1.13  -1.36   0.17   
1949 1.72   1.96  -0.12  -0.63  -0.62  -0.86  -0.11  -0.47  -0.78   0.79   0.32   1.47   
1950 3.30   3.95   3.14   3.72   2.67   2.92   2.94   2.20   2.49   1.92   1.95   1.63   
1951 1.49   2.19   2.19   2.02   1.55   1.74   2.54   3.00   2.81   2.84   3.18   2.99   
1952 2.63   2.18   2.13   2.12   2.22   2.75  -0.62  -0.30  -0.82  -1.31  -1.73  -2.05   
1953 -1.91  -1.68  -0.60  -1.05  -1.42  -1.71   1.10  -0.97  -1.65  -2.34  -3.26  -3.72   
1954 -3.77  -3.58  -3.09  -2.86  -2.88  -3.18  -3.33  -2.55  -3.46  -2.72  -3.25  -3.41   
1955 -2.96  -2.53  -2.61  -2.70  -2.54  -2.50  -2.42  -2.44  -2.54  -1.54  -1.42  -1.83   
1956 -2.06  -1.51  -1.96  -1.86  -1.35  -1.70  -1.26  -1.20  -1.80  -2.80  -3.25  -3.50   
1957 -3.42  -3.50  -3.70   1.69   1.56   2.27   2.99   2.51   1.83   2.29   2.41   2.86   
1958 -0.09  -0.52  -1.19  -1.58  -2.11   1.63   2.74   2.52   2.35   1.61   1.97   1.28   
1959 1.67   1.88   2.04   2.06   1.95  -1.12  -1.44  -2.19   0.12   0.59   0.62   0.49   
1960 0.44   1.01  -0.47  -0.75  -0.85   0.90  -0.32  -0.67  -0.85  -1.11  -1.65  -2.25   
1961 -2.88  -3.07   0.23   0.59   0.42   0.49   0.55  -0.59   1.12   1.04   1.28   1.28   
1962 1.85   1.69   1.48   0.76   1.14   0.71   2.43   2.24   2.21   2.10  -0.24  -0.80   
1963 -1.09  -1.30   0.82  -0.23  -1.04  -1.90  -1.62  -1.78  -2.64  -3.66  -4.34  -5.14   
1964 -5.35  -5.75  -5.64  -4.25  -5.29  -4.88  -4.64  -4.93  -5.00  -5.56  -5.88  -6.16   
1965 0.92   0.80   0.54   1.03   0.96   0.38   0.21   1.21   2.66   2.49   2.09   2.38   
1966 -0.50  -0.58  -0.85   0.59   0.77  -0.60  -1.47  -1.66  -1.32  -1.82   0.10   0.82   
1967 1.25  -0.16  -0.50  -0.40  -0.19  -0.77  -1.04  -1.42  -1.76   0.79   0.72   2.14   
1968 1.94   1.88   1.04   0.84   1.49   2.00   1.89   1.82  -0.18  -0.92   0.41   0.54   
1969 1.08  -0.50  -0.60  -0.27  -0.66  -0.78  -0.41  -0.89   0.21   1.48   1.72  -0.20   
1970 -0.56  -0.92  -1.01   1.20   1.59   1.35   1.55   1.31   2.80   3.03   0.04  -0.30   
1971 -0.59  -0.10  -0.49  -1.49  -1.64  -2.32   1.24   0.71   1.14  -0.81  -1.46   1.01   
1972 -0.18  -0.57   0.05   0.53  -0.65   0.45   0.47   1.25   2.69   2.91   3.77   4.31   
1973 3.71   2.86   3.41   3.60   3.25   4.12   4.44   3.69   3.08   2.89   2.47   2.93   
1974 3.23   3.29   3.28   2.79   3.68   4.21   3.02   2.96   2.68   1.98   1.94   1.81   
1975 2.68   2.78   2.38   2.32   1.74   1.91   1.68   2.85   2.69   2.26   2.37   2.42   
1976 1.99   2.49   2.82  -0.79  -0.62  -0.17  -0.24  -0.83  -0.73  -0.61  -1.11  -1.88   
1977 -2.20  -2.56  -1.68  -2.58  -2.85  -3.21  -2.97   2.60   3.44   4.27   3.98   4.00   
1978 -0.16  -0.55  -0.48  -0.43  -0.31  -0.64  -0.18  -0.11  -0.40  -0.66  -0.89  -0.83   
1979 0.67   0.31   0.91   1.79  -0.68  -1.09   1.09   2.39  -0.80  -1.06  -0.73  -0.82   
1980 -1.13   0.01   0.69  -0.50  -1.06   0.95  -0.76  -0.48  -0.15  -0.40  -1.00  -1.30   
1981 -1.84  -1.60  -2.35   0.90   1.66   1.81   2.73   4.01   4.10   4.01   3.61   3.30   
1982 3.85   3.37   3.66   3.34   2.98   2.80   2.94   2.81   2.12   1.78   2.52   3.39   
1983 2.63   2.18   2.00   2.67   2.98   2.79   1.69   1.78   1.04   1.56   1.90   2.64   
1984 2.05   2.01   2.47   2.19   2.96  -0.76  -0.72  -1.42  -1.60  -1.64   0.01   0.12   
1985 0.10   1.14   1.84  -0.86  -1.48  -1.49   0.39   1.20  -0.53   0.15   2.54   2.44   
1986 -0.63  -0.23  -1.07  -1.83  -0.03   0.22   0.37  -0.50   0.87   1.50   1.85  -0.05   
1987 0.08  -0.65  -1.32  -1.40  -1.74  -1.69   0.29   0.77  -0.39  -0.65   0.15   1.07   
1988 0.04  -0.20  -0.12  -0.70  -1.69  -2.95  -3.89  -4.66  -4.67   0.14   0.51   0.64   
1989 -0.19  -0.36  -0.80  -0.61  -0.19  -0.72  -0.75   0.06   1.18  -0.32  -0.44  -0.90   
1990 -0.87   1.54   1.72   1.04   1.84   2.39   2.75   2.80   2.00   3.16   3.94   5.08   
1991 0.01  -0.54   0.50   0.16   0.49  -1.20  -2.28  -2.57  -3.00  -1.43  -0.96  -0.85   
1992 -0.98  -0.95  -1.14  -1.39  -2.15  -2.36   1.97   1.64   2.05   1.68   3.30   3.27   
1993 3.90   3.57   3.46   3.71   3.05   4.09   4.68   5.22   6.84   7.15   7.25   6.53   
1994 5.81   4.92   3.78   4.49   3.55   2.49   2.15   2.11   1.71   1.14   1.62   1.47   
1995 1.89   1.19   1.03   1.31   2.67  -0.21  -0.87  -0.38  -1.13  -0.64  -0.63  -1.16   
1996 -1.08  -1.32  -1.44  -1.39   1.31   1.57   2.32   1.64   1.40   1.12   1.31   1.06   
1997 1.22   2.09   1.67   1.00   1.21   1.10   0.77   1.69  -0.19  -0.46  -0.47  -0.64   
1998 0.44   0.35   1.41   1.34   1.53   2.83   2.95  -0.38  -1.18  -1.08  -1.58  -1.96   
1999 0.83   0.93   0.46   0.88   0.44   0.75  -0.35  -0.26  -0.71  -1.01  -2.12  -2.36   
2000 -2.44  -2.37  -2.76  -2.70  -0.05   0.48   0.75   0.36   0.52   0.32   0.69   0.69   
2001 0.58   1.52  -0.67  -1.21  -1.41   0.07   0.13   0.86   0.88   2.65   2.47   2.31   
2002 2.54   2.69   2.61   2.53   3.05   2.44   1.99   2.88  -0.53  -0.60  -1.08  -1.41   
2003 -1.80  -1.83  -2.22  -2.48   0.48   0.28   1.86   2.09   2.61   2.41   3.28   3.22   
2004 2.81   2.04   2.71   1.62   1.88   1.92   1.99   3.42   2.40   2.65   3.47   3.24   
2005 5.14   4.78  -0.50  -0.88  -1.68  -2.30  -1.73  -2.03  -1.78  -2.22  -2.27  -2.59   
2006 -2.30  -2.39   0.18   0.45   0.46  -0.53   0.57   0.78   0.91   1.49   1.77   2.47   
2007 2.81   2.63   2.78   2.63   1.27   1.02   1.08   1.48   0.67   0.69   0.69   1.29   
2008 1.95   3.02   2.60   1.88   2.41   2.77   3.35   2.54   4.43   4.31   3.82   4.40   
2009 3.56   3.74   3.78   4.25   4.26   3.89   3.88   4.21   3.27   5.14   5.04   5.03   
2010 4.34   3.82   3.46   2.25   2.22   3.36  -0.40  -1.11  -0.92  -1.54  -1.72  -1.79   
2011 -1.93   0.53   0.08   1.20   1.61  -0.03  -0.88  -1.52  -1.34  -1.67  -1.53  -1.35   
2012 -0.90  -1.12  -2.21  -2.76  -3.15  -3.32  -4.31  -3.62  -2.96  -1.96  -2.33  -2.41   
2013 -1.52  -0.95 -99.99 -99.99 -99.99 -99.99 -99.99 -99.99 -99.99 -99.99 -99.99 -99.99   
