1895 0.15  -0.60  -1.17  -1.57  -2.16  -2.43  -1.75  -2.16  -2.33  -2.74  -2.20  -1.24   
1896 -1.38  -1.21  -1.34  -2.34   0.21   0.43   1.88   1.45   2.08   1.80   1.87   1.13   
1897 1.77   1.84   3.14   3.20   2.55   2.74  -0.02  -0.73  -1.57  -2.65   0.43   0.31   
1898 1.22   1.02   3.28   2.75   3.05   2.87   2.45   2.48   2.68   3.09   3.09   2.65   
1899 2.53   2.40   0.04  -0.77  -0.47  -0.98  -1.07  -1.42  -1.75  -1.72  -2.13  -2.18   
1900 -2.23  -1.11  -1.51  -2.18  -1.89  -1.23  -0.99  -0.93  -1.17  -1.21  -1.03  -1.39   
1901 -1.49  -1.52  -1.13  -1.29  -1.81  -1.94  -3.07  -3.37  -3.84  -3.97  -4.59  -4.24   
1902 -4.45  -4.55  -4.08  -4.05  -3.92   1.56   1.14   1.13   1.53   1.24   1.19   1.39   
1903 1.18   1.78   1.66   1.59  -0.56  -0.52  -0.73  -0.58  -0.73  -0.67  -1.21  -1.43   
1904 0.60   0.59   2.46   2.54   2.04   1.90   1.92   1.99   2.29  -0.56  -1.45  -1.56   
1905 -1.52  -1.51  -2.08  -1.85  -1.41  -1.70   0.46   0.48   0.43   1.22   1.21   1.09   
1906 1.48   1.18   1.89  -0.76  -1.46  -1.58  -1.71  -1.50  -1.02  -1.44   0.19   0.52   
1907 2.23   1.28   1.21   1.02   1.20   1.49   2.01   2.86   2.53   2.49   2.56   2.65   
1908 2.23   3.40   3.05   3.12   3.64  -0.42  -0.59  -1.30  -1.96  -2.83  -3.24  -3.79   
1909 -3.64   1.17   0.72   1.23   1.39   1.34   1.95   1.47   1.57   1.84   1.99   1.92   
1910 1.80   1.88  -1.47  -1.41   0.57   0.24   1.02   0.69   1.22   1.87   0.00  -0.19   
1911 -0.03  -0.26  -0.66   0.84  -1.11  -1.59  -2.43   0.04   1.33   1.50   1.76   1.36   
1912 1.06   1.00   1.36   1.96   1.61   1.59   1.81   2.11   1.86   1.76   1.37   0.62   
1913 2.07   1.63   3.16  -0.26  -1.01  -1.63  -2.48  -3.10  -3.05  -2.78  -2.71  -3.14   
1914 -2.99  -2.28  -2.33  -2.58  -3.12  -3.88  -4.80  -4.48  -4.44  -4.22  -5.09  -5.06   
1915 -4.57  -4.50  -4.82  -5.34   0.87   1.26   2.36   3.66   3.46   2.85   2.54   2.79   
1916 4.61  -0.38  -0.91  -1.47  -1.18  -0.13  -0.77  -0.50  -0.64  -0.80  -1.32  -1.30   
1917 -0.93  -1.32  -0.01   0.52   0.87   1.21   1.05   0.85   0.60   1.10  -0.62  -1.13   
1918 -0.66  -0.76  -1.65   0.73  -0.06  -0.29  -0.49  -0.58   0.63   0.56   0.30   0.93   
1919 -0.57  -0.78  -0.64  -1.16   0.61   0.62  -0.84  -1.08  -1.40   1.64   2.09  -0.56   
1920 -0.66  -1.15   0.87   1.42   1.51  -0.66  -0.94  -0.94  -1.17  -1.50  -2.25  -2.29   
1921 -2.20  -2.40  -1.45  -1.21  -1.87  -1.81  -2.71   0.30   0.83   0.58   1.00   1.24   
1922 -0.24  -0.56   1.65   2.03  -0.36  -1.27  -1.53  -2.34  -3.00  -3.22  -3.63  -3.21   
1923 -3.02  -2.78   0.41   0.04   0.46  -0.15  -0.56   0.49   0.50   0.86   0.57   1.33   
1924 -0.02  -0.29  -0.19  -0.93   0.27   1.31   0.92   1.46   1.69  -0.55  -1.15  -0.57   
1925 -1.07  -1.10  -1.25  -1.70  -2.26  -2.01  -1.97  -2.41   0.23   0.85   1.25  -0.42   
1926 -0.50  -0.12  -0.14  -0.03  -0.68  -0.58  -0.63   0.71   2.50   3.34   3.63   2.90   
1927 2.99   2.31   2.89   3.90   4.70   4.65   4.14   3.88   3.88   3.80   4.39   4.35   
1928 3.63   3.42   2.31   2.16   1.54   2.98   2.61   2.28   1.63   1.70   1.76   1.65   
1929 2.44   1.95   1.77   1.91   3.06   3.38   3.47   2.93   2.72   2.78   2.52   2.69   
1930 3.96   0.00  -0.57  -1.19  -1.96  -2.28  -3.30  -3.94  -3.57  -3.65  -4.07  -4.64   
1931 -5.09  -5.47  -5.25  -5.11  -4.64  -4.74  -4.31   0.31   1.14   1.41   1.98   2.08   
1932 2.56  -0.46  -0.86  -1.43  -2.10  -1.95  -2.43   0.44   0.76   0.95   0.89   1.43   
1933 1.47   1.30   1.76   1.77   2.95  -1.00  -1.82  -2.04  -2.24  -2.28  -3.20  -3.62   
1934 -3.77  -4.14  -3.86  -4.00  -4.50  -4.84   0.01   0.58   1.66   0.95   1.53   1.26   
1935 1.33   0.60   0.85   0.27   1.81   1.92  -0.47  -1.04  -0.90  -1.06  -0.83  -1.29   
1936 -1.44  -1.21  -1.52  -1.32  -2.05  -2.80  -3.59  -4.55  -4.19  -3.81  -3.81  -3.68   
1937 1.87   1.56   0.88   1.34   0.90   1.22   1.11   0.75   0.37   1.47   1.19   1.21   
1938 0.84   0.73   2.31   1.77   1.92   1.94   2.83   3.04   2.62   1.80   1.43   1.08   
1939 1.74   2.21   1.91   2.57   1.52   2.08   1.75   2.53  -0.86  -1.33  -1.89  -2.31   
1940 -2.41  -2.22  -2.48  -1.51  -1.23  -1.50  -2.09  -2.36  -3.02  -3.33  -3.31  -3.27   
1941 -3.20  -3.42  -3.89  -3.62  -3.84  -2.99  -3.19  -3.32  -0.03   1.33   1.69   1.20   
1942 0.81   1.31   1.37   0.81   0.64   1.80   2.17   2.19  -0.34  -0.56   0.58  -0.10   
1943 -0.51  -0.88  -0.95  -0.93   2.07  -0.35  -0.61  -1.75  -1.70  -1.91  -2.30  -2.56   
1944 -3.13  -2.78  -2.62  -1.00  -1.35  -1.87  -2.66  -1.95  -2.16  -2.89  -3.55  -4.06   
1945 -4.29   0.03   1.81   2.26   2.41   3.86   3.16   3.16   4.23   4.02   4.10   3.53   
1946 3.09   3.27  -1.00  -1.54   1.63   1.22   0.87   1.41   0.88   0.78   1.14   1.03   
1947 1.21  -0.80  -1.09   0.91   1.21   1.54  -0.57  -0.78  -0.33  -0.29  -0.66  -1.04   
1948 0.03   0.11   0.85  -0.68  -0.77   0.14   0.62   0.08   0.05   0.25   0.70   0.77   
1949 2.80   3.05  -0.07  -0.78  -1.10  -1.11  -1.29  -1.24   0.14   1.62   1.06   1.58   
1950 4.12   5.09   4.50   4.37   3.46   3.51   3.46   3.79   4.20   3.49   4.03   3.48   
1951 3.23   3.72   3.32   3.05   2.22   2.90   2.71   2.85   2.87   2.78   3.02   2.91   
1952 2.53   2.19   2.59   2.38  -0.37  -0.40  -0.66  -1.16  -1.25  -1.97  -2.24  -2.50   
1953 -2.43  -2.46  -1.49  -1.43  -1.51  -1.84  -1.99  -2.73  -3.45  -3.86  -4.89  -5.54   
1954 -5.63  -6.11  -6.43  -6.31  -6.04  -6.38  -6.79  -6.18  -6.24  -5.30  -5.78  -5.66   
1955 -5.25  -4.40  -4.06  -3.67  -3.54  -2.94  -2.56  -3.05   0.56   1.12   1.45   0.65   
1956 0.29   1.11  -0.70  -0.59  -0.44  -0.78  -0.33  -0.17  -0.48  -1.41  -1.79   0.18   
1957 0.19   0.19  -0.40   1.30   1.73   3.65   3.59   3.41   2.78   2.85   2.96   3.86   
1958 3.37   2.45   1.82   1.27   0.92   1.53   3.47   3.30   3.40   2.81   3.26   2.28   
1959 2.41   2.62  -0.32  -0.52  -0.68  -1.54  -1.89  -1.57  -1.43  -1.42  -1.37  -1.17   
1960 -1.11  -0.74  -0.93  -1.46   0.33   0.88  -0.21  -0.77  -1.79  -2.03  -2.42  -2.62   
1961 -2.97  -2.72   0.46   0.51   1.74   1.41   1.91   1.97   1.95   1.68   1.76   1.76   
1962 2.55   2.56   2.45  -0.50  -0.71  -0.71  -0.37  -0.17  -0.49  -0.63  -1.19  -1.62   
1963 -2.10  -2.63  -1.07  -1.64  -1.60  -1.72  -1.21  -0.99  -1.80  -2.71  -2.96  -3.49   
1964 -3.47  -3.37  -2.30  -1.79  -2.49  -2.62  -2.84  -3.25  -3.58  -4.22  -4.29  -4.35   
1965 -3.86  -3.16  -3.17  -2.78  -3.22  -2.66  -2.47  -1.87  -0.70  -0.88  -1.53  -1.43   
1966 -1.66  -1.37  -2.09  -1.05  -0.88  -1.47  -2.27  -2.26   0.88   0.45   0.68   1.43   
1967 -0.10  -0.28  -0.28  -0.42   0.46   0.21   0.52   0.57   0.40   1.06   1.02   2.70   
1968 2.48  -0.37  -0.74  -0.93   0.91  -0.44  -0.16  -0.44  -0.88  -1.59   0.30   0.32   
1969 1.34  -0.30  -0.64   0.61   0.03   0.50   1.23   1.16   2.00   3.08   2.82  -0.18   
1970 -0.62  -0.87  -1.17   1.12   0.37   0.95   0.64   0.18   0.53   0.74  -0.40  -0.95   
1971 -1.20   0.90  -0.61  -1.50   0.10   0.02   1.17  -0.61  -0.45  -1.10  -1.91  -0.93   
1972 -1.24  -1.49  -1.95  -0.70  -1.38  -1.82  -2.17   0.50   0.83   0.67   1.50   1.92   
1973 1.53   0.87   1.92   2.00   1.65   2.80   3.29   2.80   2.43   2.25   2.38   3.00   
1974 3.16   3.09   2.92   2.77   3.58   3.74   2.53   3.10   3.61   3.15   2.84   2.52   
1975 3.06   3.40   3.41   3.22   2.89   2.41   2.64   2.75   2.57  -0.21  -0.31  -0.12   
1976 -0.41  -0.56  -0.44  -1.38  -1.45  -1.82  -1.64  -1.95  -1.97  -1.32  -1.91  -2.66   
1977 -2.89  -2.61  -1.74  -2.31  -2.84  -2.43  -2.55   1.05   1.07   1.47   1.35   1.59   
1978 -0.19  -0.78   0.53   0.17   0.66   0.40   1.03   1.65   0.89   0.92   1.08   1.38   
1979 1.48   1.43   1.76   2.49   1.80   1.17   2.75   2.87  -0.62  -0.80  -0.51  -0.71   
1980 -1.05  -1.19  -0.67  -0.97  -1.42   0.11  -0.18   0.17   0.44  -0.12  -0.69  -1.45   
1981 -2.10  -1.90  -2.49   0.00   1.00   0.68   1.02   2.40   2.44   2.54   2.26   2.02   
1982 3.07   2.57   2.37   1.86   1.67   1.67   1.73   1.80   1.86   2.08   2.22   3.40   
1983 2.58   1.84   1.58   1.93   2.22   2.58  -0.64  -1.30  -1.96   1.34   2.13   2.54   
1984 1.78   1.84   1.86   2.78   2.68  -1.03  -1.54  -2.01   1.07   1.34   1.91   2.21   
1985 1.72   2.52   2.88   2.08   1.58   2.22   1.63   2.76   1.83   1.51   3.69   3.44   
1986 -0.73  -0.35  -0.80  -1.37  -1.50  -1.84   0.95   0.42   0.58   1.44  -0.08  -0.34   
1987 -0.31  -0.85  -1.59  -1.80  -2.56  -2.66  -1.45  -1.80  -1.99  -2.15  -2.03   0.85   
1988 0.93   1.31   1.46  -0.78  -1.55  -2.54  -2.57  -3.37  -3.75  -3.50   0.54   0.49   
1989 0.30   0.07   0.43   0.79   0.93   0.44   0.41   0.70   1.82  -0.21  -0.48  -0.95   
1990 -1.11   1.10  -0.56  -0.60   1.26   1.48   1.24   1.20   0.70   1.43   1.64   3.23   
1991 -0.14  -0.53  -0.45  -0.95  -1.47  -2.17  -2.64  -2.87  -3.03  -2.24  -1.94  -2.00   
1992 -2.06  -2.31  -2.34  -2.06  -2.48  -3.04   0.68   0.46   0.73   0.36   1.56   1.29   
1993 1.85   1.70   1.41   1.76   1.36   1.33   2.26   2.58   4.44   4.53   5.73   4.84   
1994 4.48   3.64   2.49   3.87  -0.51  -0.53  -0.79  -0.97  -0.99  -1.41  -1.05  -1.47   
1995 -1.02  -1.29  -1.37  -1.28   1.46   1.50  -0.19  -0.21  -0.95  -1.21  -1.66  -1.74   
1996 0.56  -0.55  -0.64   1.30   2.11   1.95  -0.35  -0.96  -0.58  -0.80   0.34   0.17   
1997 0.70   1.15   1.15  -0.47  -0.52  -0.34  -0.63  -0.24  -0.59  -0.91  -1.23  -1.48   
1998 0.15  -0.13   0.45   0.91   1.05   2.10   2.21   2.17   1.51   1.48   1.23   0.64   
1999 2.09   2.64  -0.58   0.31   0.04   0.61  -0.26  -0.43  -1.06  -1.29  -2.43  -2.61   
2000 -2.76  -2.16  -2.40  -2.47  -2.35   1.23   1.99   3.01   3.58   3.63   3.98  -0.13   
2001 -0.46  -0.22  -1.02  -1.72  -1.78   0.03   0.54   0.61   0.30   2.01   1.86   1.94   
2002 1.70   1.57   1.91   2.31   3.73  -0.32  -1.08  -1.75  -2.11  -1.87  -2.50  -2.60   
2003 -3.02  -2.55  -2.76  -2.75   0.59   0.48   0.67   0.64   1.65   1.57   2.20   2.05   
2004 2.44   1.61   1.69   0.61   1.24   0.66   1.14   1.79   0.82   1.90   2.75   2.33   
2005 3.98  -0.08  -0.62  -1.01  -1.51  -2.09  -2.23  -1.97  -1.68  -2.17  -2.10  -2.41   
2006 -2.18  -2.45   0.91   0.56   0.69   0.59   0.29   0.65   0.82   1.46   1.57   2.06   
2007 2.67   2.68  -0.51  -0.61  -1.19  -0.91  -0.96  -1.54  -2.01  -1.52  -1.91   0.15   
2008 0.14   1.12   2.42   2.30   2.77   3.63   4.16   3.43   3.86   3.73   3.42   3.81   
2009 3.14   3.34   2.36   3.51   3.87   3.89   4.10   3.78   3.26   5.30   4.77   5.20   
2010 4.46   3.79   3.01   2.31   2.11   2.95   3.48   2.67   2.40   1.40   1.59   1.13   
2011 0.84   1.58   1.25   3.21   2.88   3.64  -0.13  -1.00  -0.88  -0.86   0.69   0.99   
2012 1.22  -0.43  -1.37  -1.33  -2.06  -2.96  -4.20  -0.05  -1.95  -1.20  -1.34  -1.15   
2013 2.10   2.25 -99.99 -99.99 -99.99 -99.99 -99.99 -99.99 -99.99 -99.99 -99.99 -99.99   
