1895 0.19  -0.73  -1.10  -1.51  -1.71  -1.62   1.16  -0.25  -0.67  -1.15   0.34   1.40   
1896 -0.39  -0.42  -0.39  -1.20   0.72   0.75   1.68  -0.56  -0.16  -0.51  -0.43  -0.97   
1897 0.85   1.28   2.66   2.55  -0.40   0.37  -0.01  -0.69  -1.68  -2.74   0.10   0.10   
1898 1.20   0.65   2.63   2.39   2.90   2.87   2.95   3.12   3.42   3.70   3.60   3.06   
1899 3.08   2.94   2.91  -0.28  -0.07  -0.51  -0.29  -0.70  -1.06  -1.14  -1.68  -1.73   
1900 -1.87  -0.99  -1.57  -1.87  -1.90  -1.40  -1.19  -1.21  -1.24  -1.53  -1.00  -1.34   
1901 -1.59  -1.74  -1.41  -1.43  -2.10  -2.65  -3.45  -3.78  -4.11  -4.46  -5.04  -4.59   
1902 -4.59  -4.63  -4.12  -3.95  -3.78   0.91   0.96   1.24   1.63   1.30   1.44   1.97   
1903 1.69   2.51   2.46   2.20   2.09  -0.05  -0.13   0.11   0.12  -0.03  -0.51  -0.82   
1904 0.56   0.30   1.51   1.85   1.62   1.80   2.27   2.95   3.09  -0.62  -1.45  -1.49   
1905 -1.37  -1.39  -1.74  -1.83  -1.46  -1.65   1.12   1.26   1.85   2.63   2.52   2.28   
1906 2.48   1.98   2.58  -0.79  -1.56  -1.40  -1.49  -1.13  -0.93  -1.62   0.27   0.53   
1907 2.21   1.52   1.09   1.14   1.49   1.63   2.05   3.02   2.70   2.73   2.72   2.44   
1908 2.03   3.02   2.69   3.19   3.36   3.10   2.86  -0.80  -1.34  -2.07  -2.22  -2.89   
1909 -2.80   1.22   0.96   1.32   1.53   1.39   2.07  -0.52   0.14   0.18   0.20   0.33   
1910 0.29   0.66  -1.37   0.09   0.77   0.77   1.40   1.08   1.53   1.96  -0.33  -0.47   
1911 -0.63  -0.53  -0.98  -0.19  -1.36  -2.02  -2.34   0.35   0.90   0.64   0.69   0.78   
1912 0.54   0.67   1.30   2.10   1.65   1.65   1.45   1.66  -0.11  -0.17  -0.69  -1.34   
1913 1.73   1.43   2.62  -0.34  -1.08  -1.66  -2.42  -3.48  -3.13  -2.68  -2.67  -2.76   
1914 -2.78  -1.96  -1.95  -2.05  -2.85  -3.66  -4.36  -3.87  -3.65  -3.15  -3.99  -3.79   
1915 -3.17  -3.15  -3.47  -4.04   0.84   1.53   2.52   4.67   4.56   3.89   3.71   4.04   
1916 5.99  -0.33  -0.75  -1.02   0.12   0.86  -0.78  -0.18  -0.23  -0.59  -1.16  -1.27   
1917 -0.96  -1.23   0.08   0.62   0.76   0.79   0.67   0.91  -0.20  -0.19  -0.98  -1.66   
1918 -1.42  -1.72  -2.49  -1.45  -1.33  -1.70  -2.03  -2.03  -1.25  -1.22  -1.35  -0.79   
1919 -1.26  -1.52  -1.52  -1.97  -1.20  -1.01  -1.54  -1.31  -1.73   1.54   2.36   1.77   
1920 1.69   0.96   1.59   1.65   1.67  -0.57  -0.81  -0.55  -0.62  -0.92  -1.67  -1.96   
1921 -1.87  -2.02  -1.22  -0.70  -1.16  -1.04  -1.70   0.38   0.79   0.42   0.95   0.97   
1922 0.56   0.17   1.69   2.20  -0.52  -1.24  -1.08  -2.01  -2.38  -2.69  -2.98   0.02   
1923 0.22   0.29   0.56   0.43   0.63   0.66   0.31   0.53   0.41   0.70   0.51   1.14   
1924 0.01  -0.30  -0.36  -0.80   0.40   1.00   1.39   2.21   2.51  -0.42  -0.80  -0.02   
1925 -0.49  -0.60  -0.92  -1.06  -1.55  -1.37  -1.58  -2.08   0.36   1.30   1.78  -0.41   
1926 -0.42  -0.32  -0.34  -0.29  -0.89  -0.80  -0.84   0.89   2.10   3.03   3.39   3.10   
1927 3.49   2.63   3.37   4.39   4.89   4.91   4.60   4.86   4.60   4.49   4.94   4.74   
1928 3.94   3.59   2.47   2.66   1.92   3.98   3.52   3.17   2.58   2.35   2.59   2.35   
1929 2.90   2.64   2.32   2.49   3.58   3.77   3.85   3.26   2.98   3.27   3.01   2.76   
1930 4.00  -0.14  -0.76  -1.51  -2.02  -2.28  -3.25  -4.01  -3.62  -3.64  -3.93  -4.35   
1931 -4.77  -4.99  -4.73  -4.39  -3.73  -4.18  -4.45  -3.43  -3.21  -3.10  -2.43  -1.96   
1932 -1.09  -1.50  -1.52  -1.74  -2.44  -2.68  -2.60   1.30   1.84   2.57   2.30   2.95   
1933 2.68   2.26   2.20   2.22   3.48  -1.09  -1.27  -1.58  -1.85  -1.87  -2.68  -3.19   
1934 -3.56  -4.04  -3.96  -3.81  -4.27  -4.43  -5.03  -4.80   1.40   1.03   1.88   1.50   
1935 1.55   0.82   1.87   1.52   2.13   3.92  -0.10  -0.60  -0.65  -0.62  -0.49  -0.94   
1936 -1.29  -1.34  -1.92  -1.81  -2.69  -3.25  -3.94  -5.33   0.27   0.50   0.30   0.18   
1937 2.71   2.17   1.26   1.65   1.20   1.90   2.01  -0.73  -0.72   0.72   0.37   0.38   
1938 0.43   0.36   0.58  -0.53   0.06   0.74   0.79  -0.12  -0.42  -1.22  -1.58  -1.99   
1939 0.41   1.29   1.03   1.91  -0.55   0.34   0.52   0.54  -0.79  -1.32  -1.87  -2.40   
1940 -2.67  -2.37  -2.70  -1.72  -1.96  -2.33  -2.54  -2.51  -3.18  -3.79  -3.63  -3.50   
1941 -3.19  -3.48  -3.92  -3.63  -4.09  -4.33  -4.76  -4.67   0.00   1.38   1.36   1.16   
1942 1.14   1.56   1.19   0.73   0.72   1.59   2.03   2.38   1.95   1.92   2.50   2.30   
1943 -0.63  -1.17  -0.90  -1.01   1.51   1.75  -0.51  -0.91  -0.44  -0.59  -1.05  -1.45   
1944 -2.04  -1.77  -1.77  -0.90  -1.02  -1.73  -2.23  -2.14  -2.38  -3.12  -3.80  -4.00   
1945 -4.20   0.73   2.72   3.56   3.33   4.35   3.39   3.12   4.52   4.47   4.23   3.44   
1946 3.08   3.18   1.87   1.28   2.20   1.39   1.05   4.11   3.52   3.21   3.63  -0.18   
1947 -0.22  -1.00  -1.17   0.85   0.93   1.19   0.72   0.35   0.09   0.36   0.23   0.22   
1948 0.05   0.09   0.61   0.03   0.03   0.33   1.16   0.70   0.77   0.71   1.22   1.19   
1949 3.22   3.14   3.31   2.17   1.47   1.40   1.56   1.37   1.85   3.53   2.61   2.87   
1950 5.48   6.09   5.47   5.49   4.98   4.32   3.74   5.11   5.17   4.31   4.35   3.55   
1951 3.79   4.39   3.63   3.02   1.98   2.92   2.91   2.72   3.24   3.28   4.02   3.86   
1952 3.29   3.00   3.45   3.20  -0.47  -1.13  -1.24  -1.58  -1.62  -2.17  -2.40  -2.67   
1953 -2.53  -2.81  -2.23  -1.80  -1.99  -2.47  -2.84  -3.65  -4.53  -4.75  -5.52  -6.11   
1954 -5.78  -6.02  -6.41  -6.31  -5.63  -5.07  -5.15  -4.79  -4.28  -3.71  -4.10  -3.22   
1955 -3.44  -2.92  -2.47  -2.66  -2.37  -2.09  -1.77  -2.40  -2.84  -2.43  -2.47  -3.14   
1956 -3.34  -2.03  -2.46  -2.39  -2.19  -1.98  -0.98  -1.18  -1.35  -1.91  -2.05  -2.06   
1957 0.21   0.60   0.16   1.70   3.11   3.93   3.40   2.64   1.81   1.67   2.41   2.85   
1958 2.59   1.83   2.03   1.90   1.62   2.08   4.29   4.41   4.12   3.39   3.60  -0.58   
1959 -0.14  -0.07  -0.44  -0.99  -0.94  -1.40  -1.60   0.90   1.29   1.34   1.06   1.37   
1960 -0.08  -0.27  -0.47  -0.87  -0.73  -0.50  -0.77  -0.89  -1.68  -1.80  -1.83  -1.70   
1961 -1.94   0.44   0.80   0.80   2.41   2.19   2.81   2.74   2.01   1.21   1.38   1.56   
1962 2.11   2.57   2.46  -0.26  -0.99  -0.85  -1.05  -1.04  -0.87  -0.89  -1.67  -1.90   
1963 -2.42  -3.06  -2.11  -2.61  -2.58  -2.68  -2.08  -2.26  -2.93  -3.86  -3.98  -4.47   
1964 -4.61  -4.48  -2.86  -2.68  -3.03  -3.20  -3.44  -3.42  -3.18  -3.83  -4.17  -4.27   
1965 -3.99  -3.42  -3.36  -3.25  -3.68   0.32   0.41   0.59   2.24  -0.12  -0.66  -0.92   
1966 -0.80  -0.20  -1.11   0.99   1.11  -0.53  -1.27  -1.36  -1.06  -1.44  -1.65  -1.31   
1967 -1.51  -1.56  -1.91  -2.06   0.16   0.11   0.64   0.60   0.74   1.33   1.35   2.57   
1968 -0.17  -0.62   0.10   0.18   0.67  -0.19  -0.28  -0.36  -0.36  -0.94   0.57   0.96   
1969 2.06  -0.39  -0.73  -0.46  -0.85   1.05   2.67   1.87   2.21   2.70   2.32   2.28   
1970 1.46   1.13   1.26   1.55   1.22   1.69  -0.49  -0.45   0.29   0.47  -0.41  -0.85   
1971 -0.94  -0.36  -1.10  -1.53  -1.01  -1.39  -0.92  -0.77  -1.23  -2.02  -2.71  -2.24   
1972 -2.33  -2.19  -2.27  -1.11  -1.78  -2.25   0.31   0.73   0.75   0.74   1.84   2.24   
1973 1.98   1.36   1.96   2.52   3.03   3.05   2.83   2.44   2.02   1.90   2.47   2.76   
1974 2.75   2.39   2.17   2.01   2.03   1.80   0.79   1.47   1.83   1.30   1.11   0.71   
1975 1.15   1.48   2.10   2.13   1.68   1.22   1.28   2.06   2.06  -0.38  -0.59  -0.44   
1976 -0.79  -1.14  -1.42  -1.96  -1.88  -1.57  -0.71  -1.07  -1.34  -0.69  -1.21  -1.82   
1977 -2.03  -1.98  -0.66  -1.38  -2.14  -1.85  -1.86   0.70   0.89   0.97   0.92   1.16   
1978 -0.27  -0.78  -0.12  -0.60  -0.86  -1.35   0.13   0.58  -0.79  -0.96   0.27   0.80   
1979 0.94   1.34   1.73   2.57   2.06   1.55   2.23   2.08  -0.67  -1.10  -0.86  -0.95   
1980 -1.32  -1.56  -1.21  -1.62  -1.92  -1.97  -2.16  -2.51  -2.29  -2.17  -2.62  -3.33   
1981 -3.89  -4.00  -4.43  -4.65   1.51   1.95   3.01   2.98   2.67   2.93   2.58   2.13   
1982 3.52   2.99   2.28   1.72   1.56   1.55   1.60   1.78   1.89   1.68   1.62   3.68   
1983 2.79   1.86   1.52   3.10   3.65   3.37  -0.81  -1.98  -2.58   1.15   2.09   2.32   
1984 1.56   1.50   1.74   1.90  -0.03  -0.71  -0.92  -1.28   1.29   2.54   3.31   3.82   
1985 3.17   3.37   3.53   2.92   2.38   3.16   2.54   3.41   2.40   2.44   4.10  -0.26   
1986 -0.93  -0.22  -0.80  -1.44  -1.07  -1.56   0.13   0.29   0.78   1.58  -0.03  -0.25   
1987 -0.61  -0.61  -1.16  -1.59  -2.41  -2.37   0.75   0.67   0.23   0.03   0.01   1.29   
1988 1.08   1.12   1.23  -0.70  -1.28  -2.06  -1.73  -2.28   0.50   0.71   1.41   1.20   
1989 1.14   2.04   2.49  -0.46  -0.61   0.00  -0.26  -0.43  -0.46  -0.67  -1.31  -1.91   
1990 -0.03   0.86   0.39   0.61   2.27   1.85   1.67   1.29   0.94   1.36   1.37   2.82   
1991 2.60  -0.26  -0.54  -0.70  -1.14  -1.89  -2.09  -2.45   0.18   0.87   1.45  -0.02   
1992 -0.32  -0.71  -0.93  -1.07  -1.61  -1.86  -1.65  -1.81   0.49   0.25   0.91   0.63   
1993 1.24   1.36   0.99   1.26   1.20   1.69   1.92   1.86   3.83   4.01   5.16   4.38   
1994 4.13   3.44   2.44   3.60  -0.65  -0.55  -0.95  -1.04  -1.10  -1.21  -0.44  -0.66   
1995 -0.19  -0.35  -0.63  -0.73   2.07   2.57   0.03  -0.48  -1.11  -1.43  -1.84  -1.93   
1996 -1.53  -2.06  -1.94   1.73   1.83   1.84   1.80   0.98   1.51   1.40   1.86   1.71   
1997 1.92   1.88   1.90   1.81   2.01   2.21   1.84   1.98  -0.30  -0.38  -0.67  -0.89   
1998 0.06   0.18   0.54   0.89   0.46   1.92   2.51   2.43  -0.75  -0.51  -0.86  -1.11   
1999 1.14   1.22  -0.28  -0.06  -0.35   0.44  -0.39  -0.85  -1.66  -1.88  -3.06  -3.09   
2000 -2.98  -2.45  -2.69  -2.70   0.11   1.51   2.28   2.36   2.21  -0.37   0.40  -0.10   
2001 -0.56  -0.29  -1.00  -1.61  -1.53  -1.59   0.82   1.17   1.04   1.94   2.08   2.51   
2002 2.41   2.02   2.48   2.46   3.62  -0.48  -1.16  -1.53  -1.69  -1.19  -1.60   0.35   
2003 -0.41   0.52  -0.58   0.28   0.87   1.55  -0.22  -0.23   0.22  -0.35  -0.07  -0.21   
2004 -0.05  -0.56  -0.43  -0.98   0.79   0.48   1.19   1.63   0.60   1.23   2.10   1.83   
2005 2.67  -0.22  -0.46  -0.64  -1.17  -1.77   0.53   0.57   1.19  -0.54   0.54  -0.55   
2006 -0.37  -0.70   0.82  -0.65  -0.47  -0.64   0.39   0.25   0.70   1.62   1.86   2.01   
2007 2.32   2.32  -1.00  -1.01  -1.13  -1.12  -1.16  -2.15  -2.58  -1.97  -2.40   0.56   
2008 0.30   1.19   2.96   3.56   4.12   3.25   3.61  -0.26  -0.07  -0.28  -0.77  -0.62   
2009 -0.94  -0.93  -1.33   0.63   1.23   1.23   2.01   2.14   2.11   4.70   3.99   4.24   
2010 -0.13  -0.33  -0.39  -0.87  -0.59  -0.74  -0.50  -0.54  -0.40  -1.19  -1.11  -1.50   
2011 -1.79   0.42   0.50   2.74   2.95   3.64   3.50   2.55   2.71   2.15   2.59   2.75   
2012 0.02  -0.42  -1.15  -1.04  -2.19  -2.99  -3.95  -3.93   1.30  -1.59  -1.69  -1.81   
2013 1.93   1.93 -99.99 -99.99 -99.99 -99.99 -99.99 -99.99 -99.99 -99.99 -99.99 -99.99   
