1895 0.44  -0.49  -1.03  -1.58  -2.38  -3.24  -3.70  -3.82  -4.13  -4.64  -4.35  -2.92   
1896 -2.89  -2.54  -2.56  -3.31  -3.59  -3.28   1.05   2.38   3.49   2.90   2.77   1.84   
1897 2.68   2.39   2.96   2.97   2.79  -0.06  -0.12  -0.51  -1.73  -2.33   0.30   0.31   
1898 1.10   1.35   2.32  -0.57  -0.42  -0.61  -1.03  -0.03  -0.05   0.67   0.80   0.64   
1899 0.57   0.49   0.87  -0.96  -0.98  -1.29  -1.29  -1.60  -1.96  -2.00  -2.73  -2.81   
1900 -3.00   1.08  -0.16  -0.94   0.13   0.23   0.94   1.18  -0.26  -0.69  -0.87  -1.56   
1901 -1.63  -1.53  -1.18  -1.56  -1.71  -1.53  -1.96  -2.33  -2.97  -2.40  -2.98  -2.64   
1902 -3.08  -3.29  -3.04  -3.26  -3.18   1.52   2.05   1.73   2.42   2.52   2.39   2.34   
1903 2.14   2.76  -0.40  -0.06  -0.67   0.05   0.29   0.77  -0.15  -0.14  -0.58  -0.62   
1904 0.65   0.96   2.14   2.06  -0.07  -0.44  -0.38  -0.38  -0.07  -0.32  -1.47  -1.77   
1905 -1.81  -1.73  -1.93   0.21   0.66   0.76   0.94   1.77   1.94   2.64   2.46   2.05   
1906 2.16   1.84   2.04  -0.49  -1.00  -1.14  -1.34   0.40   0.27   0.20   0.09   0.51   
1907 1.83   0.85   1.07   1.06   0.97   1.10   1.69   1.71   1.87   1.99   2.03   2.63   
1908 2.17   3.60   3.44   3.19   3.80  -0.93  -1.15  -1.53  -2.69  -3.75  -4.74  -5.50   
1909 -5.58   0.79   0.47   1.18   1.24   1.56   1.68   1.70   1.45   1.98   2.15   2.33   
1910 2.09   2.24  -1.62  -2.06  -1.52  -2.37  -2.49  -2.76   0.30   1.12   0.95   0.64   
1911 0.64   0.52   0.06   0.68  -0.80  -0.95  -1.41   0.00   1.07   1.76   2.18  -0.35   
1912 -0.44   0.13   0.18   0.31   0.32  -0.55   0.70   1.64   1.70   1.66   1.68   0.86   
1913 1.76   1.39   2.71  -0.06  -0.61  -1.53  -1.23  -1.26  -1.36  -1.17  -1.35  -2.19   
1914 -1.91  -1.56  -1.65  -1.85  -2.00  -2.21  -2.81  -2.33  -2.57  -3.38  -4.47  -5.00   
1915 -5.04  -4.94  -5.11  -5.46   0.29   0.17   1.22   2.59   3.01   2.27   1.67   1.72   
1916 2.99   2.29   2.28   1.69   1.83   2.85  -1.08  -1.47  -1.41  -1.62  -2.31  -2.27   
1917 -2.40  -2.87  -2.70   0.39   1.07   1.74  -0.14  -0.34  -0.86   1.22  -0.49  -0.77   
1918 -0.82  -0.55  -1.19  -0.57  -0.64  -1.02  -1.31  -1.33   0.53   0.41   0.22   1.20   
1919 -0.71  -0.84  -0.51  -0.66  -0.40  -1.04  -1.38  -1.62  -1.88   1.36  -0.03  -0.73   
1920 -1.18  -1.65   0.24   1.05  -0.28  -0.13  -0.02  -0.29  -0.64  -1.12  -1.79  -1.37   
1921 -1.49  -1.65  -0.91  -0.74  -1.41  -2.01  -2.69   0.64   1.27   1.41   1.62   1.95   
1922 1.45   1.15   1.79   2.63  -0.43  -1.04  -1.01  -1.24  -1.80  -1.81  -2.49  -2.37   
1923 -2.32  -2.26  -1.60  -1.98   0.49  -0.43  -0.56   0.30   0.34   0.73   0.16   0.46   
1924 0.58   0.54   0.60   0.30   0.52   1.35   1.00   1.10   1.32  -0.96  -1.69  -1.05   
1925 -1.57  -1.57  -1.71  -2.26  -2.80  -3.13   0.17   0.16   0.78   0.90   1.12   0.64   
1926 0.39   0.77   0.86   1.18  -0.45  -0.64  -0.72   0.63   2.85   3.18   3.21   2.45   
1927 2.10   1.75   1.63   2.42   2.90   2.38   2.30   1.43   1.82   1.28   1.71   1.85   
1928 1.59   1.62  -0.27  -0.36  -0.71   0.95   1.01   0.96  -0.33  -0.17  -0.10  -0.24   
1929 0.76  -0.38  -0.70   0.63   1.47   1.51   1.57   1.67   1.35   1.94   1.87   2.25   
1930 3.09   0.04  -0.32  -0.53  -1.30  -1.70  -2.53  -2.94  -2.80  -3.24  -4.20  -5.14   
1931 -5.88  -6.39  -6.58  -6.50  -5.73  -4.96  -5.12  -4.45  -3.90  -3.44  -3.09  -3.04   
1932 -2.28  -2.30  -1.96  -2.29  -2.58  -2.67  -2.35  -2.59   0.51   1.10   1.06   1.65   
1933 1.39   1.14   1.96   1.80   2.50  -1.21  -1.77  -1.85  -1.15  -0.84  -1.38  -2.02   
1934 -2.23  -2.57  -2.43  -2.88  -3.85  -4.58  -5.48  -4.70  -3.18  -3.82  -3.78  -3.83   
1935 -3.15  -3.06  -2.51  -2.60  -1.41  -1.31  -1.56  -1.18  -1.47  -2.01  -1.63  -1.80   
1936 -1.89  -1.35  -1.72  -1.69  -2.20  -2.75  -4.28  -3.96   0.32   0.34   0.39   0.53   
1937 1.38   1.21   0.65   1.27   0.79   1.36   1.53  -0.21   0.04   0.29  -0.09  -0.32   
1938 -0.51   0.69   0.92   0.44   0.73   1.32   1.84  -0.35  -0.19  -0.98  -1.78  -2.13   
1939 0.19   1.12   1.11   1.64  -1.11   0.77   0.66   0.64  -1.24  -1.11  -1.77  -2.44   
1940 -2.61  -2.65  -2.58  -1.95  -1.08  -1.08  -1.98  -2.23  -2.99  -2.83  -3.00  -3.12   
1941 -3.12  -3.39  -3.58  -3.74  -3.93  -3.51  -3.74  -4.34  -4.85   1.07   1.22   0.81   
1942 0.65   1.11   1.47   0.67   0.17   0.21   1.16   1.45   1.64   1.77   2.49   2.34   
1943 2.05   1.51   1.52   1.29   3.60   2.42   2.56   2.81   2.77  -0.42  -0.48  -1.18   
1944 -1.64   0.11   0.84   3.39   3.32  -1.23  -2.11  -2.67  -3.25  -3.63  -4.25  -4.80   
1945 -5.37  -5.59  -5.12  -4.80   0.90   0.95   1.33   1.74   2.67   3.02   2.85  -0.05   
1946 -0.31  -0.19  -0.74  -1.72  -1.39  -0.59  -1.45  -2.06  -2.36  -2.26  -2.51  -2.53   
1947 -1.71  -2.15  -2.05   1.05   1.35   1.27  -0.22  -0.64   0.80  -0.64  -0.91  -1.12   
1948 -1.09   0.21   0.64  -0.77   0.52   0.84  -0.28  -0.86  -1.21  -1.83  -2.16   0.09   
1949 1.42   1.81  -0.47  -1.11   0.03   0.52   0.56   0.31   0.21   0.78   0.48   1.37   
1950 3.54   4.22   4.25   4.80   3.54   4.15   4.48   3.50   3.62   2.52   2.71   2.48   
1951 2.21   2.32   1.95   1.98   1.70   1.52   2.05   2.21   1.88   2.43   2.89   3.05   
1952 3.06   2.63   2.51   2.36   2.90   0.04   0.03   0.11  -0.26  -0.72  -1.09  -1.43   
1953 -1.24  -1.34  -1.09  -1.06  -1.42  -1.68  -1.85  -1.90  -2.44  -3.24  -4.37  -5.19   
1954 -5.29  -0.03   0.53   0.76   0.67   0.49   1.00   1.64   0.78   3.21   0.00   0.07   
1955 -0.01  -0.09   0.23  -0.49  -0.87  -1.12  -0.57  -0.65  -1.12   0.99   1.61  -0.62   
1956 -0.94   0.65   0.40   0.72   1.08  -0.76  -0.83  -0.87  -1.85  -3.02  -3.71  -4.13   
1957 -4.09  -3.96  -4.01   1.18   0.90   1.46   1.33   1.01   0.67   1.18   1.38   1.99   
1958 -0.29  -0.60  -1.41  -2.02  -2.50   2.16   3.18   3.64   3.64   2.94   3.33   2.35   
1959 2.86   3.19   3.01   3.48  -0.37  -0.65  -0.71  -1.75   0.05   0.26   0.42   0.37   
1960 0.48   1.08  -0.52  -0.79   0.08   0.31   0.37   0.86  -0.24  -0.62  -1.01  -1.63   
1961 -2.23   0.21   0.85   1.40   0.94   0.80   1.77   1.64   2.30   2.23   2.38   2.02   
1962 2.44   2.27  -0.23  -1.00  -1.24  -1.29  -0.91  -1.19  -1.54  -1.17  -1.74  -2.40   
1963 -2.84  -3.00  -2.21  -2.00  -2.03  -2.34  -0.85  -1.12  -1.61  -2.60  -3.16  -3.79   
1964 -3.91  -4.10  -3.12  -2.46  -3.37  -3.11  -2.59  -2.72  -2.51  -3.15  -3.87  -4.13   
1965 1.05   1.23   1.31   1.55   0.77   0.27   0.07   0.86   1.33   1.44   1.14   1.91   
1966 -0.54  -0.76  -1.07   0.41   0.69  -0.88  -1.13  -1.19  -1.34  -1.90   0.67   1.92   
1967 1.97  -0.04  -0.37   0.35  -0.01  -0.17  -0.71  -0.90  -1.24   0.58   0.70   2.36   
1968 2.18   2.07   1.38   1.09   1.80   2.50   2.11   2.40   2.30   1.75   2.24   2.39   
1969 2.88   1.88   1.31   1.46   1.07   2.02   3.15   2.09   1.98   2.35   2.83   2.16   
1970 1.48   0.73   0.82   1.51   1.49   1.26   1.83   1.30   2.40   2.51   2.87  -0.49   
1971 -0.79  -0.22  -0.58  -1.56  -1.67  -1.81   0.45   0.34   0.80  -0.44  -1.04   0.63   
1972 -0.21  -0.68   0.15   1.00  -0.03  -0.44   0.11   0.51   2.96   3.26   3.79   4.24   
1973 3.74   2.97   3.13   2.78   2.70   2.77   2.93   2.59   1.66   1.17   0.72   1.34   
1974 1.79   1.62   1.67   1.20   1.89   1.77  -1.04  -1.74  -1.31  -1.75  -1.96  -1.96   
1975 0.50   0.89   0.62   0.88   1.21   2.21   1.24   2.54   2.27   1.71   1.92   2.21   
1976 1.99   2.35   2.65  -0.58  -0.57   0.50   0.73  -0.35  -0.44  -0.26  -0.48  -0.96   
1977 -1.32  -1.36   1.06  -0.71  -1.73  -1.60  -2.08   1.42   2.48   2.56   2.66   2.81   
1978 2.79  -0.60  -0.65  -0.50  -0.52  -0.85  -0.65  -0.92  -1.42  -1.63  -1.92   0.16   
1979 0.54   0.23   0.63   0.92  -0.48  -0.86  -1.00   1.06  -1.17   0.24   0.85   0.89   
1980 0.44   0.42   0.86   0.58   0.12   0.74   0.53   1.74   1.92   1.92  -0.21   0.30   
1981 -0.62  -0.42  -1.49   0.80   1.81   2.98   3.20   3.03   3.22   3.04   2.66   2.45   
1982 3.29   2.87   3.16  -0.32  -0.43  -0.48  -0.49  -0.64  -0.98  -1.48   0.90   1.58   
1983 -0.52  -0.95  -1.05   0.68   1.21  -0.43  -0.97  -1.97  -2.24  -2.25  -2.50  -1.99   
1984 -2.23  -2.31  -1.85  -1.75  -0.72  -1.28  -1.36  -2.23   0.01   0.41   0.69   1.00   
1985 1.25   2.48   3.02  -0.84  -1.64  -2.00  -2.34  -1.75  -2.10  -0.02   1.11   1.11   
1986 -0.59  -0.31  -0.95  -1.65   0.08   0.73   1.46   0.91   1.31   1.78   1.88   1.60   
1987 1.88  -0.58  -1.37  -1.65  -1.73  -0.04   0.25   1.10   0.92   0.84   0.81   1.61   
1988 -0.18  -0.18  -0.19  -0.49  -1.47  -2.90  -3.42  -3.19  -3.15   0.65   1.29   1.29   
1989 -0.05  -0.40  -0.97  -1.21   0.32   0.38   0.68   0.83   1.48   1.10   1.27   1.04   
1990 0.91   2.55   2.15   1.59   2.36   2.12   2.88   4.51   4.09   5.18   5.51   6.43   
1991 -0.07  -0.34   0.19   0.29  -0.15  -1.30  -1.94  -1.70  -1.96   1.47   2.04  -0.24   
1992 -0.36  -0.46  -0.29  -0.60  -1.23  -1.59   1.57   1.40   2.90   2.56   4.04   3.89   
1993 4.35   3.77   3.42   3.44   2.84   3.87   3.42   3.18   4.39   4.73   4.90   4.11   
1994 3.86   3.09   2.04   2.26   1.57   2.19   2.73   2.81  -0.32  -0.77   0.47   0.41   
1995 0.68  -0.43  -0.68   0.35   0.82   0.78  -0.13  -0.11  -1.00  -0.87  -0.63  -1.01   
1996 -0.91  -1.14  -1.50   0.21   1.30   1.78   3.29   2.39   2.29   1.99   2.56   2.61   
1997 2.59   3.48   3.33   2.33   3.18   3.34   3.72   4.12   4.02   3.61   3.74   3.29   
1998 4.17   3.49   4.39   4.18   3.21   3.49   4.09   4.34   3.19   3.05   2.53   2.01   
1999 2.66   2.77   2.17   2.91  -0.52  -0.94  -1.51  -1.32  -1.68  -2.17  -3.53  -3.84   
2000 -3.95  -3.76  -4.11  -4.02   0.27   1.53   1.37   1.00   1.39   0.99   1.03   1.16   
2001 0.58   1.45  -0.85  -0.87  -0.81   0.40   1.27   2.08   2.13   4.18   3.84   3.44   
2002 3.47   3.34   3.33   3.22   3.68  -0.74  -0.84  -1.25  -2.10  -2.55  -3.32  -3.82   
2003 -4.21  -4.30  -4.55  -4.48   1.21   0.47   2.77   2.83   3.81   3.60   4.15   3.99   
2004 3.57   2.73   2.55   1.01   1.87   2.32   2.75   4.29   3.22   2.89   3.53   3.50   
2005 4.98   4.88  -0.24  -1.21  -1.84  -2.52  -1.95  -2.28  -1.69  -2.30  -2.77  -3.08   
2006 -2.58  -2.62   0.41  -0.46   0.76   0.22   1.24   1.77   1.65   2.41   2.65   2.96   
2007 3.66   3.35   2.90   2.84   1.67   1.05   1.26   2.76   2.18   1.99   2.32   3.01   
2008 4.13   5.40   5.16   4.04   4.02   3.85   3.21   2.55   3.55   3.46   3.21   3.91   
2009 3.15   3.48   4.50   4.46   4.47   4.03   3.57   4.63   3.52   4.45   3.87   3.76   
2010 3.14   2.67   2.04   1.27   1.70   2.61   2.49  -0.75  -1.10  -1.86  -1.99  -2.37   
2011 -2.41   0.55   0.41   1.70   2.56   2.38   1.85   1.39   2.20   2.63   3.78   3.86   
2012 3.94  -0.12  -1.32  -2.12  -3.04  -3.99  -3.79  -3.08  -3.15  -2.77  -3.63  -3.74   
2013 -2.41  -2.03 -99.99 -99.99 -99.99 -99.99 -99.99 -99.99 -99.99 -99.99 -99.99 -99.99   
