1895,0.58,-0.46,-1.03,-1.55,-2.33,-3.09,-3.85,-3.99,-4.33,-4.65,-4.10,-2.97
1896,-2.95,-2.62,-2.63,-3.15,-3.49,0.08,1.48,2.93,4.03,3.43,3.26,2.48
1897,2.96,2.66,3.27,3.11,2.94,-0.20,-0.11,-0.55,-1.68,-2.24,0.74,0.73
1898,1.49,1.67,2.74,-0.59,-0.57,-0.85,-1.12,-1.12,-1.13,0.62,0.71,0.65
1899,0.67,0.53,0.97,-0.98,-1.14,-1.46,-1.42,-1.95,-2.16,-2.22,-2.89,-2.91
1900,-3.07,-1.84,-1.87,-2.33,-2.14,-2.06,-1.08,-0.79,-1.23,-1.71,-1.82,-2.47
1901,-2.60,-2.39,-2.05,-2.11,-2.14,-1.94,-2.35,-2.43,-3.09,-2.48,-3.05,-2.65
1902,-3.05,-3.19,-2.94,-3.10,-2.88,1.61,2.05,1.52,2.27,2.33,2.26,2.28
1903,2.12,2.65,-0.33,0.31,-0.47,0.13,0.34,0.66,-0.34,-0.33,-0.79,-0.95
1904,0.66,1.00,2.15,2.14,0.02,-0.39,-0.39,-0.49,-0.43,-0.73,-1.97,-2.08
1905,-2.16,-2.01,-2.11,0.19,0.93,1.11,1.16,1.68,1.89,2.52,2.44,2.06
1906,2.11,1.72,1.90,-0.45,-0.93,-1.01,0.09,0.40,-0.35,-0.32,-0.37,0.44
1907,1.82,0.78,1.14,1.26,1.10,1.23,1.91,1.63,1.90,2.10,2.10,2.76
1908,2.27,3.58,3.60,3.24,3.74,-0.80,-0.91,-1.16,-2.29,-3.23,-4.18,-4.84
1909,-4.88,0.75,0.43,1.06,1.19,1.59,1.60,1.39,0.95,1.52,1.49,1.67
1910,1.65,1.88,-1.69,-2.08,-1.70,-2.38,-2.55,-2.87,-2.39,-1.26,-1.28,-1.33
1911,-0.99,-0.98,-1.30,-0.72,-1.39,-1.47,-1.97,-2.02,0.54,1.14,1.34,-0.19
1912,-0.23,0.13,0.23,0.23,0.35,-0.47,0.95,1.79,1.90,1.76,1.63,0.90
1913,2.08,1.66,3.06,2.83,-0.33,-1.20,-0.50,-0.58,-0.76,-0.56,-0.56,-1.27
1914,-0.98,-0.69,-0.94,-0.82,-1.01,-1.24,-1.87,-1.37,-1.89,-2.68,-3.69,-4.07
1915,-4.01,-3.81,-4.18,-4.62,0.23,0.32,1.38,2.75,3.19,2.49,1.97,2.08
1916,3.28,2.56,2.57,2.11,2.18,2.96,-1.09,-1.57,-1.56,-1.81,-2.51,-2.48
1917,-2.49,-2.93,-2.74,0.25,0.90,1.56,-0.06,-0.30,-0.86,1.31,-0.53,-0.83
1918,-0.70,-0.46,-1.12,-0.83,-0.72,-1.17,-1.51,-1.74,0.62,0.42,0.12,1.14
1919,-0.64,-0.75,-0.45,-0.35,-0.21,-0.89,-1.03,-1.36,-1.73,1.41,-0.07,-0.74
1920,-1.07,-1.55,0.16,1.14,-0.45,0.14,0.38,-0.15,-0.39,-0.86,-1.33,-1.00
1921,-1.08,-1.24,0.71,0.66,-0.65,-1.28,-1.97,0.69,1.02,1.10,1.45,1.86
1922,1.38,1.09,1.81,2.54,-0.31,-0.81,-0.82,-1.09,-1.50,-1.45,-2.13,-1.87
1923,-1.70,-1.79,0.39,-0.46,0.43,-0.43,-0.48,0.29,0.33,0.68,0.12,0.83
1924,1.00,0.87,0.83,0.60,0.83,1.69,-0.27,-0.49,-0.07,-1.06,-1.85,-1.28
1925,-1.76,-1.78,-1.97,-2.50,-3.02,-3.30,0.33,0.14,0.66,0.82,1.12,0.63
1926,0.42,0.83,0.75,1.09,-0.36,-0.47,0.05,0.76,2.67,3.07,2.91,2.12
1927,1.89,1.61,1.54,1.90,2.36,1.97,2.10,1.60,1.95,1.39,2.08,2.39
1928,2.06,2.17,1.67,1.50,0.83,1.85,1.89,-0.10,-0.47,-0.44,-0.53,-0.71
1929,0.86,0.48,0.09,0.90,1.65,1.65,1.75,1.60,1.16,1.71,1.61,2.23
1930,3.15,2.90,-0.33,-0.60,-1.39,-1.80,-2.74,-3.34,-3.28,-3.65,-4.57,-5.44
1931,-6.16,-6.69,-6.98,-6.96,-6.67,-5.91,-6.12,-5.73,-5.14,-4.89,-4.92,-4.69
1932,-3.45,-3.41,-3.22,-3.20,-3.58,-3.36,-3.17,-3.60,0.71,1.32,1.19,2.02
1933,1.61,1.35,1.71,1.52,2.11,-1.20,-1.81,-2.04,-0.79,-0.78,-1.29,-1.75
1934,-1.84,-2.13,-1.87,-2.18,-3.24,-4.21,-5.37,-5.11,-4.30,-4.93,-5.34,-5.75
1935,-5.40,-5.29,-4.48,-4.36,-3.09,-2.61,-2.49,-2.22,-2.34,-2.75,-2.41,-2.53
1936,-2.52,-1.60,-1.59,-1.67,-2.31,-2.81,-3.72,-3.90,0.16,0.30,0.17,0.22
1937,1.59,1.26,0.71,1.45,1.34,2.10,2.55,2.13,1.76,1.68,1.37,1.10
1938,0.70,1.26,1.93,1.44,1.62,2.25,2.54,-0.04,-0.26,-1.11,-1.81,-2.11
1939,0.39,1.25,1.24,1.55,-1.31,-0.91,-0.93,-0.87,-2.00,-1.74,-2.49,-3.20
1940,-3.29,-3.20,-3.05,-2.37,-1.57,-1.39,-1.99,-1.95,-2.72,-2.45,-2.43,-2.35
1941,-2.16,-2.49,-2.91,-3.41,-3.56,-2.89,-3.44,-3.95,-4.67,0.65,0.47,0.09
1942,0.02,0.48,0.93,-0.69,-1.13,0.17,0.95,1.62,1.99,1.91,2.60,2.35
1943,1.99,1.49,1.35,1.31,3.76,2.67,3.57,3.44,3.58,2.90,2.62,1.70
1944,0.93,0.78,1.42,2.37,2.32,-0.97,-2.00,-2.46,-3.00,-3.27,-3.58,-3.93
1945,-4.38,-4.40,0.62,0.32,1.25,1.39,1.29,1.21,1.67,1.99,-0.05,-0.10
1946,-0.31,-0.28,-0.79,-1.77,-1.25,-0.78,-1.27,-1.67,-2.29,-2.21,-2.39,-2.30
1947,-1.43,-1.84,-1.89,1.12,1.66,1.76,1.35,0.70,1.43,1.01,0.76,0.58
1948,0.61,0.88,1.43,0.79,1.00,1.31,-0.18,-0.75,-1.03,-1.40,0.03,0.28
1949,1.68,1.98,1.32,0.77,0.77,1.12,1.00,0.67,0.60,1.20,0.66,1.05
1950,3.58,4.47,4.11,4.97,3.50,3.62,3.84,3.69,4.28,3.64,4.53,4.24
1951,3.78,3.98,3.77,3.60,3.02,3.23,3.53,3.59,2.89,3.32,3.64,3.95
1952,4.25,3.87,3.96,3.73,4.01,-0.47,-0.66,-0.83,-0.77,-1.23,-1.49,-1.84
1953,-1.61,-1.78,-1.26,-1.14,-1.39,-2.25,-2.31,-2.41,-2.91,-3.61,-4.53,-5.17
1954,-5.09,-4.63,0.43,-0.15,-0.50,0.05,0.76,2.06,1.51,3.73,3.62,3.20
1955,2.91,2.51,2.84,-0.73,-1.32,-1.59,0.44,0.86,0.17,1.36,2.37,1.50
1956,1.08,1.32,1.27,1.40,1.81,-0.54,-0.32,-0.40,-1.32,-2.47,-2.97,-3.11
1957,-3.11,-2.85,-3.32,1.37,1.28,2.07,1.68,1.13,1.21,1.89,1.89,2.75
1958,-0.31,-0.78,-1.70,-2.12,-2.59,1.42,2.83,3.32,3.73,3.05,3.74,2.67
1959,3.30,3.77,3.39,3.93,3.36,3.02,2.67,1.95,1.90,2.23,2.41,2.26
1960,2.24,2.42,-0.73,-1.13,-0.55,0.00,-0.12,-0.24,-0.56,-1.00,-1.68,-2.42
1961,-3.22,0.06,0.59,1.49,1.08,0.74,1.41,1.27,1.56,1.28,1.23,0.96
1962,1.36,1.35,-0.35,-1.19,-0.93,-1.42,-1.13,-1.51,-1.89,-1.93,-2.75,-3.56
1963,-4.16,-4.65,-4.10,-3.82,-3.67,-3.71,-2.62,-2.53,-3.06,-4.19,-4.63,-5.25
1964,-5.40,-5.68,-4.70,-3.51,-3.90,-3.63,-3.52,-3.56,-3.75,-4.33,-5.19,-5.41
1965,0.49,0.84,0.98,1.39,-0.51,-1.11,-1.30,0.66,0.84,1.15,0.83,1.42
1966,-0.55,-0.67,-1.14,-1.00,-0.63,-1.34,-1.12,-1.16,-1.40,-1.75,0.69,1.95
1967,1.87,-0.07,-0.32,-0.18,-0.02,-0.38,-0.97,-1.41,-1.73,0.62,0.72,2.42
1968,2.26,2.02,1.32,0.90,1.78,2.48,2.37,2.82,2.53,1.84,2.28,2.61
1969,3.32,-0.68,-1.16,0.28,0.09,0.89,1.09,0.02,0.32,0.63,1.11,-0.42
1970,-0.82,-1.26,-1.22,0.69,-0.05,-0.55,-0.08,-0.72,0.74,0.94,1.12,-0.31
1971,-0.68,0.71,-0.57,-1.33,-0.88,-1.31,-1.09,-1.48,-0.97,-1.23,-1.98,-1.39
1972,-1.50,-1.87,0.28,1.13,-0.09,-0.45,-0.03,-0.38,1.93,2.36,3.26,3.34
1973,2.85,2.24,2.48,1.93,1.74,1.66,2.11,2.30,1.34,0.74,0.67,1.23
1974,1.65,1.57,1.81,1.23,1.83,-0.06,-1.32,-1.44,-1.19,-1.69,-1.99,-1.97
1975,0.29,0.53,0.18,0.53,0.45,1.55,-0.94,1.49,1.43,1.02,1.07,1.25
1976,1.15,1.51,1.78,-0.60,-0.73,0.11,0.65,-0.58,-0.36,-0.17,-0.65,-1.28
1977,-1.70,0.11,0.83,-0.24,-1.58,0.11,0.06,1.06,2.01,1.92,2.08,2.42
1978,2.58,-0.63,-0.48,-0.07,-0.34,-0.63,-0.72,-0.53,-1.07,-1.25,-1.47,-1.29
1979,-0.85,-1.13,-0.94,-0.78,-1.01,-1.20,0.12,1.03,-1.00,-0.90,0.52,0.74
1980,0.23,0.09,0.81,0.66,0.44,0.63,1.28,2.17,2.16,2.08,-0.25,0.27
1981,-0.59,-0.22,-1.24,0.86,1.23,3.33,3.44,3.28,3.77,3.81,3.35,3.26
1982,3.73,3.55,3.85,3.29,2.76,2.91,2.63,2.24,1.88,0.98,2.12,2.57
1983,-0.45,-0.84,-1.19,0.68,1.06,-0.40,-1.04,-2.03,-2.40,0.03,-0.05,0.54
1984,-0.42,-0.69,0.53,0.67,1.23,-0.92,-0.81,-1.49,0.56,0.72,0.98,1.15
1985,1.14,1.85,2.31,-0.99,-1.68,-1.75,-2.13,0.93,0.83,0.95,2.22,0.04
1986,-0.61,-0.08,-0.22,-0.84,0.08,1.00,2.37,2.36,2.85,3.45,3.40,-0.12
1987,-0.04,-0.79,-1.46,-1.78,0.01,0.04,-0.19,0.80,0.43,0.51,0.60,1.35
1988,-0.34,-0.24,-0.35,-0.69,-1.70,-2.96,-3.01,-3.12,0.01,0.61,1.09,1.07
1989,1.08,0.58,0.09,0.16,0.94,1.08,0.99,1.34,1.99,1.69,1.79,1.40
1990,1.24,3.03,2.40,1.66,2.60,2.54,2.67,4.25,3.92,4.86,4.82,6.04
1991,-0.12,-0.47,-0.78,-0.43,-0.35,-1.44,-1.58,-1.44,-1.82,1.41,1.77,-0.25
1992,-0.42,-0.69,-0.69,-0.49,-0.85,-1.08,2.01,1.84,3.12,2.99,4.70,4.54
1993,5.05,4.40,3.97,3.85,3.08,3.92,3.91,3.27,4.11,3.92,4.20,-0.34
1994,-0.10,-0.52,-1.34,-0.63,-1.23,-1.12,-1.14,-1.00,-1.70,-2.31,-2.34,-2.27
1995,-1.60,-1.92,-2.22,-1.50,-0.98,-0.62,-1.22,-0.89,-1.60,-1.28,-1.07,-1.45
1996,-1.13,-1.17,-1.47,0.35,1.81,2.34,3.15,2.82,2.72,2.50,3.16,3.36
1997,3.11,3.56,3.31,2.22,3.14,2.97,3.34,3.66,4.09,3.67,3.77,3.23
1998,3.48,2.89,3.19,3.15,1.84,1.88,2.51,3.25,-0.82,-0.41,-0.74,-1.18
1999,0.75,0.85,0.30,1.22,1.15,-0.48,-1.54,-1.18,-1.70,-1.99,-3.20,-3.64
2000,-4.01,-4.02,-4.39,-4.24,0.32,1.47,1.04,1.52,2.06,1.74,1.64,1.98
2001,1.32,1.77,-0.90,-0.91,-0.85,0.06,0.63,1.24,1.61,3.81,3.67,3.27
2002,3.23,2.84,2.62,2.38,2.85,-0.66,-1.05,-1.51,-1.83,-2.18,-2.60,-2.95
2003,-3.30,-3.18,-3.13,-3.17,1.57,1.25,3.72,4.18,5.66,5.31,5.13,4.86
2004,4.54,3.46,2.87,1.25,2.01,2.69,3.28,4.10,3.11,3.06,3.51,3.37
2005,4.89,4.72,-0.37,-0.87,-1.43,-1.97,-1.22,-1.76,-1.43,-2.23,-2.17,-2.07
2006,0.38,0.40,0.17,0.01,0.99,0.64,0.91,0.81,0.71,1.59,1.60,2.27
2007,3.39,2.91,2.80,2.80,-1.36,-2.13,-2.24,2.10,1.65,1.31,1.64,2.50
2008,2.59,3.86,3.97,3.17,3.37,3.35,3.03,2.11,2.24,1.87,1.25,1.91
2009,1.53,2.14,3.26,3.85,3.51,3.06,2.77,3.07,2.22,3.19,2.70,2.79
2010,2.02,1.68,1.33,1.06,1.97,2.54,-0.15,-0.61,-1.23,-2.06,-1.97,-2.54
2011,-2.67,0.68,0.47,1.48,2.73,-0.61,-1.77,-1.77,0.94,1.47,2.95,3.17
2012,3.35,-0.19,-1.10,-2.07,-3.14,-4.14,-4.50,-3.87,-3.63,-3.05,-3.73,-3.84
2013,-2.80,-2.41,-99.99,-99.99,-99.99,-99.99,-99.99,-99.99,-99.99,-99.99,-99.99,-99.99
