1895 0.44  -0.53  -1.09  -1.64  -2.58  -3.03  -2.87  -3.51  -3.78  -4.23  -3.69  -2.69   
1896 -2.81  -2.53  -2.54  -3.29  -3.14   0.15   1.49   2.22   3.06   2.74   2.79   1.94   
1897 2.41   2.21   3.24   3.06  -0.33   0.31  -0.34  -1.14  -2.21  -2.98   0.43   0.34   
1898 1.18   1.11   2.90  -0.45  -0.24  -0.32  -0.76  -0.99   0.26   0.92   1.05   0.81   
1899 0.92   0.82   0.83  -0.99  -1.13  -1.50  -1.67  -1.74  -2.16  -2.20  -2.70  -2.65   
1900 -2.83  -1.73  -1.89  -2.50  -2.08  -1.19  -0.82  -0.85  -1.30  -1.42  -1.35  -1.80   
1901 -1.92  -1.80  -1.47  -1.56  -2.01  -1.73  -2.84  -3.21  -3.87  -3.36  -3.96  -3.49   
1902 -3.66  -3.66  -3.32  -3.49   0.06   1.55   1.23   0.84   1.49   1.42   1.42   1.61   
1903 1.44   1.89  -0.42  -0.13  -0.53   0.17   0.06   0.54  -0.38  -0.33  -0.73  -0.92   
1904 0.68   0.75   2.58   2.53  -0.25  -0.37  -0.54  -0.83  -0.63  -1.25  -2.42  -2.48   
1905 -2.44  -2.24  -2.61   0.12   0.71   0.37   0.77   1.52   1.67   2.69   2.62   2.26   
1906 2.29   1.91   2.45  -0.62  -1.24  -1.45  -1.88  -1.44  -1.14  -1.56  -1.50   0.36   
1907 1.79   0.78   0.89   0.83   0.62   1.07   1.35   1.85   1.66   1.85   1.99   2.35   
1908 1.83   3.15   2.78   2.57   3.31  -0.73  -1.21  -2.08  -3.00  -3.98  -4.73  -5.32   
1909 -5.24   0.75   0.42   0.82   1.03   1.38   2.12   1.79   1.72   2.43   2.52   2.42   
1910 -0.13   0.18  -1.49  -1.96  -1.69  -2.14   0.82   0.41   0.93   2.10   1.98  -0.27   
1911 -0.25  -0.34  -0.71   0.67  -0.91  -1.13  -1.89  -2.12   0.91   1.20   1.41   1.04   
1912 0.91   0.96   1.37   1.51   1.32   1.02   1.18   2.18   2.13   1.88   1.64   0.79   
1913 2.28   1.80   3.39  -0.08  -0.55  -1.27  -2.03  -2.37  -2.42  -2.25  -2.34  -2.88   
1914 -2.69  -2.11  -2.15  -2.17  -2.54  -3.15  -3.94  -3.43  -3.54  -3.91  -4.96  -5.02   
1915 -4.69  -4.49  -4.73  -5.18   0.75   0.49   1.49   3.12   3.08   2.48   2.11   2.37   
1916 3.88  -0.46  -0.83  -1.21   0.07   1.19  -0.61  -0.83  -0.94  -1.26  -1.93  -1.85   
1917 -1.69  -2.16  -2.04   0.26   0.87   1.34  -0.17  -0.43  -0.84   0.89  -0.56  -1.02   
1918 -0.78  -0.77  -1.62   0.44   0.51  -0.12  -0.21  -0.46   0.74   0.74   0.61   1.51   
1919 -0.63  -0.69  -0.23  -0.55  -0.37  -0.53  -1.55  -2.28  -2.62   1.77   1.93  -0.66   
1920 -0.90  -1.41   0.44   1.38  -0.06  -0.40  -0.39  -0.55  -0.69  -1.08  -1.70  -1.60   
1921 -1.53  -1.78  -1.07  -0.93  -1.60  -1.81  -2.73   0.63   1.26   1.27   1.86   2.04   
1922 1.54   1.05   2.38   2.87  -0.44  -1.36  -1.51  -2.30  -3.01  -2.99  -3.60  -3.09   
1923 -2.84  -2.78  -2.11  -2.39   0.51   0.24   0.05   0.66   0.76   1.15   0.91   1.71   
1924 1.62   1.25   1.26   0.75   0.73   1.73   1.02   1.43   1.63  -0.82  -1.52  -0.77   
1925 -1.38  -1.57  -1.51  -2.17  -3.00  -3.01  -2.78  -3.03   0.46   0.91   1.36   0.75   
1926 0.55   0.80   0.82   1.06  -0.43  -0.66  -1.00   0.99   2.99   3.52   3.46   2.64   
1927 2.51   1.92   2.21   2.79   3.60   3.26   2.69   1.82   2.03   1.70   2.16   2.30   
1928 1.92   2.03  -0.65  -0.73  -1.11   1.12   0.83   1.14  -0.51   0.23   0.33   0.27   
1929 1.04  -0.28  -0.46   0.36   1.44   1.64   1.65   1.35   1.21   1.51   1.44   1.84   
1930 3.08  -0.07  -0.65  -0.99  -1.92  -2.36  -3.11  -3.78  -3.46  -3.73  -4.41  -5.02   
1931 -5.38  -5.69  -5.80  -5.71  -5.41  -4.92  -5.09   0.28   0.44   0.88   0.95   1.20   
1932 1.61  -0.26  -0.52  -1.00  -1.74  -1.50  -1.60   0.03   0.85   1.17   1.31   1.75   
1933 1.55   1.27   1.47   1.27   2.51  -1.53  -2.64  -3.31  -3.14  -3.32  -4.43  -4.98   
1934 -5.16  -5.75  -5.86  -5.88  -6.53  -6.91  -7.29  -6.01  -4.00  -4.33  -3.77  -3.47   
1935 -3.00  -3.24  -3.17  -3.28  -1.65  -0.99  -1.11  -1.31  -1.20  -1.78  -1.43  -1.76   
1936 -1.88  -0.95  -1.39  -1.34  -1.80  -2.81  -4.02  -4.25   0.52   1.00   1.07   1.08   
1937 2.67   2.33   1.62   2.24   1.59   1.97   2.45   1.88   1.91   3.00   2.87   2.62   
1938 1.95   2.06   3.13   2.70   2.99   2.88   3.41   3.58   2.88   1.93   1.49   1.21   
1939 1.78   2.34   2.38   3.07  -1.05   0.36   0.99  -0.12  -1.14  -1.16  -1.96  -2.59   
1940 -2.80  -2.78  -2.86  -2.27  -1.67  -1.80  -2.70  -3.02  -3.52  -3.68  -3.76  -3.76   
1941 -3.81  -3.95  -4.26  -4.29  -4.41  -3.03  -3.27  -3.43  -3.50   1.01   1.22   0.62   
1942 0.30   1.22   1.01   0.30   0.26   1.01   1.05  -0.16  -0.28  -0.65  -0.22  -0.47   
1943 -0.80  -1.18  -1.16  -1.38   2.48  -0.34  -0.69  -1.01  -0.95  -1.52  -1.81  -2.38   
1944 -2.97  -2.68  -2.33  -1.07  -1.02  -1.54  -2.16  -2.03  -2.45  -2.92  -3.52  -4.01   
1945 -4.48  -4.60   0.88   0.80   1.11   1.98   1.35   1.35   2.07   2.12   2.33   2.18   
1946 -0.26   0.34  -0.65  -1.44   0.98   1.15  -0.47  -0.53  -1.14  -1.25  -1.40  -1.45   
1947 -1.03  -1.65  -1.74   1.03   1.08   1.53   1.00   1.18   1.79  -0.28  -0.61  -0.90   
1948 -0.92   0.12   1.13  -0.32  -0.35  -0.28  -0.10  -0.68  -0.65  -0.68  -0.62   0.15   
1949 1.92   2.04  -0.20  -0.73  -0.91  -0.66  -0.62  -0.81  -0.95   1.18   0.91   1.43   
1950 4.42   5.03   4.74   4.64   3.37   3.59   3.29   2.96   4.47   3.81   4.46   3.85   
1951 3.54   3.96   3.36   2.89   2.30   2.36   2.83   2.16   1.89   1.77   2.06   2.21   
1952 2.35   2.10   2.40   2.43   2.17   2.74  -0.56  -0.55  -0.65  -1.25  -1.55  -1.56   
1953 -1.29  -1.39   1.31  -0.12  -0.44  -0.69   0.66  -0.69  -1.49  -2.15  -3.19  -3.76   
1954 -3.47  -3.36  -3.30  -3.41  -3.24  -3.61  -3.82  -3.49  -4.17  -2.85  -3.20  -2.95   
1955 -2.45  -2.16  -2.05  -2.09  -1.71  -1.54  -1.47  -2.28   0.34   0.85   1.53  -0.64   
1956 -0.96   0.89  -0.56  -0.47  -0.05  -0.43  -0.57  -0.86  -1.43  -2.39  -2.80  -2.42   
1957 -2.06  -1.79  -2.10   1.08   1.58   2.88   2.88   2.85   2.38   2.65   2.85   3.86   
1958 3.13   2.17   1.38   0.71   0.57   2.39   3.85   3.87   3.89   3.28   3.88   2.74   
1959 2.99   3.19   2.75   2.84  -0.51  -1.07  -1.52  -1.85   0.03   0.19  -0.10  -0.14   
1960 -0.22   0.56  -0.53  -1.24   0.21   1.02  -0.11  -0.11  -0.80  -1.18  -1.66  -1.94   
1961 -2.34  -0.01   0.86   1.49   1.84   1.81   1.58   1.77   1.60   1.56   1.47   1.33   
1962 1.78   1.63   1.58  -0.78  -0.78  -1.20   1.48   1.51   1.88   1.91  -0.01  -0.52   
1963 -1.02  -1.47   1.15   0.00  -0.68  -1.44  -1.07  -0.84  -1.70  -2.87  -3.43  -4.09   
1964 -4.08  -4.06  -2.74  -0.94  -1.90  -1.99  -1.92  -2.55  -3.12  -3.80  -4.31  -4.55   
1965 0.32   0.67   0.23   0.68  -0.56  -0.66   0.06   0.32   1.24   1.14  -0.36  -0.42   
1966 -0.69  -0.75  -1.44  -1.04  -1.14  -1.54  -1.96  -2.22   0.53   0.12   0.66   1.68   
1967 -0.17  -0.25  -0.27  -0.38  -0.06  -0.92  -1.31  -1.51  -1.87   0.46   0.09   1.68   
1968 1.63  -0.22  -0.62  -0.82   1.29   1.03   0.99   1.11  -0.35  -0.85   0.37   0.56   
1969 1.66  -0.50  -0.87  -0.48  -1.00   0.11   0.50   0.05   0.61   1.29   1.90  -0.34   
1970 -0.77  -1.08  -1.04   0.99  -0.21  -0.63  -0.39  -0.90  -0.52  -0.23  -0.38  -0.80   
1971 -1.05   0.94  -0.53  -1.53   0.04   0.20   1.28  -0.32   0.33  -0.49  -1.16   0.87   
1972 -0.40  -0.90  -1.28   1.28   0.60   0.85   0.63   0.69   1.84   2.00   3.09   3.33   
1973 2.77   2.05   2.80   2.70   2.07   2.81   3.44   3.20   2.48   2.03   2.27   2.88   
1974 3.17   2.88   3.02   2.68   3.55   3.81   2.51   2.82   3.02   2.62   2.26   2.14   
1975 2.65   2.89   2.77   2.58   2.21   1.89   1.35   1.95  -0.08  -0.32  -0.60  -0.40   
1976 -0.45  -0.21  -0.15  -1.15  -1.50  -0.67  -0.83  -1.20  -1.26  -1.00  -1.68  -2.48   
1977 -2.76  -2.56  -1.81  -2.44  -3.05  -3.25  -3.35   1.76   1.74   2.65   2.43   2.67   
1978 2.39   1.52   1.69   1.57   1.51   0.97   1.32   1.76  -0.74  -0.81  -0.84   0.15   
1979 0.60   0.35   0.46   0.82  -0.44  -0.67   1.87   3.46  -0.75   0.12   0.76  -0.23   
1980 -0.60  -0.55   0.58  -0.17  -0.90  -0.19  -0.13  -0.07   0.00  -0.07  -0.68  -1.30   
1981 -1.91  -1.53  -2.24   0.55   1.96   1.17   1.80   3.02   3.36   3.47   2.88   2.73   
1982 3.37   2.82   3.01   2.59   2.40   2.70   2.74   3.05   2.54   2.27   2.55   3.52   
1983 -0.50  -0.88  -1.11  -0.56  -0.05  -0.11  -0.83  -1.29  -1.82   0.63   0.69   1.22   
1984 -0.57  -0.67   0.13   0.53   0.74  -0.94  -0.79  -1.39   0.20   0.33   0.56   0.64   
1985 0.74   1.55   1.96  -0.83  -1.06  -1.22  -1.35   1.20  -0.42  -0.69   2.54   2.43   
1986 -0.69  -0.32  -0.52  -1.08  -0.60  -0.61  -0.55  -1.02   0.35   1.13  -0.07  -0.30   
1987 -0.48  -1.11  -1.65  -1.66  -2.29   0.27   0.82   0.74  -0.15  -0.38  -0.60   1.02   
1988 0.69   0.79   0.92  -0.28  -1.23  -2.61  -2.92  -3.65  -3.86   0.13   0.55  -0.03   
1989 -0.20  -0.45  -0.50   0.42   1.25   0.71   1.26   2.41   3.66   3.14   3.01   2.23   
1990 1.74   3.11   2.75   2.18   2.66   2.71   3.51   3.46   2.92   3.89   4.10   5.34   
1991 -0.18  -0.55   0.64  -0.41  -0.70  -1.67  -2.40  -2.46  -2.92  -1.87  -1.37  -1.48   
1992 -1.56  -1.56  -1.50  -0.91  -1.59  -2.01   2.35   2.00   2.71   2.56   4.67   4.05   
1993 4.24   3.67   3.19   3.61   2.91   3.20   3.40   4.22   5.54   5.64   6.60  -0.28   
1994 -0.16  -0.62  -1.31  -0.01  -0.27  -0.51  -0.42  -0.12  -0.17  -0.75  -0.64  -0.97   
1995 -0.89  -1.35   0.00   0.06   0.83  -0.44  -0.94  -1.03  -1.73  -1.84  -2.12  -2.29   
1996 -1.81  -2.01  -1.87   1.10   2.12   2.20   2.15   1.30   1.24   0.82   0.95   1.12   
1997 1.30   1.97   2.23   1.51   1.70   1.84  -0.63  -0.55  -1.09  -1.56  -2.06  -2.51   
1998 -2.18  -2.46   0.83   1.13   1.13   2.96   2.79   2.50   1.43   1.68   1.36   0.77   
1999 1.68   2.25  -0.55  -0.17  -0.54  -0.45  -0.69  -1.41  -1.86  -2.09  -3.28  -3.50   
2000 -3.63  -3.12  -3.55  -3.56   0.15   0.94   1.00   1.24   1.92   1.98   2.18   0.01   
2001 -0.49  -0.03  -0.93  -1.55  -1.69  -0.03   0.82   0.93   0.93   3.27   2.96   2.82   
2002 2.39   2.54   2.61   3.09   3.89   3.36   3.04   3.08  -0.18  -0.06  -0.32  -0.48   
2003 -0.78  -0.61  -1.21  -1.55   0.53   0.29   1.84   1.52   3.62   3.38   3.75   3.60   
2004 3.71   2.72   2.76   1.49   1.74   2.09   2.21   2.46   1.38   1.64   2.13   1.94   
2005 3.75   3.38   2.46   1.86   1.32   0.78   1.18   1.60   1.89   1.44   1.45   1.11   
2006 1.19   0.83   1.33   1.14   1.30   1.29   1.53   1.91   2.33   3.45   3.66   4.17   
2007 4.56   4.36   3.89   3.66  -0.94  -1.15  -1.27  -1.43  -1.80   0.09  -0.09   0.56   
2008 0.55   1.79   2.11   1.69   2.11   3.37   3.67   2.94   2.67   2.27   1.69   2.65   
2009 1.99   2.37   1.52   2.62   2.94   3.05   3.17   3.33   2.42   3.92   3.63   3.71   
2010 3.01   2.40   1.99   1.18   1.13   2.42   2.53  -0.78  -1.30  -2.07  -1.99  -2.30   
2011 -2.29   1.22   1.06   3.19   3.11   3.04   2.17   1.23   1.28   1.28   2.09   2.50   
2012 2.64  -0.43  -1.44  -1.83  -2.37  -3.23  -4.41   0.48  -2.36  -1.40  -1.62  -1.33   
2013 2.10   2.23 -99.99 -99.99 -99.99 -99.99 -99.99 -99.99 -99.99 -99.99 -99.99 -99.99   
