1895 0.41  -0.71  -1.36  -1.79  -2.30  -2.50  -2.15  -2.78  -3.16  -3.60  -2.65  -2.19   
1896 -2.52  -2.38  -1.94  -2.99   0.09   0.19   1.80   2.00   2.58   2.31   2.62   1.99   
1897 1.84   2.21   3.30   3.38  -0.40  -0.26  -0.42  -1.32  -2.38  -3.23   0.68   0.59   
1898 1.48   0.73   2.36   1.72   1.69   1.50   1.22   0.86   1.03   1.50   1.44   1.13   
1899 1.41   1.32   1.65  -0.64  -0.71  -1.28  -1.47  -1.71  -2.10  -2.18  -2.25  -1.99   
1900 -2.10  -1.68  -2.11  -2.70  -2.14  -1.04  -0.78  -1.05  -1.54  -1.72  -1.12  -1.30   
1901 -1.68  -1.92  -1.68  -1.80  -2.37  -2.35  -3.78  -3.80  -4.09  -3.86  -4.26  -3.80   
1902 -3.61  -3.77  -3.76  -3.95  -0.02   0.96  -0.60  -0.90   0.69   0.49   0.79   1.70   
1903 1.34   2.24  -0.40  -0.23  -0.62  -0.47  -0.74  -0.49  -1.02  -1.11  -1.40  -1.69   
1904 0.42   0.35   2.30  -0.15  -0.57  -0.79  -1.04  -1.39  -1.32  -2.16  -2.99  -2.67   
1905 -2.58  -2.38  -2.77  -2.65   0.35  -0.38   0.39   0.67   0.77   1.65   1.89   1.87   
1906 1.87   1.02   2.06  -0.85  -1.57  -1.61  -1.54  -1.27  -0.83  -1.39   0.50   1.18   
1907 2.55   1.75   1.53   1.16   1.31   1.60   1.87   2.26   2.21   2.24   2.42   2.56   
1908 1.92   2.95   2.65   2.76   3.07  -0.36  -0.70  -1.46  -2.25  -3.15  -3.49  -4.02   
1909 -3.91   1.42   1.13   1.50   1.61   1.64   2.35   1.73   1.50   1.78   1.62   1.67   
1910 1.51   1.74  -1.50  -1.73   0.24   0.16   1.46   1.14   1.60   2.47   2.30  -0.09   
1911 -0.11  -0.45  -0.82   0.89  -0.73  -0.96  -1.85  -2.17   0.15  -0.14   0.09   0.38   
1912 0.30   0.46   1.16   1.70   1.68   1.46   1.72   2.36   2.34   1.91   1.28   0.89   
1913 2.91   2.27   4.30  -0.39  -0.98  -1.52  -2.34  -2.84  -2.82  -2.61  -2.31  -2.63   
1914 -2.70  -1.97  -1.96  -2.25  -2.80  -3.65  -4.57  -4.01  -4.02  -3.88  -4.60  -4.37   
1915 -3.67  -3.92  -4.22  -4.88   1.00   1.00   1.93   3.36   3.28   2.83   2.97   3.64   
1916 5.11  -0.27  -0.91  -1.30  -1.26  -0.39  -0.79  -0.81  -0.63  -0.86  -1.44  -0.04   
1917 0.56   0.39   0.67   0.90   1.19   1.44  -0.03  -0.21  -0.58  -0.04  -0.63  -1.12   
1918 0.53  -0.41  -1.21  -0.73  -0.69  -0.67  -0.72  -1.10   0.61   0.58   0.18   0.92   
1919 -0.44  -0.85  -0.16  -0.59  -0.10  -0.19  -1.27  -1.97  -2.39   1.64   2.39   2.06   
1920 2.01   1.36   1.45   2.06   2.09  -0.66  -0.71  -0.62  -0.64  -1.07  -1.45  -1.55   
1921 -1.38  -1.35  -1.02  -0.95  -1.69  -1.91  -2.93   0.48   0.87   0.63   1.79   2.10   
1922 1.59   1.15   2.55   2.78  -0.55  -1.40  -1.55  -2.42  -2.94  -3.01  -3.23   0.39   
1923 0.57   0.72   0.72   0.41   0.87   0.67   0.38   0.98   0.95   1.08   1.05   2.18   
1924 2.00   1.36   1.45   1.03   1.21   1.67  -0.55   0.27   0.66  -0.79  -1.41  -0.63   
1925 -1.20  -1.40  -1.27  -1.86  -2.54  -2.49  -2.34  -2.92   0.20   0.87   1.65  -0.47   
1926 -0.47  -0.42  -0.45  -0.31  -0.77  -0.80  -0.96   1.00   2.09   2.78   2.55   2.50   
1927 2.73   1.96   2.29   2.94   4.15   3.81   3.24   2.55   2.73   2.44   2.81   2.91   
1928 2.25   2.15   1.07   0.74   0.64   2.39   2.08   2.20   1.53   1.67   1.62   1.37   
1929 2.07   1.94   1.33   1.00   2.34   2.36   2.32   1.64   1.59   1.63   1.56   1.76   
1930 3.03  -0.08  -0.88  -1.47  -2.02  -2.43  -3.44  -4.18  -3.92  -4.17  -4.47  -4.97   
1931 -5.41  -5.81  -5.56  -5.27  -5.09  -5.25  -5.20   0.30   0.75   0.75   0.78   1.17   
1932 2.29  -0.42  -0.55  -0.82  -1.65  -1.76  -2.07   0.45   1.79   2.38   2.40   3.09   
1933 3.15   2.62   2.94   2.91   4.21  -1.19  -1.74  -1.98  -2.06  -2.04  -2.86  -3.11   
1934 -3.45  -3.89  -3.79  -4.29  -4.91  -4.70  -4.56  -3.66  -2.23  -2.72  -2.81  -2.89   
1935 -2.56  -3.01   0.63   0.30   1.45   2.38  -0.38  -0.36  -0.68  -0.82  -0.96  -1.47   
1936 -1.71  -1.65  -1.95  -1.75  -2.61  -3.29  -4.05  -5.18  -5.00   0.19   0.25   0.12   
1937 3.29  -0.11  -0.87  -0.49  -0.63  -0.50  -0.97  -1.02   0.18   1.55   1.24   1.30   
1938 1.01   0.63   1.25  -0.78   0.35   0.70   1.07   1.16  -0.23  -0.87  -0.81  -1.20   
1939 0.54   1.12   0.98   1.95  -0.97  -0.38  -0.60  -0.88  -1.73  -2.25  -2.87  -3.43   
1940 -3.70  -3.30  -3.74  -2.25  -2.15  -2.41  -2.86  -3.29  -3.67  -4.33  -4.05  -4.14   
1941 -4.20  -4.38  -4.86  -4.70  -4.98  -4.40  -4.31  -3.95  -4.21  -2.59  -2.36  -2.21   
1942 -2.24  -1.89  -1.66  -1.85  -1.76  -0.76  -0.76  -0.85  -1.28  -1.71  -1.27  -1.31   
1943 -1.86  -2.11   0.56   0.46   1.26  -0.12  -0.47  -1.65  -1.45  -1.93  -2.57  -3.07   
1944 -3.69  -3.66  -3.30  -2.20  -2.44  -3.17  -4.02  -3.56  -3.76  -4.37  -4.80  -5.14   
1945 -5.31   0.56   2.38   2.62   2.28   3.69   3.25   3.73   5.16   4.62   4.64  -0.12   
1946 -0.45  -0.19  -1.21  -1.82  -0.68  -0.79  -0.95  -0.19  -0.61  -0.93  -0.64  -0.71   
1947 -0.40  -1.24  -1.53   1.02   0.99   1.35  -0.08  -0.54  -0.29  -0.61  -1.04  -1.64   
1948 -1.49  -1.29  -1.25  -1.37  -1.34   0.17   1.32   0.73   0.70   0.83   1.49   1.62   
1949 3.58   3.30   3.48   2.47   1.67   2.11   1.52   1.89   1.76   2.50   1.73   1.97   
1950 4.36   5.34   4.81   5.07   4.55   4.46   4.12   4.36   4.99   4.25   4.89   4.23   
1951 4.34   4.39   4.10   3.47   2.47   2.62   2.01   1.72   1.64   1.05   1.39   2.32   
1952 2.06   2.00   2.59  -0.09  -0.58  -0.95  -1.48  -1.86  -1.74  -2.20  -2.76  -3.09   
1953 -2.70  -3.01  -2.66  -2.30  -2.36  -3.08  -3.48  -4.33  -4.99  -5.33  -5.90  -6.11   
1954 -5.76  -5.74  -5.98  -5.83  -5.54  -5.77  -6.11  -5.17  -4.77  -4.18  -4.68  -4.19   
1955 -4.15   0.73   0.94   1.32  -0.21  -0.03  -0.05  -1.05  -0.89  -0.41  -0.13  -0.79   
1956 -1.02   1.20  -0.46  -0.34  -0.32  -0.70  -0.84  -1.25  -1.31  -2.03  -2.46  -2.67   
1957 -2.39  -2.19  -2.66   0.49   1.18   2.02   1.95   1.54   1.09   1.23   2.18   3.19   
1958 2.65   1.76   1.33   1.09   0.95   1.71   4.08   4.04   4.03   3.57   3.50   2.55   
1959 2.87   2.83  -0.54  -1.41  -1.29  -1.68   0.38   1.11   1.66   1.79   1.50   1.66   
1960 -0.17  -0.14  -0.51  -1.07   0.32   1.21  -0.19  -0.37  -1.26  -1.39  -1.51  -1.69   
1961 -2.09   0.16   0.26   0.50   2.37   2.47   2.30   2.42  -0.80  -1.20  -1.08   0.26   
1962 0.53   1.23  -0.16  -0.97  -1.28  -1.26  -1.34  -1.28  -0.97  -1.08  -1.61  -1.87   
1963 -2.30  -2.75  -1.17  -1.76  -1.74  -2.01  -1.49  -1.60  -2.24  -3.18  -3.72  -4.42   
1964 -4.56  -4.94  -2.50  -2.16  -2.69  -2.41  -2.08  -2.44  -2.44  -3.07  -3.50  -3.20   
1965 -2.93  -1.93  -2.14  -2.10  -2.89  -2.61  -2.27  -1.89  -0.57  -0.67  -1.36  -1.95   
1966 -1.89  -1.29  -2.04  -1.14  -1.10  -1.62  -2.13   0.01   0.50   0.27   0.02   0.67   
1967 -0.55  -0.75  -0.84  -0.81  -0.46  -0.79  -0.35  -0.26  -0.62   0.70   0.92   1.73   
1968 -0.21  -0.43   0.02   0.02   0.57  -0.52   0.16   0.41   0.41   0.01   0.29   1.10   
1969 2.29  -0.59  -1.01  -0.94  -1.08   0.23   1.31   1.25   0.97   1.42   1.75   1.73   
1970 1.02   0.75   0.81   1.47   0.84   1.54  -0.06  -0.18  -0.49   0.63   0.32   0.16   
1971 0.06   0.75  -0.77  -1.35   0.13  -0.21   0.30   0.08   0.49  -0.38  -1.09  -1.03   
1972 -1.33  -1.29  -0.04   1.36  -0.66  -1.00  -0.94  -0.77  -0.68  -0.73   0.70   1.04   
1973 -0.19  -0.63   0.56   1.16   1.17   1.70   1.71  -0.12  -0.75  -0.89   0.59   0.88   
1974 0.90   0.51   0.33   0.08   0.82   0.95  -0.89   1.60   2.49   2.36   2.93   2.69   
1975 2.76   3.07   3.59   3.67   2.87   2.44   2.19   2.67   2.58   2.46   2.40   2.72   
1976 -0.14  -0.35  -0.89  -1.69   0.39   0.49   0.59   0.08   0.42   1.05  -0.34  -0.98   
1977 -1.20  -1.31  -0.63  -0.92  -1.58   0.42   0.45   1.60   1.62   1.97   2.01   2.20   
1978 -0.04  -0.72  -0.37  -0.44  -0.43  -1.18   0.62   1.39   0.63   0.56   0.65   1.45   
1979 1.64   2.02   2.16   2.49   2.16   2.40   5.00   5.65   5.08   4.65   5.42   0.04   
1980 -0.37  -0.75  -0.35  -0.53  -0.81  -0.30  -0.07  -0.29  -0.39  -0.23  -0.59  -1.29   
1981 -1.93  -1.70  -2.23  -2.25   1.99  -0.47   0.00   0.49  -0.23  -0.28  -0.51  -0.48   
1982 1.54   1.43   1.44   1.04   0.71   0.97   0.70   1.01   1.91   1.85   2.11   3.37   
1983 2.64   1.75   1.35   2.98   4.26  -0.07  -1.01  -1.87  -2.53   1.31   1.82   1.84   
1984 1.07   0.78   1.35   2.16   0.04  -0.96  -1.18  -1.60   0.63   1.28   1.91   2.45   
1985 1.89   2.20   2.50   1.60   1.44   1.71   1.10   1.67   1.34   2.27   3.95  -0.28   
1986 -0.82  -0.21  -0.60  -1.34  -1.14  -1.30   0.98   0.84   1.19   1.67   0.03  -0.11   
1987 -0.62  -0.58  -1.18  -1.48  -1.96  -1.70  -1.23  -1.93  -2.27  -2.41  -2.76  -2.14   
1988 -2.08  -1.14  -1.26  -1.57  -2.21  -3.03  -2.33  -2.59  -2.73   0.11   0.99   0.87   
1989 0.92   2.04   2.97   2.75   2.54   2.39   3.42   3.55   3.60   3.36   3.12   2.45   
1990 2.31   2.92   1.91   1.62   3.30   3.63   3.45   3.29   2.92   3.56   3.36   4.49   
1991 -0.06   0.08   0.19  -0.46  -1.23  -2.00  -2.68  -3.16  -3.15  -2.90  -2.82  -2.61   
1992 -2.88  -3.21  -3.03  -3.30  -3.04  -3.16   1.11   1.20   1.45   1.03   1.30  -0.27   
1993 -0.06  -0.04  -0.38   0.64   0.53   0.53   0.59   0.48   2.03   2.45   3.72   3.36   
1994 3.13  -0.23  -0.99  -0.22  -0.63  -0.91  -1.33  -1.24  -1.02  -1.35   0.42   0.31   
1995 0.37  -0.05  -0.67   0.43   2.21   2.17  -0.19  -0.03  -0.76  -1.15  -1.47  -1.51   
1996 -1.12  -1.50   0.04   1.99   2.63   2.94   2.88   2.18   3.55   3.40   4.01   3.89   
1997 3.84   3.29   3.53   3.09   3.50   3.88  -0.60  -0.21  -0.64  -0.93  -0.92  -1.04   
1998 -1.20  -1.23  -1.49   1.38   1.60   2.34   2.53   2.36   1.38   1.51   1.01   0.92   
1999 1.71   1.89   1.61   1.73   1.23   1.63  -0.11  -0.72  -1.53  -1.60  -2.70  -2.56   
2000 0.24   1.37  -0.63  -0.90  -1.18   0.96   1.28   2.65   3.10   2.55   2.51   2.55   
2001 -0.54  -0.42  -1.11  -1.99  -2.33   0.13   0.88   0.93   1.12   2.74   3.18   3.97   
2002 3.42   2.87   3.31   3.73   4.59  -0.47  -1.32  -2.21   0.58   0.91   0.57   0.92   
2003 0.40   1.19   0.53   0.37   1.06   1.18   1.31   1.01   1.40   1.27   1.62   1.22   
2004 1.48  -0.54  -0.85  -1.35   1.01  -0.42   0.89   1.15  -0.76   1.24   2.03   1.83   
2005 2.52  -0.08  -0.39  -0.69  -1.01  -0.99  -0.92   1.25  -0.12  -0.68   0.63   0.42   
2006 0.59   0.35   1.64   1.32   1.42   1.39   1.59   2.10   4.12   5.10   5.25   5.45   
2007 5.47   5.11  -0.78  -0.67  -1.44  -1.57  -1.83  -2.72  -2.58  -2.15  -2.64   0.88   
2008 0.80   1.76   3.81   3.94   4.26   4.10   3.98  -0.68  -0.67  -0.96  -1.13  -0.55   
2009 -0.64  -0.63  -1.13   0.74   1.34   1.28   2.26   1.86   2.87   4.95  -0.44  -0.20   
2010 -0.45  -0.76  -0.96  -1.29  -1.08  -0.93  -0.41  -1.19  -2.04  -2.71  -1.79  -2.03   
2011 -2.22   0.34   0.29   2.58   2.95   3.22   3.17   2.08   3.09   3.03   3.91   4.26   
2012 3.97  -0.51  -1.49  -1.94  -2.80  -3.73  -4.76  -0.01  -2.13  -1.48  -1.70  -1.58   
2013 2.27   2.09 -99.99 -99.99 -99.99 -99.99 -99.99 -99.99 -99.99 -99.99 -99.99 -99.99   
