1895 0.43  -0.78  -1.48  -1.97  -2.37  -2.42  -1.97  -2.52  -2.97  -3.37  -2.35  -1.74   
1896 -2.07  -1.96  -1.46  -2.66  -2.67   0.05   1.54   1.78   2.40   2.18   2.52   1.90   
1897 1.41   1.90   2.99   3.14   2.66   2.76  -0.23  -0.97  -2.00  -2.89   0.78   0.77   
1898 1.66   0.89   2.41   1.61   1.54   1.35   1.07   0.78   0.91   1.43   1.37   1.18   
1899 1.49   1.43   1.95  -0.72  -0.73  -1.10  -1.29  -1.64  -2.02  -2.20  -2.32  -2.02   
1900 -1.99  -1.47  -1.96  -2.62  -2.50  -1.25  -1.07  -1.34  -1.90  -1.97  -1.08  -1.28   
1901 -1.66  -1.96  -1.86  -1.85  -2.06  -1.80  -3.22  -3.18  -3.49  -3.46  -3.97  -3.54   
1902 -3.28  -3.54  -3.59  -3.91  -3.69  -2.63  -3.05  -3.16   0.67   0.51   0.82   1.81   
1903 1.47   2.51  -0.40  -0.19  -0.56  -0.43  -0.71  -0.68  -1.31  -1.32  -1.51  -1.71   
1904 0.45   0.37   2.24  -0.26  -0.54  -0.62  -0.86  -1.20  -1.25  -1.97  -2.84  -2.54   
1905 -2.46  -2.30  -2.68  -2.66   0.44   0.19   0.48   0.70   0.86   1.86   2.01   2.00   
1906 1.80   0.96   1.98  -0.99  -1.70  -1.73  -1.72   0.09   0.36  -0.50   0.53   1.30   
1907 2.63   1.84   1.77   1.34   1.44   1.83   2.07   2.28   2.24   2.40   2.56   2.79   
1908 2.14   3.23   3.11   3.22   3.16  -0.27  -0.62  -1.25  -2.08  -2.92  -3.35  -3.90   
1909 -3.72   1.72   1.44   1.80   1.98   2.05   2.73   2.08   1.78   2.13   1.80   1.81   
1910 1.90   2.17  -1.61  -1.78   0.23   0.16   1.47   1.05   1.50   2.54   2.27   2.02   
1911 2.00   1.48   0.88   1.76  -0.81  -0.97  -1.79  -1.99   0.12   0.34   0.62   1.13   
1912 0.98   1.05   1.72   2.31   2.03   1.72   1.90   2.37   2.34   1.87   1.13   0.82   
1913 2.97   2.35   4.57  -0.38  -0.73  -1.20  -1.87  -2.30  -2.32  -2.08  -1.79  -2.08   
1914 -2.23  -1.54  -1.61  -1.78  -2.24  -2.96  -3.76  -3.18  -3.31  -3.12  -3.81  -3.53   
1915 -2.73  -3.09  -3.53  -4.40   0.61   0.44   1.37   2.82   2.81   2.58   2.83   3.64   
1916 4.87  -0.27  -0.73  -1.10  -1.08  -0.04  -0.34  -0.37  -0.25  -0.55  -1.18   0.05   
1917 0.79   0.60   0.93   1.08   1.29   1.46  -0.04  -0.20  -0.56   0.75  -0.60  -0.95   
1918 -0.24  -0.63  -1.36  -1.08  -1.01  -0.92  -0.81  -1.10   0.65   0.66   0.27   1.18   
1919 -0.33  -0.78   0.66   0.26   0.73   0.66  -0.98  -1.52  -2.02   1.80   2.63   2.39   
1920 2.40   1.69   1.52   2.35   0.03  -0.41  -0.40  -0.14  -0.14  -0.48  -0.74  -0.75   
1921 -0.54  -0.58  -0.18  -0.23  -0.76  -1.05  -2.04   0.50   0.90   0.72   2.16   2.49   
1922 1.96   1.52   2.83   3.06  -0.23  -0.97  -1.14  -1.84  -2.38  -2.52  -2.83   0.43   
1923 0.73   0.92   0.81   0.54   0.70   0.71   0.48   1.17   1.18   1.16   1.14   2.43   
1924 2.35   1.69   1.72   1.32   1.55   1.91  -0.63  -0.71  -0.17  -1.04  -1.67  -0.88   
1925 -1.27  -1.41  -1.31  -1.97  -2.31  -2.04  -1.78  -2.26   0.23   1.09   2.01  -0.60   
1926 -0.54  -0.45  -0.53  -0.43  -0.87  -1.03  -1.15   1.03   2.16   3.12   2.64   2.67   
1927 2.98   2.22   2.45   2.97   3.74   3.46   2.91   2.14   2.18   1.75   2.17   2.39   
1928 -0.38  -0.23  -0.99  -1.09  -1.18   1.78  -0.05   0.13  -0.53  -0.31  -0.28  -0.44   
1929 0.79   0.80   0.25   0.11   1.28   1.42   1.52   1.02   1.11   1.37   1.46   1.78   
1930 2.96  -0.04  -0.81  -1.59  -2.15  -2.55  -3.29  -3.90  -3.67  -3.99  -4.35  -4.96   
1931 -5.40  -5.69  -5.24  -4.77  -4.64  -4.52   0.09   0.34   1.17   1.47   1.58   1.75   
1932 2.78  -0.38  -0.48  -0.50  -1.26   0.24  -0.25   0.45   1.79   2.31   2.16   2.95   
1933 3.05   2.62   3.03   3.22   4.08  -1.32  -2.07  -2.38  -2.39  -2.36  -3.01  -3.06   
1934 -3.41  -3.69  -3.40  -3.97  -4.63  -4.23  -4.62  -3.95  -3.09  -3.69  -4.04  -4.23   
1935 -3.91  -4.27  -3.19  -3.33  -1.90  -1.17  -1.46  -1.46  -1.73  -1.76  -1.93  -2.33   
1936 -2.50  -2.41  -2.60  -2.40  -3.13  -4.08  -4.71  -5.82  -5.48   0.45   0.65   0.72   
1937 4.07  -0.24  -1.09  -0.82  -0.75  -0.98  -1.44   0.15   0.35   1.29   0.94   1.03   
1938 0.67   0.31   0.96  -0.89   0.27   0.35   0.85  -0.15  -0.33  -1.10  -1.15  -1.56   
1939 0.51   1.08   1.27   1.99  -0.92  -0.14  -0.22  -0.59  -1.51  -1.99  -2.61  -3.32   
1940 -3.62  -3.03  -3.51  -1.84  -1.82  -2.15  -2.78  -3.08  -3.36  -3.90  -3.63  -3.73   
1941 -3.82  -4.08  -4.68  -4.74  -5.21  -4.43  -4.56  -4.62  -4.59  -3.30  -3.28  -3.20   
1942 -3.18  -2.75  -2.55  -2.63  -2.35  -1.09  -1.30  -1.38  -1.69  -2.07  -1.56  -1.38   
1943 -1.93  -2.09   0.86   0.62   1.05  -0.42  -0.58  -1.69  -1.62  -2.05  -2.82  -3.51   
1944 -4.10  -3.94  -3.47  -2.41  -2.62  -3.55  -4.15  -3.23  -2.84  -3.52  -3.80  -4.00   
1945 -4.16   0.90   2.60   2.50   2.33   3.68   3.02   2.57   3.62   3.30   3.52  -0.15   
1946 -0.58  -0.02  -0.88  -1.53  -0.74  -0.93  -1.04  -0.57  -1.32  -1.54  -1.38  -1.29   
1947 -0.84  -1.64  -1.93   1.18   1.62   2.06   2.06  -0.45  -0.73  -1.28  -1.71  -2.53   
1948 -2.57   0.16   0.22   0.28  -0.31  -0.37   1.10  -0.23  -0.31   0.04   1.23   1.56   
1949 3.49   3.17   3.39   2.37   1.72   2.38   1.56   1.93   1.92   2.49   1.68   2.12   
1950 4.31   5.21   4.70   4.77   4.04   3.88   3.17   3.78   4.49   3.76   4.59   4.08   
1951 4.35   4.42   4.26   3.83   2.85   3.16   2.63   1.93   1.72   0.89   1.26   2.50   
1952 2.43   2.34   2.51  -0.23  -0.53  -0.27  -1.12  -1.64  -1.41  -1.83  -2.31  -2.38   
1953 -1.78  -2.24  -1.95  -1.68  -1.79  -2.62  -2.10  -2.89  -3.71  -4.18  -4.74  -5.06   
1954 -4.76  -4.52  -4.67  -4.63  -4.39  -4.37  -4.95  -4.28  -4.26  -3.63  -3.96  -3.65   
1955 -3.50   1.06   1.34   0.97   0.75   0.74   0.87   0.03   0.57   1.09   1.58  -0.68   
1956 -0.80   1.27  -0.32   0.18   0.30   0.36  -0.12  -0.02  -0.18  -0.69  -1.06  -1.26   
1957 -1.13  -1.05  -1.73   0.62   1.29   2.01  -0.24  -0.80  -0.74  -0.80   1.07   2.30   
1958 -0.32  -0.93  -1.32  -1.42   0.52   1.13   3.22   3.52   3.83   3.38   3.25   2.30   
1959 3.11   0.04  -0.43  -1.27  -1.19  -1.51   0.29   0.29   0.21   0.34  -0.22  -0.08   
1960 -0.27  -0.04  -0.61  -1.41   0.17   1.34   0.03  -0.50  -1.44  -1.59  -1.87  -2.14   
1961 -2.40   0.22   0.51   0.70   2.12   2.29   2.37  -0.05  -0.91  -1.07  -1.20   0.18   
1962 0.44   1.19  -0.21  -1.08  -1.47  -1.31  -1.00  -0.83  -0.72  -0.74  -1.21  -1.54   
1963 -1.82  -2.35  -0.78  -1.44  -1.54  -1.81  -1.17  -1.00  -1.49  -2.49  -3.18  -4.02   
1964 -4.19  -4.42  -1.51  -1.17  -1.90  -1.52  -1.48  -2.00  -2.24  -2.92  -3.23  -2.86   
1965 -2.70  -1.76  -1.63  -1.50  -2.34  -2.29  -2.11  -1.96  -0.78  -0.58  -1.16  -1.77   
1966 -1.38  -0.76  -1.62  -0.65  -0.90  -1.49  -1.67  -1.40  -1.19  -1.42  -1.35  -0.75   
1967 -1.23  -1.40  -1.33  -1.40   0.60   0.23   0.37   0.84   0.42   0.85   1.06   1.74   
1968 1.37   0.77   0.62   0.58   1.64  -0.54   0.17   0.28   0.48  -0.49   0.10   0.71   
1969 1.53  -0.62  -1.15   0.09  -0.19   0.33   0.97   1.00   0.66   0.68   0.86   0.83   
1970 -0.58  -0.81   0.08   1.23  -0.53   0.50  -0.22  -0.26  -0.55   0.67   0.43   0.44   
1971 0.17   0.92  -0.60  -1.24  -0.96  -1.20   0.66   0.44   0.88  -0.19  -0.67  -0.54   
1972 -0.78  -0.74   0.00   1.44  -0.36  -0.65  -0.58  -0.55   0.46   0.33   1.18   1.70   
1973 1.28   0.72   1.36   1.92   1.87   2.07   2.68  -0.36  -0.86  -0.99   0.74   0.80   
1974 0.93   0.57   0.49   0.33   0.97  -0.23  -1.05   1.29   2.50   2.30   2.54   2.38   
1975 2.41   2.79   3.53   3.57   2.94   2.79   2.14   2.55   2.60   3.05   2.99   3.16   
1976 2.89  -0.08  -0.69  -1.52  -1.45   0.31   0.15   0.02   0.47   1.13  -0.30  -1.00   
1977 -1.31  -1.43  -1.02  -0.74  -1.36   0.54   0.44   1.84   1.75   2.38   2.48   2.82   
1978 2.66  -0.78  -0.79  -0.85  -0.61  -1.07   1.02   2.08   1.28   1.81   2.06   2.89   
1979 2.97   3.13   2.43   2.76   2.71   2.89   4.99   5.43   5.27   4.89   5.84   5.30   
1980 -0.29  -0.81  -0.47  -0.54  -0.49  -0.10  -0.10  -0.09  -0.16  -0.14  -0.53  -1.19   
1981 -1.83  -1.56  -1.99   0.22   1.08   0.61   0.84   1.34   1.20   1.16   0.75   0.87   
1982 1.84   1.35   1.40   1.01   0.61   0.97   0.86   1.76   2.36   2.27   2.54   3.31   
1983 2.53   1.69   0.96   2.12   3.77  -0.38  -1.39  -1.84  -2.32   1.68   2.24   2.15   
1984 -0.63  -0.88   0.13   0.88   1.01  -1.00  -0.77  -1.15   0.54   0.70   1.10   1.63   
1985 1.16   1.14   1.54  -0.85   0.25   0.74   0.54   1.58   1.00   1.84   3.04  -0.29   
1986 -0.89  -0.39  -0.80  -1.54  -1.81  -2.11   0.36   0.50   0.84   1.24   1.28  -0.24   
1987 -0.81  -0.92  -1.36  -1.63  -2.20  -1.97  -1.33  -2.23  -2.67  -2.94  -3.37  -3.01   
1988 -3.01  -1.98  -2.23  -2.37  -2.93  -3.88  -3.10  -3.15  -3.11   0.00   0.56   0.43   
1989 0.33   1.15   2.06   2.04   2.12   1.89   2.47   2.63   2.98   3.02   2.82   2.37   
1990 2.07   2.54   1.46   1.10   2.61   2.73   2.48   2.20   1.73   2.42   2.10   3.40   
1991 -0.18   0.11   0.17  -0.34  -0.98  -1.80  -2.57  -2.91  -3.05  -3.21  -3.44  -3.15   
1992 -3.32  -3.68  -3.38  -3.43  -3.39  -3.24   1.19   1.56   1.72   1.40   1.52   1.00   
1993 1.08   1.08   0.71   1.09   0.99   1.29   0.98   1.40   2.50   3.12   3.70   3.43   
1994 3.19  -0.15  -0.89  -0.11  -0.15  -0.47  -1.12  -0.01   0.37  -0.39  -0.10  -0.01   
1995 -0.03  -0.25  -0.90   0.45   2.31   2.33   1.96   2.53   1.81   1.55   1.19   1.46   
1996 1.79   1.15   1.21   3.13   3.92   4.00   3.58   2.56   4.06   3.73   3.87   4.27   
1997 4.09   3.57   4.08   3.65   4.25   4.78   3.82   4.02  -0.58  -1.00  -0.98  -1.16   
1998 -1.28  -1.27  -1.58   1.52   1.72   2.89   2.87   2.76  -0.94  -0.96  -1.34  -1.40   
1999 0.77   1.22  -0.28  -0.25  -0.47  -0.40  -1.20  -1.70  -2.46  -2.56  -3.30  -3.20   
2000 0.38   1.31   0.55   0.46   0.22   1.05   1.22   2.05   2.85   2.31   2.41   2.51   
2001 -0.48  -0.47  -1.25  -2.07  -2.20   0.39   0.64   0.48   1.12   2.83   3.16   3.52   
2002 2.84   2.32   2.56   3.03   4.00  -0.15  -1.00  -1.64  -0.95  -0.42  -0.53  -0.29   
2003 -0.70  -0.03  -0.67  -0.70   0.65   0.84   1.58   1.35   1.95   2.24   2.77   2.34   
2004 2.54   1.93   1.33   0.96   2.00   1.57   2.24   2.63   1.54   2.55   2.93   2.82   
2005 3.57  -0.27  -0.61  -0.91  -0.93  -1.12  -1.07   1.07  -0.01  -0.57  -0.35  -0.28   
2006 -0.27  -0.65   0.87   0.93   1.26   1.56   1.59   2.21   3.75   4.65   4.51   4.97   
2007 4.96   4.90  -0.72  -0.47  -1.24  -1.45  -1.51  -2.60  -2.74  -2.46  -2.85   0.66   
2008 0.53   1.16   3.74   3.36   4.06   3.89   3.69  -0.66  -0.54  -0.62  -0.83  -0.02   
2009 -0.26  -0.50  -1.14   0.42   1.20   1.27   2.49   1.93   2.87   4.84  -0.62  -0.60   
2010 -0.90  -1.21  -1.48  -1.63  -1.14  -0.44  -0.67  -1.57  -2.55  -3.11  -2.15  -2.33   
2011 -2.52   0.45   0.31   2.83   3.43   3.90   2.81   1.94   2.46   2.31   3.06   3.62   
2012 3.45  -0.60  -1.14  -1.45  -1.93  -2.84  -3.61  -3.95  -2.64  -2.02  -2.38  -2.06   
2013 -1.13  -1.04 -99.99 -99.99 -99.99 -99.99 -99.99 -99.99 -99.99 -99.99 -99.99 -99.99   
