1895 0.17  -0.07  -0.34  -0.52  -0.54  -0.37  -1.32  -1.38  -1.50  -1.94  -1.93  -2.17   
1896 -2.34  -2.55  -2.45   1.30   2.18   1.62   2.11   1.74   1.75   2.46   3.09   2.91   
1897 3.80   3.71   3.69   3.93  -0.65  -0.72  -0.78  -1.07  -1.53  -1.47  -1.86  -1.64   
1898 -1.97  -2.05  -2.56  -2.73  -2.21  -2.40  -2.87  -3.09  -3.57  -2.61  -2.54  -2.88   
1899 -2.97  -2.82  -2.92  -2.73  -1.69  -1.24  -1.38  -0.93  -1.69  -1.61  -1.91  -1.75   
1900 -1.94  -2.08  -2.07  -1.93  -2.38  -2.85   1.46   1.97   2.24   2.67   2.42   2.18   
1901 1.97   1.89   2.26  -0.21  -0.83  -0.64  -0.99  -1.80   1.12   1.18  -0.12  -0.11   
1902 -0.12  -0.17  -0.32  -0.49   0.72   0.85   2.97   3.97   4.43   4.60   4.51   5.18   
1903 4.58   4.33   3.82   3.35   5.51   4.54   5.35   6.01   6.31   6.08   5.50   4.96   
1904 4.77   4.19   3.58   3.61   3.36   3.07   3.17   2.73   2.25   2.53   1.74   1.58   
1905 1.40   1.59   1.38   1.46   2.58   3.02   2.53   2.42   2.53   2.86   3.50   2.96   
1906 2.97   2.97   3.00   2.73   2.57   2.36   1.92   2.20   2.10   2.42   2.52   2.72   
1907 2.71   2.71   2.04   1.60   1.60   1.61   3.09   2.74   2.97   2.54   2.14   1.86   
1908 1.56   1.81   1.53   1.19   2.73   3.05   3.16   3.27   2.45   2.96   2.72   2.47   
1909 3.01   3.30   2.82   2.80   2.86   2.88   2.64   2.07   2.05   2.00   2.99   3.71   
1910 4.16  -0.14  -1.15  -1.86  -1.87  -2.74  -4.10  -4.22  -4.11  -4.77  -5.30  -5.71   
1911 -5.65  -5.32  -6.04  -5.80  -5.63  -6.42  -6.58  -6.21  -6.11   0.85   0.37   0.82   
1912 -0.16  -0.29  -0.19  -0.22  -0.49  -1.19   0.66   0.78   1.34   1.46   1.18   1.03   
1913 0.84   0.65   0.75   0.91   2.24  -0.55  -0.61  -0.98  -1.01  -0.75  -1.20  -1.24   
1914 -1.23  -1.37  -1.44   0.21  -0.19   0.71  -0.30  -0.82   1.34   1.53   1.02   1.14   
1915 1.55   2.87   2.67   1.80   3.01   3.11   5.00   3.94   4.51   4.18   4.18   3.80   
1916 4.44   4.02   3.59   3.55   3.71   3.64  -0.56  -0.91  -0.67  -0.67  -0.98  -0.95   
1917 0.31   0.09   0.17   0.97   1.21   1.22  -0.71  -1.24  -1.04  -0.93  -1.44  -1.65   
1918 -1.60  -1.79  -2.67  -2.84   0.74   0.33   0.67   0.66   0.09   0.64   1.00   1.19   
1919 1.00   2.13   1.95   2.43   1.80   1.64   1.62   1.03   1.32   1.28   2.30   2.16   
1920 1.99   1.87   1.93   2.70   2.16   2.32   2.31  -0.18  -0.44  -0.50  -0.31  -0.36   
1921 -0.65  -0.57  -1.02  -1.20  -0.71  -1.33   0.07   0.08   0.74  -0.21  -0.43  -0.72   
1922 0.27   0.71  -0.34  -0.48  -0.71  -1.05   0.65  -0.24  -0.79  -1.15   0.97   0.64   
1923 0.83   0.66   0.77   0.69   0.48   0.68   0.34   0.72   1.35  -0.27  -0.66  -0.90   
1924 -0.95  -0.69  -0.32  -0.71  -1.10   0.63   0.52   1.07   1.39  -0.30  -0.71   0.51   
1925 0.61   0.66  -0.47  -0.81  -1.43   0.78   0.67   0.25   0.21   0.58   0.20   0.35   
1926 0.88  -0.24  -0.54  -1.35  -1.87  -1.85  -1.59  -1.68   1.27   0.92   1.39   1.58   
1927 1.34   1.63   1.75   2.32   0.01  -0.43  -0.79  -1.34  -1.26  -1.36  -1.66  -1.60   
1928 -1.93  -1.72  -2.07  -2.03  -2.39   0.24   0.89   2.27   2.66   3.32   3.65   3.31   
1929 3.71   3.87   3.27   3.33  -0.55  -1.08  -1.03  -1.54  -0.70  -0.14  -0.12  -0.38   
1930 -0.30  -0.20  -0.56  -0.75   0.65   0.76  -0.61  -1.23  -1.74  -1.68  -1.11  -1.38   
1931 -1.60  -2.03  -2.47  -2.93  -3.10  -3.73  -4.17  -4.39  -3.83  -3.83   0.88   1.45   
1932 2.36   2.28   2.09   1.67   1.82   1.51   0.98   1.66   1.53   1.27   1.12   0.88   
1933 0.90   0.67   1.58  -0.50  -0.92  -2.49  -2.12  -1.93  -1.35  -1.74  -2.27  -2.11   
1934 -2.14  -2.57  -2.93  -3.29  -5.02  -4.35  -3.67  -3.45  -3.04  -3.11  -2.85  -2.81   
1935 -2.70  -2.46  -2.67   0.40   0.40   0.74  -0.18  -0.48  -0.94  -0.87  -0.85   0.00   
1936 0.30   1.03  -0.16  -0.58  -0.37  -1.06  -2.52  -2.93  -2.94  -3.23  -3.67  -3.64   
1937 -3.24  -3.58  -3.51   0.33   0.94   0.74   0.17   0.74  -0.44  -0.20  -0.63  -0.76   
1938 -0.82  -0.49  -0.75   0.33   1.18   0.99   1.61   0.62   2.95   2.05   2.29   2.24   
1939 2.24   2.52  -0.30  -0.60  -1.18  -1.31  -1.44  -1.02  -2.11  -2.36  -3.11  -3.49   
1940 -3.84  -3.90  -3.78  -3.12  -3.67  -2.94  -3.05  -2.55  -3.49  -3.04  -2.35  -2.08   
1941 -1.80  -1.60  -1.66  -1.26  -2.01  -1.22  -1.61  -2.41   0.78   1.34   1.81   2.03   
1942 1.86   1.76   2.17   1.19   2.01   2.33   2.49   2.29   2.45   1.84   1.48   1.39   
1943 1.43   1.31   1.18   0.58   0.92   2.09   2.59   2.33   1.74   1.62   1.48   0.94   
1944 1.15   1.32   1.22   1.44   2.20   2.61   3.58   4.61   4.25   3.45   3.19   2.72   
1945 2.59   2.87   2.43   2.65   3.58   3.97   4.08   0.05  -0.26  -0.97  -1.18   0.74   
1946 0.58   0.60   1.03   0.27   1.08   1.19  -0.71  -1.04   0.79   1.62   2.15   2.10   
1947 2.55   2.29   1.63   2.45   2.32   3.04  -0.81  -1.93  -2.33  -1.83  -1.41  -1.29   
1948 -1.58  -1.08  -1.33  -0.99  -1.49  -1.18  -0.92  -1.08  -1.96  -1.87   0.17   0.17   
1949 0.55   0.16   0.77  -0.53  -0.36  -0.71  -0.74  -1.32  -0.58  -0.62  -1.26  -1.45   
1950 -1.35  -1.33  -1.46  -1.55   0.31   0.38   1.80  -0.63  -0.52  -0.75  -1.03  -1.21   
1951 -1.40   0.97   1.88   2.78   3.30   3.96   4.36   5.36   5.72   5.52   5.02   4.86   
1952 5.15   4.79   4.76   3.69   3.04   2.64   3.01   3.27  -0.83  -1.42  -1.71  -1.87   
1953 -1.75   0.13   0.51   1.22   0.82   1.89   1.84   2.04  -0.57  -1.26   0.02   0.27   
1954 0.02   0.66   0.92   1.03   1.21   2.57   1.96   2.22   1.75   2.06  -0.45  -0.77   
1955 -0.97  -0.82  -1.19  -0.98  -2.01  -2.33  -2.71  -3.90  -4.46  -4.67  -5.15  -5.26   
1956 -5.30  -5.65  -6.19  -6.15  -6.26  -6.94  -6.47  -6.06  -6.73  -7.02  -6.18  -6.21   
1957 -6.17  -6.25  -6.18  -6.35   0.10   0.45   0.65   0.84   0.86   1.44   2.16   1.94   
1958 1.70   1.70  -0.35  -0.04  -0.98  -1.16  -1.13  -2.24  -3.09  -3.88  -4.22  -4.65   
1959 -4.93  -4.71  -4.85  -5.28   2.11   1.43   0.17   0.47   0.22   0.69   0.87   1.22   
1960 1.19   0.99   0.92   1.21   2.59   1.98   1.33   1.91   2.21   1.61   1.31   1.11   
1961 0.77   1.09   1.68   1.37   1.50   1.05   1.00   0.76   1.01   1.00   0.84   1.01   
1962 0.76   1.98   2.05   1.79   1.33   1.51   2.81   3.55   0.05  -0.20  -0.51  -0.68   
1963 -0.58  -0.53  -0.66  -1.17  -1.74  -2.02  -1.27  -1.68  -1.80  -2.27  -2.97  -3.31   
1964 -3.57  -4.10  -4.33  -3.45  -3.24  -3.36   0.48   0.63   2.09   1.60   1.40   1.59   
1965 1.51   2.08   2.32   2.72   3.34   2.75   1.86   1.12   3.41   2.86   2.59   2.44   
1966 2.49   2.56  -0.21  -0.34  -0.65  -0.98  -1.34  -1.15  -1.59  -1.55  -2.06  -2.09   
1967 -2.00  -2.25  -3.06  -2.99  -3.00  -1.46  -2.08  -2.21  -2.80  -2.94  -3.39  -3.50   
1968 -3.54  -3.98  -4.93  -4.44  -4.39  -4.25  -3.74  -3.89   1.14   2.75   2.55   3.30   
1969 3.82   4.13   3.87   2.89   2.51   3.13   3.74   3.55   2.67   2.94   2.43   2.74   
1970 2.45   2.05   2.28  -0.25  -0.01  -0.93  -1.40  -2.29   0.28   1.56   1.81   1.87   
1971 1.79   2.63  -0.07  -0.65  -0.99   0.80   0.95  -0.81  -1.43   0.94   1.35   1.45   
1972 1.33   1.28   0.98   1.34   1.86   1.21   2.19   1.86   1.68   1.96   2.19   2.84   
1973 2.99   2.81   2.92   2.61   2.57   1.60   1.78   1.48   2.22   1.92   2.70   2.83   
1974 -0.06  -0.25  -0.24  -0.46  -0.40  -0.37  -1.20   1.00  -0.51  -0.83  -1.18  -1.48   
1975 0.73   0.45   0.55   2.00   1.48   2.09   0.74   1.94  -0.32  -1.03   0.87   0.66   
1976 0.41   0.39   1.22  -0.53  -0.95  -1.51  -2.34  -3.51  -3.83  -3.89  -4.50  -4.87   
1977 -5.22  -5.50  -4.63  -4.42  -4.70  -4.95  -4.50   0.16   0.60   1.36   2.06   2.20   
1978 2.04   1.89   1.27   1.76   1.22   0.66   2.38   2.44   2.18   1.60   1.56   1.47   
1979 1.84   1.79   3.03   2.97   2.88   2.13   2.21   3.75   3.64   4.61   4.93   4.36   
1980 4.13   3.86  -0.23  -0.85  -0.98  -1.71  -2.17  -0.65  -0.63  -0.66  -1.21  -1.51   
1981 -1.85  -1.89  -2.11  -3.04  -3.22   0.13   0.27   0.46  -0.69  -0.36  -0.61  -0.56   
1982 -0.03  -0.29  -0.46  -0.66   1.22  -0.57   0.58   0.87   1.34   2.73   3.56   4.64   
1983 4.30   4.01   4.89   4.83   4.56   6.06   5.29   3.83   3.33   2.97   4.01   3.67   
1984 3.45   3.52   3.29   4.81   4.70   5.78   4.99   3.71   2.51   3.46   3.20   3.47   
1985 3.16   2.61   2.90   3.97   3.47   2.86   1.73   2.51   3.56   3.32   3.57   3.48   
1986 3.10   2.65   2.56   3.71   3.60   3.05   2.97   2.97   3.43   3.73   3.80   3.37   
1987 2.99   2.51   3.39  -0.88  -1.16  -2.20   1.30   1.48   1.71  -0.28  -0.35   0.11   
1988 0.42  -0.05  -0.55  -0.07  -1.02  -1.95  -2.67  -1.77  -1.31  -1.71  -1.19  -1.41   
1989 -1.45  -1.72  -1.91  -1.97  -2.53  -2.98  -2.72  -2.97  -2.78  -3.38  -3.74  -4.13   
1990 -4.24  -4.63  -4.19  -4.31   0.54   1.27   1.53  -0.02  -0.68  -0.52  -0.82  -0.67   
1991 -0.71  -0.83   0.61   1.59   1.84   1.61   1.76   1.43   1.14   0.85   2.13   2.12   
1992 2.26   2.27   2.57   2.94   2.34   1.81   3.48   3.96   3.76   4.74   4.98   4.95   
1993 4.85   4.74   4.51   4.88   5.58   6.64   7.57   7.92   7.26   6.61   6.52   6.34   
1994 6.33   5.70   4.39   4.16   2.91   3.65   3.47   3.17   3.22   2.90   2.87   2.78   
1995 2.42   2.04   2.78   3.58   4.32   3.61   3.06   3.38   3.44   3.63   3.33   2.93   
1996 3.26   2.72   2.72   1.96   2.04   2.08   1.87   2.41   2.31   2.31   3.46   3.60   
1997 3.74   3.53   2.92   2.97   3.14  -0.01  -0.09  -0.73  -0.82  -0.93  -1.22  -1.40   
1998 -1.30  -1.32   0.41   1.11  -0.49  -0.16  -0.20  -0.08  -0.95   1.06   1.26   0.99   
1999 1.34   1.19   0.79   2.12   1.72   2.24   2.51  -0.85  -1.58  -1.97  -2.68  -3.06   
2000 -3.10  -3.01  -3.73  -4.04  -3.81  -3.82  -3.69  -3.51  -4.20   0.07   0.50   0.51   
2001 0.86   0.87   0.41   1.76   2.23   1.82   1.99  -0.57  -0.87  -1.22  -0.65  -0.90   
2002 -1.12  -1.33  -1.58  -1.44  -1.41  -1.85  -2.36   1.30   0.74   1.47  -0.28  -0.59   
2003 -0.68  -0.68  -0.48  -0.58   0.37   0.73   1.06  -0.88  -0.83  -1.39  -1.59  -1.52   
2004 -0.01  -0.02   0.27   0.14   1.11  -0.59   0.67   0.35   2.62   2.32   2.70   2.31   
2005 2.22   2.52   2.00   2.06   2.48   2.67   2.32   1.58   2.52   2.09   2.31   2.58   
2006 2.41   2.13   2.78   3.58  -0.99  -1.61  -2.96   0.56   1.00   0.47   0.13   0.62   
2007 0.70   0.89   1.42   1.68   0.02  -1.00  -2.00   2.10   2.14   3.35   2.83   3.22   
2008 3.02   2.88   2.51   2.62   2.94   3.04   3.02   2.10   1.74   2.79   2.66   3.10   
2009 3.06   2.90   2.67  -0.10  -0.71  -0.85   0.90  -0.36  -1.04   2.17   2.04   3.04   
2010 3.34   3.29   3.05   2.61   1.70   3.14   5.07   4.89   5.66   5.18   4.91   4.83   
2011 5.06   4.99   4.26   4.26   4.62   4.89   4.50  -0.62  -1.44  -2.17  -2.82  -2.84   
2012 -2.85  -2.50  -3.58  -3.38  -2.19  -3.04  -4.08  -4.52  -5.16  -4.89  -5.20  -5.17   
2013 -5.28  -5.43 -99.99 -99.99 -99.99 -99.99 -99.99 -99.99 -99.99 -99.99 -99.99 -99.99   
