1895 0.16  -0.12  -0.48  -0.91  -0.90  -0.94  -1.41  -1.26  -1.41  -1.79  -1.91  -1.88   
1896 -1.99  -2.06  -2.17   1.69   2.52   1.61   2.23   1.92   2.15   2.78   3.19   2.91   
1897 3.77   3.60   3.54   3.90  -0.58  -0.75  -0.69  -1.25  -1.85  -2.51  -3.17  -3.09   
1898 -3.14  -2.88  -3.03  -2.84  -2.21  -2.03  -2.21  -2.21  -2.64   0.82   0.82   0.37   
1899 0.18   0.37   0.44   0.34   1.20   1.23  -0.39  -0.32  -1.25  -1.49  -2.04  -2.01   
1900 -2.18  -1.97  -1.85  -1.67  -2.03  -2.01   1.31   1.62   2.08   2.59   2.33   1.96   
1901 1.68   1.64   2.13  -0.43  -1.00  -1.54  -2.04  -3.23  -2.32  -2.30  -2.48  -2.49   
1902 -2.48  -2.41  -2.65  -2.80   0.61   1.39   2.99   3.52   4.06   4.03   4.10   4.60   
1903 3.86   3.76   3.47   3.28   4.97   4.07   4.44   5.49   5.53   5.28  -0.20  -0.28   
1904 -0.13  -0.28   0.14   0.50   0.62  -0.26  -0.04  -0.39  -0.60  -0.63  -1.43  -1.46   
1905 -1.61   0.32   0.32   0.39   1.34   1.51   1.05   1.14   1.13   1.64   2.48   1.99   
1906 2.23   2.28   2.41   2.00   1.86   1.67   1.17   0.85   0.79   0.67   0.86   1.01   
1907 1.44   1.34   1.04   0.75   1.02   1.27   2.63   2.60   2.69   2.42   2.18   1.87   
1908 1.54   1.98   1.89   1.59   3.03   3.08   2.80   2.88   1.80   1.99   1.63   1.26   
1909 1.72   2.19   1.95   2.62   2.79   3.21   3.03   2.24   2.10   2.03   3.47   3.83   
1910 4.18  -0.22  -1.40  -1.97  -1.76  -2.55  -3.49  -3.38  -3.34  -3.99  -4.63  -5.18   
1911 -5.19  -4.38  -4.95  -4.71  -4.43  -5.33  -5.58  -5.63  -5.14   0.52   0.18   0.74   
1912 0.51   0.62  -0.01  -0.28  -0.35  -0.82   0.51   0.63   1.13   1.42   1.22   1.09   
1913 0.89   0.81   1.15   1.20   2.31  -0.56  -0.79  -1.14  -1.31  -0.82  -1.28  -1.63   
1914 -1.58  -1.66  -1.51  -1.15  -1.31  -0.97  -1.33  -1.99   1.47   1.72   1.15   1.23   
1915 1.55   2.80   2.16   1.01   2.31   1.84   3.56   2.22   3.03   2.61   2.84   2.46   
1916 3.43   3.02   2.92   3.05   3.26   2.98  -0.69  -1.52  -1.28  -1.28  -1.46  -1.42   
1917 0.26   0.08   0.32   1.02   0.96   1.76  -0.52  -1.34  -1.37  -1.21  -1.91  -2.23   
1918 -2.07  -2.04  -2.71  -2.84   1.00   1.19   1.23   0.96   0.28   0.67   0.96   1.03   
1919 0.69   1.88   1.83   2.59   2.08   2.12   1.87   1.16   1.70   1.77   2.80   2.42   
1920 2.19   1.87   2.44   3.04  -0.27  -0.49  -0.25  -0.61  -0.96  -1.29  -1.10  -1.21   
1921 -1.55  -1.40  -1.48  -1.21  -0.96  -1.30  -1.52   0.05   0.89   0.66   0.27   0.01   
1922 0.22   0.99  -0.18  -0.05  -0.35  -1.18   0.97  -0.20  -0.76  -1.06   0.62   0.31   
1923 0.56   0.39   0.93  -0.07  -0.64  -0.44  -0.95   0.34   1.15  -0.35  -0.78  -0.96   
1924 -0.97   0.28   0.68   0.54   0.12   1.46   1.13   2.00   2.17  -0.51  -0.91  -0.46   
1925 -0.39  -0.22  -0.68  -1.06  -1.77   0.75   0.49   0.15   0.29   0.78   0.42   0.57   
1926 0.92  -0.01  -0.14  -0.91  -1.41   0.17   0.26  -0.24   2.03   1.74   2.20   2.22   
1927 1.81   2.03   1.83   2.10   2.30  -0.68  -1.07  -2.26  -2.05  -1.73  -2.08  -1.95   
1928 -2.24  -1.56  -1.49  -1.26  -1.87   0.62   0.96   2.41   2.62   3.02   3.56   3.20   
1929 3.85   3.88   3.32   3.59  -0.32  -0.64  -0.49  -1.04  -0.63  -0.36  -0.47  -0.71   
1930 -0.63  -0.47  -0.68  -0.85  -0.71  -0.03  -0.83  -1.74  -2.48  -2.76  -2.62  -2.97   
1931 -3.18  -3.45  -3.90  -4.28  -4.24  -4.63  -5.26  -5.22   0.51   0.24   2.01   2.57   
1932 3.07   2.94   2.76   1.73   1.92   2.10   1.58   1.75   1.37   1.02   1.21   1.17   
1933 1.38   0.98   2.21  -0.67  -0.79  -2.10  -1.97  -2.64  -2.69  -2.87  -3.50  -3.76   
1934 -3.88  -4.37  -4.75  -5.27  -6.63  -6.88  -6.38  -6.09  -5.15  -5.24   0.92   0.73   
1935 0.98   1.08   0.76   0.60   0.23   1.38  -0.52  -0.97  -1.46   0.54   0.64   0.80   
1936 1.15   1.69  -0.23  -0.66  -1.09  -1.83  -3.41   0.27   0.96   0.89   0.61   0.79   
1937 1.43   1.42   1.23   1.55   1.65   1.92  -1.23  -0.82  -1.32  -1.25  -1.71  -1.76   
1938 -1.69  -1.68  -1.81   0.55   1.88   2.15   2.35   1.55   3.32   2.33   2.62   2.44   
1939 2.38   2.89  -0.42  -0.79  -1.90  -1.78  -2.31  -1.76  -2.73  -2.80  -3.63  -4.03   
1940 -4.25  -4.27  -4.79  -4.76  -4.89  -4.66   0.24   1.77   1.28   1.58   2.57   2.58   
1941 2.75  -0.04  -0.22  -0.69   0.19   0.56  -0.52  -1.45   1.28   2.63   2.82   3.03   
1942 2.64   2.37   2.43   1.50   1.88   1.88   2.53   1.97   2.16   1.86   1.69   1.65   
1943 1.63   1.49   1.46   0.71   0.70   0.77   1.24   2.03   1.71   1.61   1.59   1.06   
1944 1.11   1.14   1.18   1.45   1.86   2.07   1.95   2.48  -0.15  -0.69  -0.94  -0.92   
1945 -0.99   0.59   0.94   2.17   3.08   2.92   2.74   2.98  -0.09  -0.78  -0.93   0.40   
1946 0.82   0.69   1.03  -1.00   0.76   0.99  -0.41  -0.85   0.80   1.33   1.44   1.34   
1947 1.69   1.37   0.93   1.14   1.11   3.19  -0.64  -1.53  -2.32  -2.15  -2.20  -2.14   
1948 -2.51  -1.70  -1.43  -1.47  -1.80  -1.83  -2.31  -2.68  -3.37  -3.33  -2.96  -2.46   
1949 -1.40  -1.44  -0.67  -1.18  -1.79  -1.52  -1.39  -2.30  -2.27  -2.43  -3.06  -3.25   
1950 -0.01   0.20  -0.33   0.60   1.40   1.39   1.93  -0.58  -0.54  -0.86  -1.24  -1.14   
1951 -1.20   1.06   2.41   3.83   3.11   4.03   3.73   4.29   4.02   4.05   3.65   3.46   
1952 3.92   3.38   3.61  -0.62  -0.57  -0.57   0.49   0.75  -0.85  -1.51  -1.64  -1.80   
1953 0.02   0.13   0.52   1.29  -0.60  -0.68  -0.20  -0.14  -0.99  -2.06  -2.13  -2.10   
1954 -2.26  -2.21  -2.22   0.69   0.99   2.51   2.20   2.87   2.43   2.89  -0.39  -0.45   
1955 -0.57  -0.26  -0.48  -0.60  -1.36  -1.71  -1.66  -2.57  -3.03  -3.12  -3.77  -4.13   
1956 -4.19  -4.57  -4.53  -4.51  -4.11  -4.51  -3.46  -3.32  -3.60  -3.75  -3.51  -3.63   
1957 -3.62  -3.72  -3.74  -4.04  -2.56  -2.40  -2.52  -2.28  -2.44  -2.31  -1.47  -1.35   
1958 -1.34  -1.53  -1.86  -1.63  -2.30  -2.14  -1.55  -2.03  -2.51  -3.10  -3.44  -3.94   
1959 -4.16  -3.72  -3.26  -3.55   1.68   1.44   0.62   1.32   1.76   1.72   2.07   2.12   
1960 -0.09  -0.15  -0.32  -0.42   0.56  -0.44  -0.99  -0.72  -0.70  -1.21  -1.77  -1.89   
1961 -2.23   0.42   1.47  -0.10  -0.39  -1.16   0.70   0.15   0.55   1.13   1.20   1.41   
1962 0.96   1.64  -0.11  -0.26  -0.39  -0.94   1.50   2.71   2.50   2.28   1.59   1.08   
1963 0.91   0.91   1.01   1.03   1.14   0.84   2.27  -0.32  -0.85  -1.60  -1.95  -2.35   
1964 -2.51  -2.96  -3.34   1.12  -0.29  -1.06   0.20   0.33   1.39   0.79   0.66   0.83   
1965 0.83   1.28   2.23   2.73   2.78   1.86   1.48   1.11   3.96   3.15   2.82   2.86   
1966 2.66   2.47   2.56   2.08   1.76   2.07   1.96  -0.35  -1.06  -1.28  -1.94  -2.09   
1967 -1.67  -1.70  -1.91  -1.84   0.03   1.36  -0.57  -0.55  -1.05  -1.06  -1.63  -1.86   
1968 -1.85  -2.26  -3.14   0.68   0.46   0.96   1.94   1.68   2.28   3.04   2.77   3.49   
1969 3.77   3.40   2.78   2.42   2.27   3.83   4.22  -0.55  -0.86   0.67   0.29   0.94   
1970 -0.25  -0.52  -0.42  -0.78   0.72  -0.84  -0.64  -1.39   0.08   1.27   1.71   1.76   
1971 1.94   3.22  -0.14  -0.93  -1.13  -0.69  -0.70  -1.60  -1.89   0.66   1.36   1.49   
1972 -0.13  -0.10  -0.33  -0.28  -0.32  -0.58   0.74   0.61   1.96   2.97   2.97   3.14   
1973 3.25   3.23   3.51   3.71   4.32   3.37   2.95   2.06   3.08   2.87   3.46   3.66   
1974 3.09   2.80   2.54   2.31   2.82   2.70  -0.70  -0.58  -1.21  -1.04  -1.27  -1.48   
1975 0.61   0.52   0.75   1.97  -0.34   0.31  -1.05  -0.72  -1.41  -2.33   0.59  -0.15   
1976 -0.55  -0.51   1.03   1.17  -0.12  -0.95  -1.55  -2.44  -3.29  -3.33  -4.14  -4.69   
1977 -4.99  -5.28  -5.50  -5.37  -5.91  -5.94  -5.88   0.78   0.86   1.31   1.21   1.15   
1978 0.97   0.87   0.28   0.53   0.03   0.51   1.49   1.03   1.27   0.95   1.27   1.30   
1979 1.51   1.18   1.92   1.88   1.54   0.83   1.67   3.92   3.04   3.57   3.93   3.38   
1980 3.60   0.00  -0.36  -0.99  -0.91  -1.41  -1.64   2.56   2.57   2.61   1.97   1.63   
1981 1.14   1.50   0.69   0.73   0.73   1.38   2.09   2.72   2.17   2.20   1.85   1.83   
1982 2.49   1.99   1.91   2.03   3.26   2.60   2.69   2.68   2.60   2.92   3.60   4.72   
1983 4.28   4.24   4.61   4.41   4.98   5.03   3.99   3.11   3.60   3.68   4.67   4.25   
1984 3.68   3.56   3.33   4.28   3.89   4.88  -0.18  -1.25  -1.91  -0.84  -0.61  -0.05   
1985 -0.09  -0.21  -0.08  -0.28  -1.17  -1.29  -1.98   0.31   1.46   1.37   1.66   1.64   
1986 1.26   1.19   1.05   1.42   1.65   0.75   1.21   1.06   1.54   2.45   2.45  -0.08   
1987 -0.31  -0.64  -0.56  -1.20  -2.01  -2.93  -2.43  -1.96  -2.24  -2.56  -2.47  -2.03   
1988 -1.87  -1.90  -2.20  -1.77  -2.79  -3.35  -3.95  -3.85  -3.69  -4.05  -3.56  -3.54   
1989 -3.57  -3.76  -3.99  -3.81  -4.18  -4.52  -4.48  -4.73  -4.75  -4.73  -5.13  -5.60   
1990 -5.64  -5.81   0.12   0.35   0.65   1.22   2.73   3.36   2.68   2.36   1.67   2.02   
1991 1.79   1.36   2.22   3.50   4.52   3.88   3.63   3.45   3.17   3.11   4.35   4.36   
1992 4.17   3.97   3.95   3.87   3.03   2.23   3.20   2.84   3.03   2.92   4.20   4.39   
1993 4.11   4.06   4.23   4.59   4.91   5.92   6.97   7.84   7.10   6.19   5.61   5.17   
1994 5.15   4.75   3.45   3.12   2.21   2.67   3.29   3.13   3.10   3.34   3.24   3.01   
1995 2.68   2.05   2.56   3.06   3.11   2.85   2.39   2.28   2.30   2.29   2.09   1.68   
1996 1.97  -0.35  -0.09  -0.62  -0.31  -0.27  -0.65   0.74   0.38   0.57   1.45   1.51   
1997 1.53   1.50   1.42   1.09   1.28   1.01   1.44  -0.56  -0.75  -0.62  -0.99  -1.12   
1998 0.16   0.49   0.90   1.32   0.99   2.11   1.35   1.88   1.16   1.92   1.58   1.14   
1999 1.46   1.37   0.92   2.72   3.49   3.44   5.18  -0.46  -0.88  -1.19  -1.79  -2.08   
2000 -1.94  -1.75  -2.25  -2.32   0.05   0.88   1.41  -0.06  -0.58   0.04   0.62   1.01   
2001 1.17   1.45   1.03   1.27   2.56  -0.41  -0.22  -0.76  -0.84  -1.02  -1.44  -1.62   
2002 -1.93  -1.86  -2.21  -1.55  -1.79  -2.28   0.48   1.71   1.30   2.12  -0.28  -0.48   
2003 -0.68  -0.67  -0.55  -0.69   0.52   0.77   0.94  -0.96  -1.55  -2.26  -2.14  -2.31   
2004 -2.44   0.14   0.64   0.36   2.62   2.03   2.63   2.42   2.53   2.22   2.23   1.81   
2005 1.83   2.16   1.96   2.28   2.83   3.13   2.83   2.66   3.30   2.58   2.52   2.54   
2006 2.13   1.77   2.28   2.87  -0.66  -1.17  -1.80  -1.73   0.34   0.08   0.09   0.80   
2007 1.01   1.71   1.93   2.33   1.94   1.29   1.08   3.67   3.38   4.32   3.51   3.62   
2008 3.26   3.15   2.43   3.74   3.85   5.18   5.01   4.04   3.17   3.31   3.40   3.70   
2009 3.37   3.03   2.90   2.79   3.20   2.48   2.68   2.26   1.80   4.14   3.44   4.27   
2010 3.96   3.80   3.18   2.73   2.20   3.45   4.23   3.31   3.25   2.27   2.30   2.88   
2011 2.63   2.70   2.75   3.14   3.12   0.00  -0.02  -0.53  -1.07  -1.70  -2.34  -2.29   
2012 -2.31  -2.51  -3.31  -2.78  -2.61  -3.23  -4.39  -4.78  -5.30  -4.94  -5.42  -5.18   
2013 -5.22  -5.02 -99.99 -99.99 -99.99 -99.99 -99.99 -99.99 -99.99 -99.99 -99.99 -99.99   
