1895,0.06,0.07,-0.41,-0.35,-0.60,0.09,0.21,0.77,-0.19,-0.63,-0.53,-0.53
1896,-0.61,-0.68,-0.71,1.30,2.23,1.76,2.99,2.80,2.79,3.49,3.82,3.41
1897,3.97,3.75,3.66,4.73,-0.64,-0.84,-0.85,-0.91,-1.42,-1.53,-1.97,-1.57
1898,-1.51,-1.42,-1.72,-1.63,-0.97,-1.11,-1.19,-1.49,-1.67,-0.91,-0.83,-1.17
1899,-1.39,-1.24,-1.35,0.12,1.08,1.28,1.22,0.00,-0.93,-1.19,-1.55,-1.36
1900,-1.67,-1.59,-1.53,-1.14,-1.40,-1.88,0.93,0.90,0.90,1.13,-0.26,-0.57
1901,-0.68,0.09,0.56,0.50,-0.61,-0.46,-1.34,-2.06,-1.30,-1.37,-1.66,-1.76
1902,-1.74,-1.94,-2.30,-2.52,0.17,1.12,4.01,5.05,5.68,5.75,5.49,5.91
1903,5.20,5.16,4.33,3.79,5.56,4.45,4.69,5.63,5.35,5.16,4.63,3.94
1904,3.90,3.19,2.79,3.37,2.85,2.54,3.07,2.97,2.38,2.25,1.43,1.28
1905,1.21,1.56,1.35,1.85,2.69,3.26,2.66,2.43,2.80,3.15,3.85,3.21
1906,3.17,3.21,3.22,3.12,2.63,2.10,2.19,2.35,2.07,2.03,2.03,2.12
1907,2.16,2.13,1.40,0.87,1.09,1.29,2.66,-0.04,0.08,-0.04,-0.26,-0.35
1908,-0.54,0.51,-0.31,-0.69,1.78,2.53,2.68,3.33,2.40,3.10,2.98,2.58
1909,3.01,3.31,2.91,3.11,3.26,3.46,3.91,2.85,2.77,2.68,4.10,4.65
1910,4.77,-0.27,-1.46,-2.45,-2.29,-3.24,-4.02,-3.53,-3.42,-4.15,-4.65,-4.96
1911,-5.00,-4.01,-4.62,-4.05,-4.10,-5.13,-5.43,-5.17,-5.27,-4.32,-4.28,-3.23
1912,-3.11,-2.62,-2.06,-1.88,-2.33,-2.94,-3.11,-2.73,-2.14,-1.66,-1.84,-2.01
1913,-2.10,-2.06,0.01,0.55,1.68,-0.53,-1.34,-2.17,-2.22,-1.90,-2.33,-2.03
1914,-2.12,-2.15,-2.21,-1.96,-2.14,-1.20,-1.58,-1.96,1.68,2.03,1.48,1.65
1915,2.09,3.49,3.08,2.23,3.47,3.71,5.45,5.05,5.72,5.11,4.82,4.27
1916,4.92,4.33,3.66,3.58,3.76,0.02,-0.76,-1.24,-1.07,-1.30,-1.53,-1.58
1917,-1.59,-1.94,-1.96,1.11,1.41,1.83,-0.39,-0.40,-0.31,-0.59,-1.21,-1.45
1918,-1.57,-1.65,-2.60,-2.76,-1.84,-1.98,-1.85,-1.97,-2.30,0.58,0.75,0.77
1919,0.46,1.73,1.65,2.58,2.11,2.43,1.94,1.29,1.83,1.71,2.75,2.46
1920,2.12,1.90,1.95,3.17,2.75,2.40,2.82,3.04,2.78,2.59,2.82,2.64
1921,2.42,2.33,-0.53,-0.61,-0.26,-1.10,-1.56,-1.21,-0.57,-0.85,-1.28,-1.57
1922,-1.46,-1.29,-1.51,-1.40,-1.61,-2.33,-1.43,-1.48,-1.86,-2.11,0.90,-0.41
1923,-0.30,-0.54,-0.16,-0.15,-0.41,-0.11,-1.09,0.51,1.22,-0.31,-0.78,-1.09
1924,-1.14,0.14,0.50,-0.92,-1.52,0.79,1.35,1.70,1.84,-0.37,-0.79,0.62
1925,0.62,0.60,-0.57,-0.82,-1.54,0.66,0.31,0.36,0.56,1.12,0.79,1.02
1926,1.45,-0.26,-0.56,-1.41,-2.01,-1.98,-1.91,-1.91,1.64,1.25,1.71,1.71
1927,1.43,1.82,1.81,2.83,2.82,-0.51,-1.46,-1.31,-1.26,-1.25,-1.76,-1.93
1928,-2.38,-1.87,-2.26,-2.19,-2.61,0.15,0.72,1.59,1.68,2.20,3.17,2.78
1929,3.06,3.25,2.54,3.01,-0.46,-1.00,-0.65,-1.09,-0.83,-0.21,-0.11,-0.52
1930,-0.29,-0.46,-0.98,-0.89,-0.58,-0.18,-0.83,-0.96,-1.58,-1.56,-1.12,-1.36
1931,-1.47,-1.91,-2.13,-2.29,-1.90,-1.81,-2.00,-1.96,0.71,0.59,2.36,3.48
1932,4.32,3.97,3.38,2.86,2.69,2.60,2.03,2.55,-0.22,-0.28,-0.37,-0.36
1933,-0.11,-0.39,0.53,-0.68,-1.33,-3.14,-3.32,-3.35,-3.00,-3.27,-3.82,-3.68
1934,-3.66,-3.84,-4.06,-4.78,-6.24,-6.39,-6.32,-6.57,-6.03,-5.94,-5.03,-5.09
1935,-5.06,-4.65,-4.96,-4.94,-4.27,-3.18,-3.34,-3.53,-3.42,-2.81,-2.37,-2.29
1936,-1.57,-1.00,-1.37,-1.65,-2.25,-2.81,-4.33,-5.20,-4.34,-4.63,-4.93,-4.72
1937,-4.10,-4.23,-4.12,-3.61,-3.36,-3.42,-3.45,-2.86,-3.62,-3.45,-3.70,-3.89
1938,-3.92,-3.92,-4.41,0.10,0.75,0.29,1.08,0.56,1.87,1.02,1.28,1.00
1939,1.01,1.75,-0.35,-0.72,-1.78,-1.90,-1.84,-1.76,-2.78,-3.06,-3.77,-3.93
1940,-4.00,-3.98,-3.74,-3.06,-3.41,-3.22,0.63,1.86,0.93,0.80,1.23,1.31
1941,1.75,-0.05,-0.41,-0.59,-1.61,-0.64,-1.13,-1.65,0.37,1.26,1.55,2.03
1942,1.96,2.07,2.01,0.92,1.00,1.41,2.02,1.42,1.93,-0.33,-0.53,-0.46
1943,-0.60,-0.60,-0.77,-0.96,0.30,0.74,1.24,1.34,-0.18,-0.47,-0.39,-0.75
1944,0.11,0.11,0.41,1.33,1.88,2.55,2.80,3.54,2.82,2.09,1.78,1.63
1945,1.46,1.90,1.69,2.77,3.90,3.72,3.99,3.43,3.38,2.38,1.70,1.97
1946,1.91,1.49,2.11,1.03,1.74,1.74,1.04,1.30,1.50,2.08,2.11,1.79
1947,2.15,1.82,1.34,2.00,2.09,3.90,-0.59,-1.93,-2.67,-2.36,-2.04,-1.76
1948,-2.09,-1.48,-0.88,-0.82,-1.64,-1.85,-1.33,-1.52,-2.38,-2.38,0.61,0.57
1949,1.48,1.32,1.44,-0.41,-0.76,-1.15,-1.32,-1.46,-0.94,-0.93,-1.58,-1.89
1950,-1.81,-1.51,-1.79,-1.74,0.79,1.21,1.89,2.03,-0.46,-0.46,-0.69,-0.93
1951,-1.05,1.03,1.89,3.23,3.08,3.84,3.81,5.54,5.35,5.44,4.91,4.57
1952,4.56,4.26,4.64,4.10,3.91,3.94,4.39,4.77,3.85,2.88,2.80,2.59
1953,2.48,2.54,2.62,2.95,-0.45,-0.39,-0.90,-1.52,-2.48,-3.30,-3.34,-3.23
1954,-3.58,0.36,0.10,0.46,0.65,1.08,0.24,1.46,1.04,1.75,-0.41,-0.70
1955,-0.72,-0.43,-0.50,-0.42,-1.46,-1.80,-2.07,-2.94,-3.29,-3.89,-4.39,-4.66
1956,-4.91,-5.27,-5.94,-6.13,-6.14,-6.69,-6.45,-6.07,-6.14,-6.30,-5.47,-5.54
1957,-5.54,-5.68,-5.53,-5.68,0.06,1.00,0.83,0.71,1.02,1.77,2.57,2.44
1958,2.37,2.28,-0.26,-0.32,-1.17,-1.28,2.07,-0.31,-0.60,-1.33,-1.59,-1.97
1959,-2.10,-1.96,0.53,0.59,2.34,-0.22,-1.03,-1.43,-1.56,0.04,0.15,0.57
1960,1.01,1.22,1.18,0.86,1.66,1.36,1.06,1.76,1.66,-0.43,-0.91,-1.10
1961,-1.39,0.16,1.02,0.85,0.81,0.78,1.01,1.21,2.11,2.23,2.45,2.76
1962,2.38,3.10,2.93,2.24,2.70,2.58,3.30,4.06,-0.01,-0.05,-0.35,-0.57
1963,-0.42,-0.47,-0.22,-0.24,-0.41,-0.60,-0.61,-0.24,-0.51,-1.12,-1.70,-2.03
1964,-2.34,-2.73,-2.89,1.21,1.21,1.23,1.54,1.96,2.11,1.45,1.15,1.12
1965,1.00,1.46,1.90,2.13,2.40,1.76,1.35,0.87,3.64,-0.18,-0.25,0.21
1966,0.39,-0.04,-0.22,-0.69,-0.82,-0.16,-0.61,-0.48,-1.07,-1.55,-2.13,-2.26
1967,-2.35,-2.72,-3.37,-3.43,-3.56,2.70,-0.38,-0.92,-1.06,-1.11,-1.64,-1.80
1968,-1.96,-2.36,-3.18,-2.73,-2.78,-2.32,-2.37,0.26,0.83,2.11,2.21,2.78
1969,2.94,3.28,2.70,2.38,1.73,2.16,2.53,2.32,1.72,2.12,1.53,1.87
1970,-0.14,-0.40,0.41,-0.35,-0.32,-0.99,-1.32,-1.74,0.07,1.12,1.38,1.27
1971,1.42,2.63,-0.26,-0.83,-0.65,-0.97,-1.09,-1.92,-2.46,0.79,1.13,1.13
1972,0.99,1.05,0.63,1.23,1.49,1.02,2.05,2.03,3.18,3.71,4.31,4.42
1973,4.72,4.49,4.88,4.83,4.90,4.02,4.93,3.91,4.97,5.06,5.23,5.26
1974,4.88,4.26,3.40,2.94,3.78,-0.56,-1.54,-0.75,-1.15,-1.17,-1.50,-1.67
1975,0.56,0.41,0.39,1.60,-0.37,0.34,-0.85,-0.42,-0.65,-1.55,0.70,0.54
1976,0.10,0.24,0.76,0.69,0.97,-0.83,-1.72,-2.91,-3.61,-3.81,-4.42,-4.72
1977,-5.03,-5.39,-4.65,-4.78,-5.13,-5.43,-5.01,0.63,0.80,1.41,1.61,1.63
1978,1.42,1.52,1.07,1.84,1.49,0.60,1.02,1.05,2.17,1.77,1.86,1.90
1979,2.26,1.91,3.16,3.04,2.54,2.07,2.20,2.01,1.46,2.26,2.54,2.12
1980,2.31,-0.03,-0.20,-0.78,-1.18,-1.47,-2.24,-1.05,-1.81,-1.63,-2.24,-2.58
1981,-2.99,-3.24,-3.80,-4.58,-4.69,-4.87,-4.35,-3.91,-4.16,-3.67,-3.51,-3.26
1982,0.29,-0.35,0.18,0.07,1.57,1.11,1.72,1.85,2.08,2.40,2.94,4.03
1983,3.89,3.81,4.77,4.53,4.47,5.08,4.01,2.66,2.10,2.31,3.23,2.94
1984,2.57,2.37,2.33,4.28,4.55,5.05,4.57,3.15,2.34,3.48,3.40,4.31
1985,-0.01,-0.02,0.00,0.06,-0.37,-0.78,-1.27,-1.17,-0.56,-0.46,-0.54,-0.54
1986,-0.88,0.13,0.52,2.03,2.06,2.15,2.22,2.40,2.95,3.90,3.78,3.47
1987,2.90,2.41,3.00,2.27,2.18,1.05,1.97,3.38,3.21,2.78,2.68,2.67
1988,2.53,-0.10,-0.80,-0.99,-1.91,-3.03,-2.81,-2.84,-2.17,-2.62,-2.09,-2.00
1989,-1.71,-1.78,-2.16,-2.72,-3.02,-2.79,-2.62,-2.86,-1.74,-1.74,-2.02,-2.17
1990,-2.26,-2.41,0.81,0.15,1.18,2.30,3.09,2.63,1.76,1.40,0.98,1.04
1991,0.97,0.64,1.63,2.71,2.67,2.67,1.80,1.30,0.88,0.85,1.78,2.02
1992,2.15,2.12,2.27,2.19,-0.56,-1.27,1.47,1.26,2.15,2.71,3.41,3.55
1993,3.46,3.51,3.33,3.35,3.62,4.07,5.92,6.87,6.48,5.96,5.58,5.09
1994,4.88,4.46,3.21,2.58,1.41,1.39,1.38,1.87,2.13,2.11,2.13,2.19
1995,2.07,1.68,1.99,2.57,3.15,-0.55,-0.84,-1.32,-0.98,-0.70,-0.86,-1.07
1996,-0.69,-1.03,-1.05,-1.24,1.27,1.68,3.05,3.46,3.42,3.24,3.85,3.59
1997,3.44,3.23,2.73,3.16,-0.10,-0.21,-0.68,-1.35,-1.35,-1.24,-1.37,-1.58
1998,-1.49,-1.40,0.45,1.30,1.24,2.89,3.17,3.42,2.27,2.60,2.23,1.73
1999,1.64,1.63,1.14,2.90,2.60,3.00,3.11,3.12,-0.46,-1.00,-1.39,-1.47
2000,-1.64,-1.27,-1.82,-2.23,-2.79,-2.56,-2.41,-3.08,-3.81,-3.73,0.00,0.10
2001,0.41,0.52,0.22,0.36,1.86,-0.11,-0.60,-0.60,-0.39,-0.48,-0.52,-0.57
2002,-0.87,-1.00,-1.20,0.31,0.55,-0.75,-0.93,1.29,0.76,1.67,1.29,0.84
2003,0.63,1.00,0.64,0.89,1.34,1.16,1.72,-0.96,-0.95,-1.37,0.31,0.26
2004,0.54,0.77,1.64,1.19,2.24,1.92,1.92,1.63,1.29,0.67,1.15,0.73
2005,0.65,1.27,0.80,1.31,1.57,1.78,-0.24,-0.64,-1.13,-1.65,-1.67,-1.50
2006,-1.67,-1.97,-1.40,-0.80,-1.38,-2.54,-2.84,1.10,2.07,1.86,1.61,2.33
2007,2.55,2.76,2.83,3.83,4.66,3.19,2.42,4.18,3.98,4.77,4.06,4.34
2008,3.97,3.74,3.15,3.79,4.54,5.16,5.13,4.14,3.90,4.86,4.84,4.74
2009,4.42,3.93,3.47,3.25,2.31,2.73,3.54,3.87,3.22,4.90,4.36,4.95
2010,4.99,4.66,4.33,3.71,2.86,4.71,6.03,5.96,6.03,4.99,4.78,4.48
2011,4.39,4.04,3.28,3.34,3.54,3.62,-0.20,-0.21,-0.79,-1.59,-1.95,-1.77
2012,-2.12,-1.76,-2.64,-2.28,-2.11,-2.14,-3.19,-3.41,-3.86,-3.40,-3.73,-3.43
2013,-3.64,-3.69,-99.99,-99.99,-99.99,-99.99,-99.99,-99.99,-99.99,-99.99,-99.99,-99.99
