1895 0.05  -0.21  -0.54  -0.96  -1.37  -1.63  -1.55  -1.58  -1.80  -2.24  -2.32  -1.75   
1896 -1.96  -1.85  -2.21  -2.52   0.44  -0.50   1.36   1.32   2.04   2.19   2.23   1.80   
1897 2.06   1.91   2.13   2.89  -0.58  -0.98  -1.40  -2.35  -3.25  -3.98  -4.40  -4.57   
1898 0.30   0.36   0.61   0.45   0.55   0.59  -0.61   0.33   0.04   0.57   0.65  -0.08   
1899 -0.44  -0.47  -0.31  -0.92   1.02  -0.17  -0.32  -0.53  -1.13  -1.57  -2.22  -2.19   
1900 -2.41  -1.93  -1.54  -2.25  -2.17   0.34   1.11   1.49   2.41   3.25   3.26   2.70   
1901 2.46   2.26   2.38  -0.98  -1.36  -2.10  -2.90  -3.74  -3.50  -3.43  -3.94  -4.20   
1902 -4.23  -4.16  -4.33  -4.45   0.29   1.66   2.53   3.34   3.41   3.02   3.17   3.30   
1903 2.62   2.51   1.94   1.96   2.29   2.07   2.06   2.56   2.71   2.39   2.03   1.63   
1904 1.79   1.57   1.85   1.87  -0.15  -0.65  -0.26  -0.15  -0.10  -0.13  -0.82   0.14   
1905 0.16   0.38   0.21   0.09   0.71  -0.22  -0.57  -0.83  -1.20   0.37   0.45   0.34   
1906 0.91   0.93   1.19  -0.83  -0.76  -0.82  -1.13  -1.21   0.29   0.31   0.59   0.88   
1907 1.31  -0.31  -0.54  -0.68   0.04   0.54   1.99   2.94   2.63   2.11   2.00   2.07   
1908 1.66   2.11   1.85   1.34   3.19  -0.02  -0.12  -0.08  -0.99  -1.05  -1.27  -1.64   
1909 0.19   0.55   0.45   2.08   2.00   2.62   2.63   1.91   1.69   1.37   2.55   2.78   
1910 2.78  -0.07  -1.32  -1.77  -1.57  -1.96  -2.58  -2.72  -2.44  -2.77  -3.28  -3.82   
1911 -3.71  -2.43  -2.60  -2.11  -2.11  -2.95  -3.71  -3.63   0.97   1.84   2.25   2.73   
1912 2.28   2.24   2.02   1.72   1.56   1.38   1.68   1.57   1.52   1.68   1.44   1.38   
1913 1.46   1.41   1.94   1.57   1.84  -0.36  -1.40  -1.81  -1.93  -1.53  -1.89  -2.44   
1914 -2.39  -2.28  -2.19  -2.44  -2.37  -2.54  -3.05  -3.45   0.83   0.98   0.35   0.29   
1915 0.74   1.65  -0.58  -1.97   1.32   0.72   2.58   2.87   3.77   3.16   3.17   2.83   
1916 3.54  -0.22  -0.17  -0.75  -0.29  -0.37  -1.31  -1.47  -1.33  -0.94  -0.80  -0.84   
1917 -0.93  -1.13  -0.01   0.55   0.67   1.85  -0.52  -1.16  -1.46  -1.02  -1.82  -2.42   
1918 -2.31  -2.14  -2.73   0.27   1.14   1.83   1.66   1.54   1.22   1.19   0.97   1.08   
1919 0.58   1.07   1.19   1.54   1.42   1.49  -0.61  -1.07   0.22   1.10   1.79  -0.26   
1920 -0.57  -0.77   0.79   1.59   0.00  -0.78  -0.88  -1.22  -1.38  -1.67  -1.64  -1.45   
1921 -1.62  -1.76  -1.77  -1.38  -1.64  -1.66  -2.31   0.33   1.36   1.43   1.33   1.68   
1922 1.39   1.99   1.93  -0.01  -0.12  -1.13   1.02  -0.50  -1.13  -1.61  -1.55  -1.94   
1923 -2.12  -2.36  -1.49  -1.94  -2.16  -2.09  -2.50   0.79   1.62   1.66   1.34   1.39   
1924 1.42   1.44   1.73  -0.67  -1.05   1.53   0.94   1.43   0.04  -0.81  -1.22  -1.18   
1925 -1.65  -1.62  -1.98  -2.85  -3.61  -3.04  -3.06  -3.12   0.27   0.85   0.66   0.69   
1926 0.50   0.76  -0.21  -0.37  -0.94   0.37   0.46   0.63   2.95   3.07   3.37   3.07   
1927 2.40   2.03   1.50   1.91   2.58  -0.54  -0.73  -1.02   0.30   0.71   0.62   0.70   
1928 0.23   0.85  -0.23  -0.42  -1.04   0.51   0.69   0.78   0.66   1.29   2.62   2.53   
1929 3.08   2.79   2.38   2.69  -0.30  -0.41   0.40  -0.28  -0.30  -0.11  -0.15  -0.31   
1930 0.57  -0.01  -0.37  -0.52  -1.01   0.56  -0.94  -1.47  -1.86  -1.69  -2.25  -2.82   
1931 -3.10  -3.61  -3.68  -3.58  -3.43  -4.05  -4.40  -4.79   0.46   0.79   2.10   2.32   
1932 2.11  -0.30  -0.13  -0.58  -1.05  -1.22  -1.38  -0.40  -0.93  -0.58  -0.70  -0.40   
1933 -0.28  -0.56  -0.32  -0.81   1.26  -0.91  -1.35  -1.85  -2.32  -2.55  -3.47  -3.93   
1934 -4.33  -4.77  -5.38  -6.34  -7.27  -7.78   0.36  -0.39   0.49   0.00   1.55   1.35   
1935 1.49   1.36   1.07   0.58   1.35   2.20  -0.37  -0.71  -0.68  -0.89   0.79   0.74   
1936 0.91   0.92  -0.64  -1.04  -1.88  -1.59  -3.04  -3.41   1.13   1.07   0.62   0.91   
1937 2.12   2.38  -0.10   0.15   0.17  -0.36  -0.55  -0.97  -1.53  -1.43  -1.91  -2.30   
1938 0.05   0.17   0.47   0.36   1.01   1.31   1.58   1.39   1.71   1.19   1.60   1.26   
1939 1.11   1.49  -0.14  -0.15  -0.86  -0.86  -0.84  -0.15  -1.00  -1.27  -1.99  -2.75   
1940 -2.84  -2.83  -3.16  -2.89  -3.09  -3.38  -3.47  -3.20  -3.60  -3.63  -3.64  -3.54   
1941 -2.97  -2.98  -2.89  -2.62  -2.60  -1.64  -1.85  -2.56   1.45   2.90   2.63   2.67   
1942 -0.14  -0.14  -0.50  -1.59  -1.54   0.33   0.56   0.68   1.19   0.96   1.50   2.08   
1943 1.95   1.81   1.74   2.20   2.33   2.01   1.68   1.85   1.46   1.34   0.98   0.62   
1944 0.64   0.97   1.51   2.21   2.62   3.09  -0.34  -0.14  -0.74  -1.16  -1.17  -1.15   
1945 -1.40   0.17   0.17   0.41   1.39   1.51  -0.63  -0.98   0.66   0.02   0.04   0.24   
1946 0.99   0.56   0.89  -0.98   0.14   1.13  -0.69   0.30   0.92   1.00   1.29   1.00   
1947 1.36   0.86   0.73   1.81   2.06   3.59  -0.08  -1.14  -1.57  -1.93  -2.28  -2.36   
1948 -2.57  -1.89  -1.04  -1.60  -1.52  -1.70  -0.84  -1.51  -1.84  -1.83  -1.85   0.20   
1949 1.17   1.41   1.50  -0.69  -1.33  -0.86  -0.70  -0.80  -0.89  -1.03  -1.67  -0.04   
1950 0.67   0.95   0.49   1.46   0.99   1.88   2.29  -0.43  -0.81  -1.77  -2.22  -2.46   
1951 -2.47   0.66   2.03   2.38   2.77   2.89   3.20   3.33   2.83   3.52   3.73   3.51   
1952 3.43   2.96   3.64  -0.61  -0.60  -0.63  -0.87  -0.86  -1.70  -2.44   0.57   0.76   
1953 0.54   1.43   1.94  -0.03  -0.31  -0.40  -0.39  -1.24  -1.99  -2.97  -3.85  -3.94   
1954 -4.42  -4.48  -4.52  -3.56  -3.12  -2.81  -3.38   1.00   0.49   1.56   1.02   1.22   
1955 1.14   1.30  -0.34   0.32  -0.38  -0.79  -1.58  -2.41  -2.36  -2.41  -3.28  -3.98   
1956 -4.45  -4.64  -5.49  -5.23  -4.58  -5.21  -4.50  -3.60  -3.99  -4.53  -4.54  -4.70   
1957 -4.62  -4.52  -4.43  -4.06  -3.02  -3.22  -3.28  -2.82  -3.13  -2.99  -2.76  -2.17   
1958 -1.98  -2.10  -2.58  -2.75  -3.08   0.18   0.93   0.71   0.73   0.69   0.66   0.27   
1959 0.34   0.62   1.39   1.96   2.22   1.70   1.77   1.40   1.42   2.51   2.85   3.10   
1960 4.42   4.45   3.83   3.78   3.94   3.73   3.71   3.13   2.54   3.16   2.87   2.28   
1961 1.67   1.67   2.44   1.89   1.01   0.90   1.86   1.75   3.49   3.56   4.79   4.53   
1962 4.14   4.28   4.03   3.19   3.52   2.39   3.66  -0.39  -0.68  -0.38  -0.80  -1.19   
1963 -1.35  -1.52  -1.22  -1.07  -1.60  -2.89  -1.48  -1.50  -1.83  -2.91  -3.04  -3.53   
1964 -3.87  -4.08  -4.10  -3.16  -3.49  -2.67  -2.28  -2.13  -2.18  -2.87  -3.08  -3.31   
1965 0.54   0.41   0.74   2.01   1.71   1.28   1.33   2.22   4.09   3.43   3.18   3.59   
1966 3.38   2.98   2.49   2.35   2.77   3.06  -0.23  -0.98  -1.57  -1.54  -2.11  -2.10   
1967 -2.09  -2.06  -1.95   0.48  -0.56   0.44   0.15   0.90   1.38   2.60   2.59  -0.01   
1968 -0.27  -0.59  -1.19  -0.86  -0.97  -0.91  -1.07   0.01   0.58   0.30   0.09   0.51   
1969 1.22  -0.26  -0.59   0.29   0.11   2.09   3.45   2.81   2.12   2.46   1.77   1.53   
1970 1.07   0.64   1.07   0.75   1.52   1.39   1.73   1.33   3.01   2.92   2.65   2.50   
1971 2.38   2.99  -0.47  -0.97  -1.23  -1.70  -0.78  -1.55  -1.70  -2.05  -0.03   0.98   
1972 0.72   0.78   0.79   1.87   1.75   1.74   2.54   3.40   3.27   3.50   3.62   3.64   
1973 3.77   3.54   3.86   4.89   5.53   4.87   4.20   2.99   3.72   2.95   2.65   3.11   
1974 3.64   3.40   3.24   3.39   5.06   5.26   4.34   4.65   3.74   3.31   2.97   2.84   
1975 2.54   2.67   2.84   2.64  -0.54  -0.64  -1.45  -1.38  -1.73  -2.59  -2.44  -2.87   
1976 -3.23  -2.93  -2.07  -1.38  -1.36  -1.73  -2.03  -2.55  -3.27  -3.10  -3.86  -4.63   
1977 -4.99  -5.28  -4.65  -4.82  -5.26  -5.18   0.09   2.08   2.46   3.24   3.28   3.09   
1978 2.61   2.15   1.46   1.74   1.73   1.19   1.44   0.85   0.91   0.68   0.95   1.33   
1979 1.67   1.40   1.73   1.79   1.09   0.66   1.08   2.42  -0.79  -0.48  -0.46  -0.41   
1980 -0.17  -0.11  -0.62  -1.09  -1.28  -1.16  -1.60   0.77   1.12  -0.08  -0.48  -0.23   
1981 -0.71   0.78  -0.95  -0.50  -1.26   0.26   0.17   1.17   1.54   2.05   2.36   2.03   
1982 2.13   1.61   1.84   1.49   1.55   1.77   2.94   2.87   2.45   2.59   3.29   4.30   
1983 3.58   3.53   3.06   3.04   3.00  -0.45  -0.89  -1.78  -1.70  -1.74   0.67   0.74   
1984 0.49   0.46   0.40   0.76   0.93   0.89   1.30  -0.88  -1.09   1.50   1.96   2.30   
1985 2.05   2.50   2.60  -0.98  -1.47  -2.06  -2.37  -2.60  -2.46   1.01   2.07   2.32   
1986 1.78   2.05   1.61   1.12   2.31   2.58   2.61   2.79   3.84   3.99   0.01   0.00   
1987 -0.25  -0.64  -0.28  -0.96  -1.34  -2.11  -2.68   1.94   1.46   0.93   1.19   1.80   
1988 1.70  -0.19  -0.62  -1.30  -2.24  -3.48  -4.73  -4.75  -5.18  -5.03  -4.94  -5.13   
1989 -5.10  -5.14  -5.37  -5.02  -4.95  -4.80  -4.63  -4.06  -3.23  -3.22  -3.60  -3.95   
1990 -3.65  -0.01   0.96   0.55   1.51   3.82   3.99   4.81   3.71   3.33   3.18   3.34   
1991 2.94   2.26   3.41   3.12  -0.15  -1.11  -2.41  -2.52  -2.72   0.44   1.45   1.55   
1992 1.42   1.59   1.04   1.43  -1.20  -2.32   2.57   2.24   3.12   2.42   4.14   4.27   
1993 4.08   3.74   4.07   4.39   4.42   5.75   8.33   9.82   9.57  -0.36  -0.39  -0.40   
1994 -0.37   0.56  -0.73  -1.23  -1.72  -1.06  -0.74  -0.41  -0.43  -1.07  -0.61  -0.55   
1995 -0.39  -0.77  -0.93   1.43   2.26  -0.44  -0.61  -1.33  -1.74  -1.91  -1.60  -2.18   
1996 -1.55  -1.70  -2.04  -2.15   2.51  -0.19  -0.41  -0.75  -1.00   0.41   0.24   0.13   
1997 0.25   1.23   0.74   0.21   0.94  -0.21  -0.98  -0.66  -0.81  -0.64  -1.07  -1.12   
1998 0.06   0.78   1.77   1.78   1.29   2.27   1.36   1.97   1.80   3.29   2.90   2.39   
1999 2.59   2.38   1.70   2.57   2.22   2.11   2.28  -0.04  -0.33  -0.80  -1.48  -1.84   
2000 -1.78  -1.42  -2.00   0.14   0.24   1.62   1.85  -0.31  -0.08  -0.56  -0.70   0.21   
2001 0.50   1.86   1.45   1.00   1.76   1.40   1.15   0.77   0.90   1.42  -0.39  -0.35   
2002 -0.54  -0.36  -0.50   0.56   0.98   0.86   1.73   2.09   1.43   2.34  -0.35  -0.59   
2003 -0.83  -1.00  -1.31  -1.44  -1.15  -1.07  -0.66  -1.54  -1.31  -1.63   0.79   1.21   
2004 0.98   1.08   1.74   0.74   1.89   1.56   1.38   1.95   0.90   1.37   1.40   1.22   
2005 1.66   1.67  -0.50  -1.03  -1.15  -1.81  -2.45  -2.69  -3.11  -3.74  -3.99  -4.26   
2006 -3.85  -3.99   0.38   0.51  -0.32  -0.67   0.16   0.41   0.12   0.15   0.16   0.66   
2007 0.48   0.89   1.13   1.58   0.76   1.22   1.99   3.00   2.55   3.00   2.31   3.37   
2008 3.03   4.01   3.45   4.74   5.25   5.73   6.27   5.62   5.80   5.30   4.84   5.22   
2009 4.65   4.27   4.80   4.59   4.11   4.07   5.02   6.99   5.89   7.45   6.61   6.88   
2010 6.51   5.91   4.94   4.49   4.16   5.55   6.00   6.04   5.99   5.18   4.62   4.43   
2011 3.80   3.89   3.45   3.51   3.05   3.06   2.96  -0.40  -0.71  -1.16  -0.92  -0.38   
2012 -0.40  -0.31  -0.95  -0.64  -1.37  -2.17  -3.47  -3.40  -3.83  -3.27  -3.60  -3.57   
2013 -3.32  -2.76 -99.99 -99.99 -99.99 -99.99 -99.99 -99.99 -99.99 -99.99 -99.99 -99.99   
