1895 0.00  -0.23  -0.66  -0.90  -1.27   0.08   0.93   1.60   1.62   1.07   1.11   1.55   
1896 1.30   1.21   0.64   0.62   1.42   0.87   2.23   2.30   2.57   2.84   2.65   2.25   
1897 2.41   2.02   2.04   3.04  -0.60  -0.58  -0.61  -1.11  -1.88  -2.90  -3.56  -3.45   
1898 0.26   0.15   0.06   0.11   0.67   0.93   1.31   1.22   1.22   1.84   2.03   1.76   
1899 1.28   1.08   0.93   0.87   1.58   1.71   1.59  -0.29  -1.00  -1.47  -1.92  -1.68   
1900 -1.96   0.04   0.16  -0.21  -0.24  -0.32   0.70   0.55   1.20   1.47   1.48  -0.26   
1901 0.06   0.21   0.43  -0.39  -0.94  -1.38  -2.44  -3.49  -3.57  -3.86  -4.40  -4.67   
1902 -4.80  -4.82  -5.02  -5.31   0.13   1.24   2.81   4.14   4.42   4.09   4.12   4.27   
1903 3.61   3.32   2.50   2.28   4.09   3.31   3.10   3.82   3.84   3.37   2.94   2.32   
1904 2.39   1.83   1.90   2.49   2.30   1.89   2.16   2.27  -0.01  -0.81  -1.42   0.15   
1905 0.16   0.61   0.43   0.32   0.93   1.13   1.57   1.58   1.84   2.55   2.98   2.50   
1906 2.62   2.75   2.72  -0.59  -1.18  -1.15  -1.06  -1.01  -0.82  -1.22   0.01   0.07   
1907 0.55  -0.07  -0.51  -0.73   0.13   0.71   1.89   2.04  -0.27  -0.27  -0.25  -0.09   
1908 -0.28   0.35  -0.34  -0.51   1.65   2.20   1.90   2.36   1.47   1.82   1.84   1.46   
1909 1.69   1.66   1.46   2.32   2.36   2.85   3.56   2.19   2.01   1.89   3.39   3.64   
1910 3.53  -0.14  -1.46  -2.06  -1.56  -2.09  -1.83  -1.60  -1.40  -1.93  -2.46  -2.97   
1911 -3.02  -1.63  -2.06  -1.71  -2.01  -2.86  -3.36  -3.55   0.37   0.26   0.08   0.95   
1912 0.71   1.00   1.16   1.13  -0.76  -1.06  -1.43  -1.51  -1.47  -1.08  -1.33  -1.53   
1913 -1.49  -1.39   0.29   0.29   1.01  -0.39  -1.19  -2.12  -2.17  -1.56  -1.91  -2.16   
1914 -2.27  -2.08  -2.08  -2.10  -2.32  -1.78  -2.20  -2.72   1.23   1.76   1.19   1.32   
1915 1.69   2.51   1.92   0.77   2.33   2.32   3.85   3.98   4.40   3.51   3.22   2.72   
1916 3.45  -0.15  -0.40  -0.37  -0.05  -0.18  -1.16  -1.90  -1.85  -2.05  -2.06  -2.15   
1917 -2.51  -2.77  -2.86   0.81   1.14   2.04  -0.19  -0.20  -0.46  -0.72  -1.40  -1.75   
1918 -1.88  -1.76  -2.47   0.03   0.78   0.99  -0.51  -0.83  -1.07  -0.73  -0.71  -0.70   
1919 -0.98   0.60   0.85   1.68   1.34   2.04   1.29   0.85   1.03   1.39   2.03   1.58   
1920 1.13   0.91   1.19   1.83  -0.25  -0.70   0.28   0.51   0.66   0.28   0.58   0.61   
1921 0.62  -0.06  -0.52  -0.17  -0.19  -0.41  -1.27   0.46   1.39   1.22   0.84   0.85   
1922 0.70   0.69   0.90   1.13  -0.33  -1.63   1.16  -0.16  -0.68  -0.87  -0.59  -1.06   
1923 -1.29  -1.52  -0.84  -1.10  -1.05  -0.83  -1.59   0.39   0.88  -0.23  -0.49  -0.74   
1924 0.09   0.40   0.89  -0.70  -1.27   1.51   1.94   2.35   2.45  -0.55  -0.80  -0.48   
1925 -0.73  -0.71  -1.19  -1.59  -2.31   0.74   0.20   0.15   0.79   1.49   1.32   1.37   
1926 0.04  -0.06  -0.32  -0.80  -1.46   0.08  -0.12  -0.21   2.41   2.06   2.25   2.02   
1927 1.56   1.48   1.17   2.05   1.97  -0.49  -0.96  -0.89  -0.66  -0.08  -0.47  -0.66   
1928 -0.97  -0.23  -0.51  -0.30  -0.73   0.64   0.64   1.58   1.47   1.76   3.27   3.01   
1929 3.26   3.18   2.49   2.99  -0.25  -0.62  -0.26  -0.55  -0.67  -0.32  -0.24  -0.59   
1930 -0.07  -0.48  -1.00  -1.18  -1.16   0.58  -1.15  -1.79  -2.05  -2.25  -2.53  -2.82   
1931 -3.23  -3.61  -3.40  -3.24  -3.30  -3.13  -3.12  -3.07   0.82   1.53   3.24   3.96   
1932 3.85   3.45   2.81   2.54   1.88   1.65   1.27   2.99   2.42   2.06   2.10   2.29   
1933 -0.05  -0.34  -0.19  -0.91  -1.12  -2.37  -3.17  -2.90  -2.70  -2.82  -3.55  -3.89   
1934 -4.11  -4.21  -4.62  -5.11  -5.92  -6.59  -7.73  -8.35  -7.36  -7.18   1.24  -0.40   
1935 -0.34  -0.13  -0.66  -0.92   1.70   3.02   2.70   1.59   1.69   1.75   2.32   2.02   
1936 2.63  -0.07  -0.73  -1.34  -1.77  -2.32  -3.76  -4.76  -3.66  -3.55  -3.99  -3.68   
1937 -2.74  -2.31  -2.24  -1.82  -1.72  -2.05  -1.96  -2.42  -3.34  -3.48  -3.89  -4.25   
1938 -4.40  -4.52  -4.62  -4.19  -3.29  -3.28  -3.46  -2.55  -2.91  -3.58  -3.22  -3.25   
1939 -3.19  -2.52  -1.77  -1.73  -2.72  -1.83  -2.18  -1.43  -2.33  -2.85  -3.28  -3.46   
1940 -3.44  -3.09  -2.88  -2.31  -2.54  -3.00  -2.46  -1.27  -2.00  -2.40  -2.20  -1.94   
1941 -1.05  -1.19  -1.49  -1.99  -2.50  -1.88  -2.24  -2.73   1.59   3.35   3.04   3.54   
1942 3.26   3.30   2.78   1.59   1.52   1.87   2.23   1.88   1.78   1.55   1.52   1.78   
1943 1.40   1.17   0.86   0.60   1.12   1.83   1.77   1.98  -0.08  -0.47  -0.75  -0.90   
1944 -0.79  -0.75   0.48   1.79   2.10   1.75   1.35   2.22   1.85   1.32   1.29   1.73   
1945 1.60   1.55   1.58   2.04   2.83   2.85   2.14   1.29   1.86   1.12   0.68   1.25   
1946 1.94   1.41   1.89   1.18   1.19   1.97   1.88   2.43   2.27   2.23   2.16   1.74   
1947 1.94   1.39   1.48   2.58   2.81   4.93  -0.74  -1.81  -2.64  -1.91  -1.95  -1.69   
1948 -1.63  -1.14  -0.57  -1.00  -1.32  -1.69  -1.52  -1.88  -2.35  -2.56  -2.57   0.00   
1949 1.16   1.19   1.31  -0.65  -1.32   0.85   0.96  -0.33  -0.40  -0.52  -1.07  -1.02   
1950 0.19   0.74   0.20   0.10   0.65   0.97   1.11   1.32  -0.53  -1.32  -1.77  -2.15   
1951 -2.32   0.71   1.81   2.45   2.89   3.29   2.98   3.33   2.77   3.05   3.12   2.74   
1952 2.43   2.15   2.64   2.01   1.87   2.22   1.67   1.94  -0.70  -1.43   1.05   0.99   
1953 0.80   1.40   1.94   0.02  -0.85  -0.76  -1.25  -2.20  -3.12  -3.98  -4.69  -4.78   
1954 -5.43  -5.34  -5.35  -4.70  -4.02  -3.94  -4.62  -3.46  -3.92  -2.69  -3.13  -3.15   
1955 -2.60  -1.91  -2.13  -2.22  -2.43  -2.42  -2.35  -2.94  -2.89  -3.26  -3.89  -4.38   
1956 -4.88  -4.84  -5.40  -6.04  -6.37  -6.96  -5.94  -5.00  -5.42  -5.94  -6.03  -6.21   
1957 -6.33  -6.53  -6.00  -4.93  -4.53  -4.12  -3.85  -3.92  -3.59  -3.09  -2.91  -2.54   
1958 -2.28  -2.07  -2.38  -2.69  -2.88  -3.12   2.63   2.04   2.02   1.28   1.25   0.66   
1959 0.65   0.67   1.28   1.63   2.69   2.20   1.86   2.09   2.62   2.83   2.51   2.80   
1960 3.68   3.74   3.52   3.20   3.56   3.74   2.95   3.30   3.03   2.97   2.43   1.99   
1961 1.57   2.12   3.16   2.77   1.95   1.46   2.12   1.45   3.07   3.00   4.22   4.27   
1962 4.12   4.28  -0.26  -0.66  -0.37  -0.81  -0.52  -0.51  -0.92  -0.12  -0.24  -0.47   
1963 -0.46  -0.60   0.58  -0.03  -0.28  -1.37  -1.02  -0.90  -1.23  -2.11  -2.56  -2.98   
1964 -3.45  -3.67  -3.82   0.26  -0.30   0.75   0.73   0.90   1.74   1.02   0.77   0.57   
1965 1.17   1.09   1.35   2.03   1.61   1.46   1.15   1.04   2.54  -0.38  -0.39   0.48   
1966 0.54  -0.30  -0.74  -0.85   0.39   0.86   0.83  -0.37  -0.88  -1.26  -1.91  -2.15   
1967 -2.20  -2.26  -2.17   0.41   0.68   1.89  -0.18  -0.97  -1.19   0.63  -0.46  -0.49   
1968 -0.60  -0.88  -1.46   0.97  -0.49  -1.04  -0.71  -0.99  -1.29  -1.34  -1.34   0.11   
1969 0.30   0.31   0.13   0.72   0.60   1.15   1.93   1.60   1.49   1.98  -0.44  -0.38   
1970 -0.59  -0.97  -0.85  -0.59  -0.96  -1.31  -1.58   1.00   2.13   2.82   2.72   2.70   
1971 2.62   2.73  -0.54  -1.07  -0.96  -1.64  -1.87  -2.58  -2.77   0.07   0.45   0.61   
1972 -0.15  -0.21  -0.62   0.15   0.52  -0.51   0.62   0.75   1.62   1.51   2.28   2.50   
1973 3.01   3.36   4.31   4.75   5.20   4.32   5.12   4.67   5.35   5.54   5.27   5.47   
1974 5.41   4.79   4.04   3.81   4.35   4.09   3.28   2.95   2.23   2.68   2.41   2.24   
1975 2.25   2.31   2.15   2.02   1.68   1.97  -0.99  -0.86  -0.63  -1.47   0.41  -0.10   
1976 -0.41   0.52   0.98   2.08  -0.04  -0.14  -0.06  -0.55  -1.07  -1.06  -1.70  -2.29   
1977 -2.62  -2.94  -2.43  -2.72  -3.35  -4.12  -4.54   2.01   2.38   3.67   3.22   2.98   
1978 2.59   2.53   1.91   2.83   3.01   2.79   3.29   3.01   3.65   3.10   3.60   3.12   
1979 3.31   2.73   3.24   3.19  -0.65  -0.21  -0.01  -0.49  -1.27  -0.86  -0.94  -1.36   
1980 -1.08  -1.05  -1.02  -1.44  -2.19   1.08   0.62   1.71   1.52   1.70   1.29   1.92   
1981 -0.35   0.33  -0.56  -0.41  -0.64   0.65   2.03   1.87   1.40   1.32   1.73   1.63   
1982 1.96   1.68   2.51   2.30   3.33   2.84   4.66   5.11   4.90   5.02   5.07   5.76   
1983 5.18   4.73   4.44   4.30   3.98  -0.15  -1.25  -2.51  -2.74   0.41   1.59   1.59   
1984 1.28   1.07   1.07   2.13   2.48   2.42   2.65  -0.82  -1.39   0.73   0.60   1.00   
1985 0.87   1.11  -0.09  -1.15  -1.63  -1.55   0.40   0.35   0.95   1.60   2.02   2.06   
1986 1.47   1.50   1.08   1.27   1.96   1.24   1.85   2.02   3.35   3.53   3.14   2.84   
1987 2.33   1.92   2.01   1.35   1.48   0.89   1.32   3.05   2.57   2.05   2.67   2.93   
1988 -0.26  -0.38  -1.02  -1.66  -2.42  -3.50  -4.15  -4.24  -4.31  -4.71  -4.63  -4.85   
1989 -4.88  -4.73  -5.24  -5.92  -5.24  -5.26  -4.80   0.18   0.81   0.87  -0.47  -0.71   
1990 0.32   0.47   1.25   1.22   2.03   2.64   3.76   3.24   2.37   2.29   2.27   2.27   
1991 2.08   1.52   2.13   3.53   0.04  -0.49  -0.72  -1.19  -1.73   0.29   1.12   1.39   
1992 1.37   1.77   1.48   2.16  -0.86  -1.73   1.89   1.45   3.56   2.78   3.97   4.12   
1993 4.00   3.77   3.74   3.55   3.85   4.05   7.83   7.62   7.85   7.00   6.33   5.58   
1994 4.94   4.99   3.61   2.98   2.21   2.19   2.00   1.61   1.16   0.79   0.82   0.90   
1995 0.86   0.73   0.62   1.48   2.99   2.84   2.98  -0.56  -0.77  -1.09  -1.10  -1.35   
1996 0.58  -0.18  -0.34  -0.67   2.49   2.39   1.92   1.60   1.35   1.46   1.62   1.13   
1997 1.02   2.32   1.53   1.96   2.34  -0.47  -0.83  -1.00  -1.29   0.79   0.59   0.89   
1998 0.76   1.03   2.13   2.19   2.05   2.40   2.10   2.31   1.55   2.38   2.70   2.25   
1999 2.01   1.99   1.48   2.34   2.66   2.47  -0.24  -0.39  -0.56  -1.11  -1.57  -1.95   
2000 -2.31  -1.98  -2.60  -3.05  -3.64   0.96   1.08   0.79   0.57   0.09   0.02   0.25   
2001 0.56   1.69   1.86   1.74   2.77   3.00  -0.20  -0.66   0.27   0.83  -0.55  -0.59   
2002 -0.54  -0.60  -0.62   0.17   0.91  -0.87  -0.80  -0.85  -1.66  -1.18  -1.81  -2.40   
2003 -2.76  -2.59  -2.99  -2.65  -2.21  -1.68  -1.53  -2.32  -1.85  -2.12   0.85   0.99   
2004 1.17   1.17   1.50   0.58   1.70   1.34   1.54   3.05  -0.53  -0.68  -0.67  -0.81   
2005 0.41   0.77  -0.50  -0.12  -0.33  -0.19  -0.22  -0.46  -1.18  -1.58  -2.03  -2.11   
2006 -2.18  -2.54  -2.01  -1.84  -2.07  -2.65  -2.82   1.06   1.03   1.13   1.26   1.56   
2007 1.42   1.89   1.74   2.37   2.91   2.11   1.42   3.35   2.89   3.60   2.85   4.10   
2008 3.63   4.03   3.37   4.11   4.30   5.55   7.44   6.17   6.35   6.36   6.17   6.31   
2009 5.42   4.73   5.30   5.23   4.90   4.80   4.39   5.51   4.54   5.49   5.11   5.35   
2010 4.95   4.77   4.63   4.42   4.87   6.77   7.64   7.26   8.17   7.04   6.50   5.59   
2011 5.11   4.92   4.05   4.13   4.73   5.57  -0.72  -0.40  -1.12  -1.83  -1.51  -0.73   
2012 -0.90  -0.34  -0.68  -0.38  -1.16  -1.52  -2.70  -2.68  -3.44  -2.76  -2.98  -2.81   
2013 -2.66  -1.95 -99.99 -99.99 -99.99 -99.99 -99.99 -99.99 -99.99 -99.99 -99.99 -99.99   
