1895 0.36   1.29   1.41   1.12   0.77   1.77   2.38   3.18   2.62   2.14   2.12   1.96   
1896 1.93   1.41   1.53   2.00   1.42   1.32   1.57   1.42   1.68   1.83   1.84   1.27   
1897 0.96   1.19   1.21   1.49  -0.80  -1.22  -1.16  -0.72  -1.26   1.90   1.48   1.81   
1898 1.78   1.52   0.89   1.13   2.01   1.99  -0.11  -0.24   0.33  -0.46  -0.43  -0.28   
1899 -0.35  -0.33  -0.17  -0.83  -1.58   0.25   0.77  -0.18  -0.87  -0.89  -0.86  -0.69   
1900 -0.97  -0.36  -0.90   2.05  -0.47  -0.69  -0.42  -0.69  -0.20  -0.49  -0.90  -1.03   
1901 -1.17   0.25   0.38   1.15  -0.75  -0.88  -1.59   0.28   0.94   0.93  -0.39  -0.39   
1902 -0.19  -0.18  -0.37  -1.04   0.00   0.19   0.83   1.21   1.79   1.97   1.41   1.73   
1903 1.36   2.24   1.78   1.83   3.06   2.86   3.58   4.57   3.99   3.95   3.69   3.15   
1904 2.57   2.07   1.30   1.31   1.72   3.10   4.26   4.64   4.71   5.21   4.38   3.72   
1905 3.75   3.54   3.35   4.22   4.72   5.06   5.85   5.43   5.80   5.17   5.15   4.41   
1906 3.87   3.43   3.69   4.30   3.69   3.39   3.94   4.05   4.57   5.53   5.20   4.99   
1907 4.66   4.57   3.71   3.47   3.25   3.43   3.93   4.00   3.87  -0.15  -0.44   0.28   
1908 0.02   0.44  -0.66  -1.44  -1.42   1.43   2.29   3.30   2.49   3.42   3.45   2.79   
1909 2.40   2.36   2.36   1.96   1.80   2.04   2.62   2.44   2.86   2.51   3.53   4.03   
1910 3.88   0.02  -0.83  -1.39  -0.85  -1.38  -1.89   0.89  -0.03  -0.25  -0.72  -0.54   
1911 -0.62   1.28  -0.57  -0.70  -1.44  -2.64   0.27   1.01   0.53   1.79   1.45   1.87   
1912 1.71   2.38   3.17   2.92   2.13   2.40   2.89   3.51   3.60   3.68  -0.15  -0.39   
1913 -0.59   0.69   0.54   0.38   0.56  -0.17  -0.37  -1.31  -0.72  -1.19  -1.20   2.62   
1914 2.18   2.31   1.94   2.05   1.74   1.75   1.93   2.14   1.34   1.65   0.88   0.88   
1915 1.07   1.87   2.32   3.00   3.81   5.05   6.39   7.66   8.22   7.70   6.86   6.71   
1916 6.03   5.54   4.83   4.77   4.31   4.66   4.54   4.80   4.14   4.41   3.99   3.53   
1917 3.25   2.69   2.37   2.56   3.04  -0.27  -0.72   0.60   0.81  -0.35  -0.69  -0.79   
1918 -0.51  -0.30  -0.56  -0.11  -0.63  -1.58   0.34  -0.36   0.13   0.59   0.81   1.85   
1919 1.51   2.11   1.95   2.48   2.15   2.32   2.49   1.82   1.88   1.63   2.53   2.31   
1920 1.93   1.73   1.13   2.24   2.20   2.19   2.26   2.99   2.55   3.05   3.06   3.05   
1921 2.99   2.43   1.66   1.89   1.33   1.58   2.25   2.60  -0.39  -0.41  -0.82  -1.11   
1922 -1.03  -0.03   0.20   0.81   0.73  -0.42  -0.72  -1.22  -2.00  -2.41  -1.16  -1.40   
1923 -1.65  -1.80  -1.80   0.01   1.31   2.18   2.86   3.38   3.88   4.82   4.28   4.05   
1924 3.69   3.50   4.04   3.67   3.41   2.33   2.47   2.30   2.28   2.38   1.80   2.69   
1925 -0.04  -0.23  -0.58  -0.72  -1.13  -1.66  -1.56   0.34   0.05   0.56   0.39   0.42   
1926 0.52  -0.18  -0.30  -0.16  -0.89  -1.31  -1.34  -1.45  -1.39  -1.42   0.41   0.39   
1927 -0.38   0.09   0.78   1.07  -0.94   0.87   0.98   2.85   3.14  -0.63  -0.88  -0.98   
1928 -1.14  -0.59  -0.62  -0.95   0.05   0.77   1.64  -0.40  -0.96   0.88   1.99   1.70   
1929 1.40   1.48   1.00   1.17   1.37   0.98   1.35   1.23   1.49   2.47   2.66   2.16   
1930 2.00   1.34   0.82   0.83   1.68   1.42   1.54   2.33   2.14   3.07   3.71   3.22   
1931 2.67   3.01   3.78   3.69   2.77   2.27   2.13   2.74   1.93   1.76   2.29   1.96   
1932 2.07   0.03  -0.19  -0.10  -0.89  -0.40  -0.62  -1.52  -1.41  -1.53  -1.85  -1.89   
1933 -2.16  -2.34  -2.71  -2.32  -2.29  -3.49  -4.02  -2.05  -1.94  -2.44  -2.53  -1.81   
1934 -2.02  -1.36  -1.87  -2.51  -4.11  -4.53  -6.14  -6.51  -6.15  -6.44  -5.84  -5.55   
1935 -5.46  -5.28  -5.81  -6.00  -4.92  -4.42  -5.76  -6.40  -5.35  -5.29  -4.53  -4.43   
1936 -4.29  -4.21  -4.73  -4.90  -4.44  -5.64  -6.85  -7.41  -6.63  -6.35  -6.32  -5.70   
1937 -5.18  -4.98  -4.84  -5.04  -5.83  -5.52  -6.19  -6.47  -6.36  -5.44  -5.38  -5.16   
1938 -4.94  -4.83  -4.70  -4.08  -2.92  -3.21  -3.23  -4.13  -4.41  -4.95  -4.86  -4.79   
1939 -4.51  -3.85  -3.38  -3.27  -3.90  -4.00  -5.07  -5.33  -5.99  -6.20  -6.20  -5.47   
1940 -4.78  -4.42  -3.84  -4.02  -4.48  -5.36  -5.78  -5.71  -5.11  -5.19   0.30   0.31   
1941 0.64   0.52   0.11   1.28   0.77   2.54   3.78   3.77   5.53   5.28   4.69   5.02   
1942 4.59   4.48   4.24   5.44   4.39   4.70   4.01   4.72   5.00   4.90   4.37   4.31   
1943 -0.17  -0.34  -0.52  -0.16  -0.62  -0.39  -0.81  -1.17  -1.41  -1.56  -1.89  -1.95   
1944 0.98   1.19   1.56   3.99   3.26   2.98   5.43   5.27   4.38   3.97   4.14   3.74   
1945 3.86   3.45   2.50   3.26   3.02   3.35   3.32   3.32   3.05  -0.38  -0.81  -0.76   
1946 -0.89  -1.25  -0.79  -1.96   0.86   0.66   0.92   0.07   0.90   3.95   5.32   4.69   
1947 4.59   4.41   4.59   4.50   4.55   5.68   5.47   4.77   3.70   2.88   3.00   3.16   
1948 2.82   2.65   2.84   1.62   1.57   2.18   2.05   2.24   1.57   1.00   1.44   1.29   
1949 1.46   1.46   2.12   2.03   3.01   4.00   4.37   5.57   4.84   4.77   3.87   3.29   
1950 2.84   3.01   2.51   2.05   1.59   0.63   1.65   3.36  -0.27  -0.71  -1.03  -1.26   
1951 -1.22  -1.08  -1.36   0.11   0.56   2.14   3.59   4.04   5.24   4.84   4.32   3.84   
1952 3.40   3.16   3.32   3.38   0.02  -1.08  -0.94  -1.00  -1.68  -2.10  -1.90  -1.73   
1953 -1.94  -1.98  -2.08  -1.53  -1.63  -2.18  -2.06  -1.67  -2.51  -2.47   0.91   1.45   
1954 -0.24  -0.74  -1.01  -1.86  -1.19  -1.97  -2.95  -3.26  -3.86  -3.20  -3.53  -3.46   
1955 -3.10  -2.75  -3.17  -3.50  -4.17  -4.16  -5.33  -6.11  -5.24  -5.36  -5.25  -4.88   
1956 -4.40  -4.22  -4.58  -4.62  -5.68  -6.57  -6.60  -6.65  -7.15  -6.94  -6.42  -6.18   
1957 -5.83  -5.62   0.26   0.70   1.90   2.86   2.71   2.63   2.37   2.49   2.21   1.64   
1958 1.46   1.85   2.63   2.57   2.42   2.20   3.32   3.69  -0.21  -0.55  -0.55   0.11   
1959 0.44   0.38   0.67  -0.29  -0.88  -1.49   0.08  -0.16   0.51   1.58   1.11   0.93   
1960 1.86   3.26   3.21   2.81   2.68   3.09  -0.17  -0.58  -0.88  -0.47  -0.83  -0.32   
1961 -0.64  -0.94  -0.91   0.06   1.21   1.57   1.59   1.99   2.09   1.57   2.02   2.11   
1962 1.90   1.68   1.95   1.11   0.98   2.74   4.10   4.48   4.35   4.21   3.62   3.32   
1963 3.34  -0.26   0.35  -0.59  -1.53  -1.88   0.10   0.46   1.87  -0.54  -0.83  -0.96   
1964 -1.27  -0.83  -0.89  -0.66  -1.22  -1.40  -2.09  -2.86  -2.81  -3.24  -3.27  -3.38   
1965 -3.10  -2.73  -2.60  -3.36  -3.62   1.03   1.50   1.88   3.99   5.15   4.30   4.11   
1966 3.95   3.73  -0.37  -0.59  -1.87  -1.67  -1.03  -0.80  -0.36  -0.26  -0.59  -0.50   
1967 -0.60  -0.95  -1.74  -2.27   0.21   0.80   0.87   0.28   0.77  -0.37  -0.61  -0.62   
1968 -0.94  -1.14  -1.97  -2.21  -2.27  -2.66  -2.59  -1.13  -1.52  -1.56  -1.64  -1.21   
1969 -1.44  -1.23  -1.30  -1.55  -1.38  -1.56  -1.54  -1.70  -2.33   1.89  -0.27  -0.27   
1970 -0.44  -0.82  -0.75  -0.87  -1.38  -1.48  -1.67  -1.95   0.46   0.53  -0.23  -0.62   
1971 -0.64   0.68   0.16   0.97   1.21  -0.47  -0.70  -1.20   0.07   0.26   0.88  -0.24   
1972 -0.38  -0.72  -1.46  -1.68   0.10   0.64   0.74   0.81   0.43   0.18   1.05   1.08   
1973 1.18   0.81   2.29   2.62   2.48   2.09   2.90   2.34   4.46   4.25   4.27   4.49   
1974 0.01  -0.09  -0.20   0.39  -0.75   0.68  -0.44  -0.13  -0.76  -0.53  -0.46  -0.47   
1975 -0.70  -0.71  -0.89  -0.92   0.55   1.94   1.94   2.16   1.79   1.01   2.29  -0.21   
1976 -0.19  -0.45  -0.58  -0.12  -0.28  -1.21  -1.77  -2.68   0.91   0.98  -0.20  -0.59   
1977 -0.74  -1.12   0.24   0.44   1.07  -0.26  -0.37   1.18  -0.30  -0.75  -1.01  -1.03   
1978 -1.11  -0.64  -1.21  -1.64  -1.25  -1.58  -1.79  -1.67  -2.53  -2.43   0.13   0.02   
1979 0.29  -0.38   0.74   0.45   0.59   0.81   1.86   2.04   1.04   1.53   1.45   1.47   
1980 1.65   1.82   2.71   2.80  -0.06  -0.36  -0.43   0.44   0.41  -0.16  -0.65  -0.96   
1981 -0.72  -0.94   0.76   1.32   3.74   2.71   3.24   3.18   2.45   1.86   2.40   2.07   
1982 1.74   1.75   1.24   1.05   2.16   3.19   3.56   3.46   3.42   3.51   3.23   4.08   
1983 3.61   3.64   4.30   4.51   4.89   5.10   4.60   3.64   2.80   2.15   2.79   2.48   
1984 2.48   2.67   3.21   4.91   4.43   3.96   3.17   2.76   1.95   3.46   2.96   3.18   
1985 3.44   3.24   2.69   2.64   2.91   2.14   3.43   3.15   3.49   3.55   3.33   3.15   
1986 -0.33  -0.42  -0.95  -1.29  -0.95  -1.09  -1.44  -1.72   0.06   0.83   0.64   0.52   
1987 0.28   0.57   2.13   1.85   1.97   1.99   2.31   2.09   1.55   0.96   1.06   1.19   
1988 1.68   1.44   0.89   1.05   1.60  -0.85  -0.44  -0.46  -0.24  -0.72  -0.88  -1.08   
1989 -1.20  -1.33  -1.71  -2.42  -2.56  -1.71  -2.11  -1.78  -1.52  -1.81  -2.21  -2.15   
1990 0.35  -0.22  -0.02  -0.50   1.40  -0.97  -0.74  -0.33  -0.71  -0.77  -0.66  -0.71   
1991 -0.84  -1.26  -1.63   0.02   0.32   0.18   0.33   0.32  -0.27  -0.43   0.82   1.16   
1992 1.75   1.77   1.97  -0.80  -1.67   0.56   1.84   4.00   3.77   3.84   3.71   3.59   
1993 3.83   4.60   4.48   4.15   3.99   3.52   6.35   9.43   8.90   8.62   8.29   7.53   
1994 7.59   7.21   6.15   6.68   5.25   4.81   5.39   5.05   4.15   4.29   4.45   4.30   
1995 4.16   3.53   3.45   3.75   6.44   6.09   6.18   5.23   4.97   4.34   3.62   2.92   
1996 2.66   2.06   1.49   1.06   1.76   2.34   3.10   4.43   4.92  -0.29   0.30  -0.19   
1997 -0.36   0.54  -0.63  -0.81  -1.21  -1.21  -1.38   0.89   0.81   2.28   2.11   2.22   
1998 1.82   1.93   1.78   1.85  -0.31  -0.95   1.70   1.57   0.87   0.93   1.75  -0.22   
1999 -0.33  -0.76  -0.73   0.78   0.39   1.12   1.32   2.77   0.00  -0.49  -1.01  -1.12   
2000 -1.24   0.09   0.56  -0.35  -1.64  -1.91  -1.93  -2.72  -2.95   1.22   1.43   0.99   
2001 1.41   1.68   1.31   1.06   1.65  -0.85  -0.21  -0.68  -0.08  -0.32  -0.36  -0.50   
2002 -0.58  -0.80  -1.17  -1.86  -2.80  -3.84  -5.13  -4.87  -4.85  -3.41  -3.41  -3.54   
2003 -3.52  -3.07  -2.95  -2.36  -2.61  -1.81  -2.77  -3.21  -3.62  -3.93  -3.91  -3.72   
2004 -3.66  -3.38  -3.65  -3.18  -4.36  -4.23   1.16   0.45   0.93   0.87   1.51   1.00   
2005 0.89   0.77   0.55   0.91   0.64   0.66   0.48   1.14  -0.64   0.92  -0.06  -0.27   
2006 -0.45  -0.77  -0.82  -1.48  -2.25  -1.98  -2.66   0.41   0.83   1.70   1.15   3.50   
2007 3.35   3.08   2.75   3.28  -0.51  -0.74  -0.80  -0.19  -0.20  -0.42  -0.82  -0.11   
2008 -0.36  -0.43  -0.90   0.17   0.84   0.33   0.46   1.24   1.37   3.52   3.22   2.94   
2009 2.51   2.31   1.62   2.24   2.75   2.95   3.71   4.68   4.89   6.32   5.73   5.76   
2010 5.22   5.02   5.22   5.58   5.57   5.38   5.30   5.33   4.96   4.01   3.41   2.92   
2011 2.56   2.33   1.69   1.57   1.62   1.09   1.67   2.40   1.73   2.99   2.63   2.53   
2012 -0.23   0.21  -0.67  -0.41  -1.79  -2.99  -3.31  -3.75  -4.03  -3.74  -4.05  -3.42   
2013 -3.33  -2.66 -99.99 -99.99 -99.99 -99.99 -99.99 -99.99 -99.99 -99.99 -99.99 -99.99   
