1895 0.29   0.86  -0.17  -0.60  -1.20   0.42   1.07   2.01  -0.19  -0.57   0.06   0.37   
1896 0.47  -0.28  -0.46   0.59   0.87   1.12   1.83   1.88   2.14   2.60   2.60   2.21   
1897 2.29   2.48   2.41   3.06  -1.02  -1.22  -1.23  -1.19  -1.76  -1.39  -1.72   0.05   
1898 0.38   0.39  -0.40   0.26   0.90   0.91   0.69   0.31   0.47   0.53   0.47   0.62   
1899 -0.15  -0.29  -0.12  -0.45  -0.47   0.43   1.08  -0.03  -0.31  -0.75  -0.93  -0.67   
1900 -0.97  -0.55  -0.84  -0.40  -0.85  -1.04   0.26  -0.25   1.13   1.27  -0.28  -0.50   
1901 -0.66   0.20   0.34   0.84  -1.07  -1.43  -2.19  -2.43  -1.82  -1.68  -1.92  -2.02   
1902 -1.87  -2.00  -2.23  -2.56   0.02   0.99   2.07   3.42   3.75   3.79   3.37   3.75   
1903 3.41   4.34   3.73   3.54   5.60   4.55   4.60   5.53   4.93   4.94   4.62   3.92   
1904 3.43   2.80   2.27   2.58   2.86   3.55   4.52   4.71   4.43   4.05   3.29   2.82   
1905 2.84   2.92   2.51   2.42   3.05   3.28   3.94   3.49   3.75   3.54   3.84   3.23   
1906 3.00   2.79   2.76   2.74   2.09   1.82   2.26   2.35   2.53   2.60   2.68   2.59   
1907 2.93   2.87   2.09   1.64   1.43   1.75   2.37   2.53   2.29   2.31   1.94   2.13   
1908 1.74   2.17   1.41   0.91   1.43   3.03   3.37   3.86   3.04   3.34   3.53   2.92   
1909 2.58   2.55   2.43   1.74   1.85   2.43   3.21   2.31   2.30   2.04   3.29   3.85   
1910 3.86   0.02  -1.02  -1.67  -0.89  -1.23  -1.61  -0.79  -0.73  -1.37  -1.81  -1.85   
1911 -2.07   1.52  -0.72  -0.93  -1.58  -3.16  -3.15  -2.86  -2.92  -2.67  -2.69   0.57   
1912 0.15   0.67   1.05   0.94  -0.69  -0.83   0.02   0.56   0.66   0.63  -0.36  -0.73   
1913 -0.92  -0.44  -0.66  -0.85  -1.01  -1.71  -2.50  -3.91  -3.43  -3.18  -3.24  -0.85   
1914 -1.16  -0.98  -1.24  -1.44  -1.94  -1.87  -2.00  -2.21  -2.18  -2.17  -2.75  -2.68   
1915 0.09   1.23   1.20   1.45   2.79   3.84   5.17   5.71   6.28   5.74   5.12   5.00   
1916 5.19   4.66   3.88   3.74   3.53   4.06  -0.44  -0.69  -0.73  -1.01  -1.10  -1.20   
1917 -1.34  -1.75  -2.01  -1.58  -1.33  -1.61  -2.27  -1.58  -1.55  -1.81  -2.27  -2.43   
1918 -2.32  -2.26  -2.64  -2.02  -1.87  -3.11  -3.05  -3.52  -3.34   0.61   0.67   1.62   
1919 1.20   2.03   1.93   2.60   2.38   2.74   2.41   1.65   1.56   1.69   2.27   1.94   
1920 1.64   1.34   0.98   1.41   1.38   1.03   1.21   1.83   1.79   1.89   1.96   1.93   
1921 1.97  -0.15  -0.65  -0.55  -0.82  -1.13  -0.90  -0.77  -0.75  -1.30  -1.74  -1.98   
1922 -2.08   0.03   0.50   1.33   1.28  -0.50  -0.03  -0.65  -1.07  -1.42  -0.58  -0.95   
1923 -1.23  -1.57  -1.53   0.11   1.15   1.92   2.13   2.21   2.69   3.37   2.99   2.71   
1924 2.49   2.54   2.90   2.56   1.98   1.60   1.74   2.24   2.19  -0.47  -0.78   0.90   
1925 -0.10  -0.30  -0.81  -0.42  -1.08  -1.03  -1.00   0.17   0.29   0.52   0.52   0.51   
1926 0.60  -0.22  -0.40  -0.75  -1.70  -2.20  -2.42  -2.43   0.60   0.80   1.06   0.87   
1927 0.52   0.62   1.06   1.97   1.47   1.90   1.87   3.22   3.20   2.77   2.25   1.90   
1928 1.45   2.04   1.65   1.53   1.14   2.47   3.13   3.22   2.70   2.93   4.22   3.91   
1929 3.92   4.01   3.11   3.17   3.21   3.15   3.33   2.69   2.23   2.81   2.96   2.37   
1930 2.39   1.71   0.96   1.12   1.76   1.78   1.42   1.21   1.04   1.84   2.48   2.07   
1931 1.69   1.47   1.68   1.97  -0.01  -0.95  -1.02   0.55  -0.65  -0.70   0.89   0.84   
1932 1.67   1.81  -0.17  -0.52  -1.03  -1.00  -1.25   0.45   0.40   0.56  -0.44  -0.56   
1933 -0.95  -1.40  -1.47  -1.29  -1.79  -3.23  -3.63  -2.91  -3.20  -3.74  -4.01  -3.53   
1934 -3.65  -3.25  -3.68  -4.28  -5.41  -5.79  -7.07  -8.00  -7.32  -7.55  -6.77  -6.54   
1935 -6.48  -6.22  -6.60  -6.62  -5.14  -4.27  -4.95  -4.66  -3.76  -3.13  -2.36  -2.43   
1936 -2.27  -2.34  -2.97  -3.12  -3.45  -4.35  -5.38  -6.18  -5.05  -4.73  -4.91  -4.54   
1937 -3.81  -3.71  -3.44  -3.81  -4.41  -4.43  -4.35  -5.14  -5.44  -4.91  -4.89  -4.91   
1938 -4.94  -4.56  -4.62  -4.24  -2.92  -2.71  -2.08  -2.23  -2.67  -3.46  -3.25  -3.43   
1939 -3.29  -3.02  -2.86  -2.65  -3.36  -2.75  -3.44  -2.89  -3.90  -4.13  -4.31  -4.17   
1940 -3.92  -3.67  -3.66  -3.49  -3.73  -4.50  -5.10  -4.30  -4.40  -4.58   0.63   0.66   
1941 0.98   0.88   0.46   0.72   0.26   1.48   1.20   0.67   1.82   3.24   3.25   3.86   
1942 3.64   3.72   3.59   3.53   3.12   3.78   3.16   3.48   4.25   3.87   3.36   3.69   
1943 3.27   3.08   2.59   2.75   2.59   3.71   3.75   3.10   2.48   1.96   1.39   1.18   
1944 1.38   1.45   1.97   3.80   3.20   2.98   3.69   4.87   4.08   3.54   3.77   3.63   
1945 3.54   3.66   2.94   4.05   4.62   4.74   5.47  -0.34  -0.14  -0.54  -0.94  -0.49   
1946 -0.33  -0.77  -0.78  -1.66  -1.34  -1.74   0.19   0.12   1.08   1.93   2.70   2.27   
1947 2.37   2.19   2.35   3.18   3.06   4.06  -0.24  -1.24  -2.21  -2.79  -0.01   0.49   
1948 0.33   1.21   1.49  -0.87  -1.11   0.42   1.11  -0.48  -0.94  -1.16   0.42   0.32   
1949 1.37   1.41   1.43   1.36   1.74   2.99   2.77   2.57   2.38   2.35  -0.59  -0.70   
1950 -0.96  -0.83  -1.18  -1.60   1.01  -0.69   2.00   3.69   3.38   3.47   3.08   2.64   
1951 2.62   3.34   3.45   3.98   4.19   6.52   7.85   7.98   8.57   8.15   7.43   6.69   
1952 6.14   5.56   5.72   6.14  -0.33  -1.51  -1.99  -1.95  -2.78  -3.30  -2.78  -2.43   
1953 -2.55  -2.74  -2.76  -2.71  -3.01  -3.57  -3.48  -3.87  -4.21  -4.36  -3.12  -2.21   
1954 -2.31  -2.27  -2.70  -3.11  -1.94  -1.98  -2.59  -1.69  -2.28  -1.97  -2.52  -2.63   
1955 -2.42  -2.24  -2.75  -3.41  -3.96  -3.78  -4.56  -5.48  -4.68  -4.76  -4.82  -4.73   
1956 -4.56  -4.54  -5.04  -5.12  -6.23  -6.25  -6.14  -6.43  -7.20  -7.05  -6.90  -6.85   
1957 -6.68  -6.71   0.01   0.73   1.32   2.36   2.14   2.08   1.81   1.77   1.71   1.30   
1958 1.20   1.62   2.48   2.06   2.10   1.70   2.89   3.01   3.51  -0.46  -0.50  -0.62   
1959 -0.41  -0.40  -0.21  -0.53   0.97  -0.46  -0.42  -0.98   0.40   2.04   1.59   1.35   
1960 2.06   2.63   2.65   2.47   2.40   2.71   2.20   2.65   2.34   2.22   1.66   1.51   
1961 1.03   0.73   0.93   0.79   2.87   2.92   2.71   2.62   3.69   3.46   3.72   3.69   
1962 3.78   3.92   3.95   2.90   2.15   2.90   3.60   3.63   3.57   0.04  -0.13   0.01   
1963 0.11  -0.33  -0.21  -0.42  -1.18  -1.49   0.12  -0.16   0.67  -0.41  -1.00  -1.30   
1964 -1.67  -1.79  -1.96  -2.01  -2.89  -2.75  -3.34  -3.31  -3.16  -3.65  -3.29  -3.32   
1965 -2.97  -2.38  -2.30  -2.65  -2.60   1.03   1.16   1.15   2.12  -0.33  -0.79  -0.69   
1966 -0.78  -0.47  -1.14  -1.37  -2.62  -3.08  -3.27  -3.00  -3.09  -3.28  -3.60  -3.38   
1967 -3.45  -3.77  -4.26  -3.81  -3.87   1.35   1.83   1.17   2.31  -0.11  -0.27  -0.04   
1968 -0.23  -0.37  -1.16  -0.93  -0.93  -1.04   0.05   1.17   1.17   1.76   1.70   2.02   
1969 1.86   2.38   2.34   2.19   2.48   2.05   2.76   2.74   2.18   3.11  -0.26  -0.19   
1970 -0.26  -0.52  -0.60  -0.58  -0.33  -0.41  -0.86  -1.58   0.75   1.04  -0.22  -0.61   
1971 0.04   0.98   0.58   0.15   0.98   0.47   1.12  -0.65  -0.97   0.47   1.25   1.23   
1972 -0.16  -0.40  -0.88   0.18   1.06   0.64   0.86   1.90   1.58   1.57   2.74   2.86   
1973 3.03   2.92   5.04   4.78   4.63   3.39   4.08   3.40   5.65   6.34   6.45   7.05   
1974 6.49  -0.13  -0.46  -0.23  -0.75  -0.89  -1.82  -1.62  -2.18  -1.98  -1.89  -1.97   
1975 -1.91   0.12  -0.12   0.14   0.16   1.04  -0.56  -0.62  -0.75  -1.54   0.97   0.65   
1976 0.30   0.01   0.08   1.07  -0.28  -0.59  -0.90  -1.82  -1.64  -1.36  -1.68  -2.06   
1977 -1.97  -2.45  -2.34  -2.05  -1.74  -2.00  -2.54   1.93  -0.07   0.07   0.20  -0.36   
1978 -0.54  -0.30  -0.58  -0.66  -0.20  -0.59   0.54   0.79   1.02  -0.52   0.59   0.35   
1979 1.02   0.81   2.29   1.94   1.75   1.73   2.38   2.20   1.27   2.27   2.22   1.95   
1980 2.25   2.44   3.14  -0.14  -0.44  -1.02  -1.95  -2.01  -2.55  -2.17  -2.64  -2.38   
1981 -2.62  -2.96  -3.02  -3.37   0.91   0.34   1.06   1.10   0.81   0.43   1.02   1.04   
1982 1.00   0.91   1.10   1.25   2.25   2.43   3.32   3.51   3.14   2.97   2.58   3.02   
1983 3.08   3.19   3.31   3.10   3.14   2.95  -0.77  -1.67  -1.87   0.33   0.87   0.76   
1984 0.47   0.16   0.76   2.57   2.31   2.28  -0.54  -1.34  -1.76   0.82   0.32   1.34   
1985 1.61   1.41   0.98   1.37   1.58   1.18   1.64   2.22   2.65   2.92   2.69   2.43   
1986 1.97   1.90   1.33   1.68   1.59   1.42   1.63   2.26   3.03   3.91   3.72   3.94   
1987 3.67   3.58   5.84   5.47   5.21   5.05   4.83   4.83  -0.41  -0.38  -0.19  -0.23   
1988 -0.04  -0.08  -0.70  -0.79  -1.40  -2.18  -2.15  -2.65  -2.96  -3.37  -3.27  -3.39   
1989 -3.35  -3.45  -3.85  -4.80  -5.16  -4.31  -3.76  -2.92  -2.47  -2.71  -3.14  -3.26   
1990 -3.23  -3.47   0.56   0.17   0.95   0.67   1.03   1.28  -0.74  -1.09  -1.23  -1.26   
1991 -1.38  -1.95  -2.01  -2.08  -2.05  -2.89  -3.61  -3.39  -3.75  -3.85   0.50   0.88   
1992 1.12   0.93   0.95  -0.48  -1.06   0.41   2.31   2.72   2.79   3.79   4.28   4.47   
1993 4.96   5.35   5.33   4.91   5.04   5.35   9.31   9.87   9.55   8.67   8.02   7.77   
1994 7.52   7.09   5.71   5.44   4.23   3.82   4.37   3.52   2.39   1.91   1.93   2.02   
1995 2.27   1.65   1.51   1.38   4.17  -0.09  -0.11  -0.19  -0.02  -0.55  -0.83  -1.03   
1996 -1.03  -1.51  -1.77  -1.79  -1.20  -1.71   0.43   1.02   1.61   1.10   2.85   2.41   
1997 2.06   2.59   1.71   2.04   1.67   1.51   1.29   1.26   1.18   1.68   1.64   2.17   
1998 2.08   2.37   3.00   3.38   2.23   1.78   2.66   2.05   1.47   1.22   2.31   1.76   
1999 1.91   1.31   0.81   1.79   2.53   2.78   2.46   2.61  -0.31  -1.04  -1.42  -1.48   
2000 -1.69  -1.16  -0.59  -1.04  -1.65  -1.97  -2.28  -3.57  -4.21   0.15   0.27  -0.27   
2001 0.14   1.31   0.90   0.51   1.38   1.22   1.69   1.50   1.63  -0.18  -0.56  -0.92   
2002 -0.88  -0.98  -1.28  -1.54  -1.48  -2.22  -3.16  -3.41  -3.96  -2.21  -2.38  -2.63   
2003 -2.65  -2.47  -2.38  -1.85  -1.82  -1.31  -2.11  -2.01  -1.29  -1.67  -1.40  -1.41   
2004 -1.25  -1.09  -0.59  -0.99  -1.39   0.03   0.89  -0.39  -0.50  -0.72  -0.63  -0.99   
2005 0.21   0.68   0.68   0.85   0.24   0.63   1.12   1.90  -0.51  -0.16  -0.09  -0.24   
2006 -0.63  -1.02  -0.87  -1.22  -1.58  -1.98  -2.43   0.77   1.01   0.93   0.35   1.63   
2007 1.61   1.69   1.66   1.66   2.42   2.01   2.31   2.21   2.21   2.72   2.09   2.96   
2008 2.66   2.42   2.07   2.53   3.14   3.06   3.51   4.30   4.37   6.31   5.90   5.46   
2009 4.89   4.37   3.46   3.51   2.60   2.68   3.11   3.36   3.03   3.71   3.41   3.73   
2010 3.37   3.25   3.57   3.66   3.55   3.93   4.02   3.71   3.58   2.54   2.68   2.09   
2011 1.95   1.82   1.20   0.86   1.65   1.79   2.31   2.97   2.17   1.87   1.78   2.15   
2012 1.76   2.17  -0.44   0.53  -1.27  -1.74  -2.34  -2.25  -2.53  -2.19  -2.49  -2.33   
2013 -2.10  -1.86 -99.99 -99.99 -99.99 -99.99 -99.99 -99.99 -99.99 -99.99 -99.99 -99.99   
