1895 -0.02   0.34  -0.21  -0.68  -1.15   0.21   1.51   2.21   1.96   1.24   1.18   2.01   
1896 1.87   1.61   1.18   1.69   2.36   2.25   3.02   2.91   3.11   3.46   3.30   2.80   
1897 3.21   3.34   3.32   3.62  -0.83  -0.63  -0.56  -0.65  -1.58  -2.55  -3.06  -3.35   
1898 0.25  -0.17  -0.33   0.45   1.16   1.19   1.53   1.21   2.07   2.63   2.62   2.91   
1899 2.46   2.41   2.60   2.09   1.90   1.86   2.60   2.40  -0.29  -0.76  -1.01  -0.74   
1900 -0.94  -0.16  -0.25  -0.49  -0.77   0.12   0.38   0.36   1.11   1.55   1.31   1.12   
1901 1.01   1.35   1.49   1.74  -1.10  -1.80  -2.70  -3.04  -2.73  -2.87  -3.21  -3.47   
1902 -3.51  -3.43  -3.80  -4.18  -3.90   1.19   1.65   3.00   2.85   2.70   2.49   2.57   
1903 2.23   2.63   2.07   2.23   3.97   3.31   3.07   3.93   3.80   4.04   3.69   3.33   
1904 3.12   2.65   2.68   3.47   3.73   3.83   4.56   4.62   4.13   3.05   2.18   2.14   
1905 1.96   2.06   1.59   1.06   1.10   1.07   2.38   2.02   2.73   3.00   3.53   3.05   
1906 3.02   3.04   2.99   2.21   1.36   1.14   1.56   1.48   1.59   0.90   1.14   1.10   
1907 2.24   2.18  -0.45  -0.71  -1.13   0.26   0.85   1.06   0.68   0.94   0.73   1.08   
1908 0.77   1.46   0.88   0.67   1.22   1.89   2.02   2.27   1.32   1.31   1.56   1.06   
1909 1.08   1.28   1.27   1.12   1.06   1.64   2.72   1.63   1.69   1.57   3.32   3.44   
1910 3.44   0.05  -1.18  -1.72   0.42   0.14   0.22   0.64   1.12  -0.75  -1.17  -1.41   
1911 -1.62   1.72  -0.51  -0.39  -0.72  -1.97  -1.75  -1.69  -1.14  -1.51  -1.49   0.76   
1912 0.40   1.14   1.48   1.61  -0.38  -0.35  -0.37   0.48   0.51   0.60   0.28   0.06   
1913 0.07   0.55   0.51   0.37   0.46  -0.66  -1.29  -2.53   0.14   0.57   0.29   0.85   
1914 0.50   0.86  -0.26  -0.63  -1.10  -1.09  -1.08  -1.46   0.79   0.98   0.35   0.31   
1915 0.76   1.75   1.27   0.64   2.14   2.65   3.79   4.13   4.35   3.51   2.96   2.97   
1916 3.94   3.44   2.86   2.65   2.76   3.05  -0.89  -1.22  -1.13  -1.63  -1.72  -2.00   
1917 -2.36  -2.86  -3.06  -2.45  -1.87  -1.92  -2.21  -1.63  -1.75  -1.93  -2.54  -2.92   
1918 -3.05  -2.94  -3.46  -2.61  -1.85  -2.76  -2.90  -3.22  -3.01   0.39   0.45   1.31   
1919 0.90   1.59   1.66   2.09   1.81   1.92  -0.34  -0.79  -0.62  -0.47  -0.03  -0.42   
1920 -0.76  -0.90  -0.64  -0.26  -0.58  -0.97   0.06   0.50   0.74   0.42   0.66   0.79   
1921 1.05  -0.33  -0.63  -0.31  -0.33  -0.65  -0.68   0.08   0.88  -0.44  -0.95  -1.13   
1922 -1.31   0.28   1.12   1.91  -0.21  -0.90   0.00  -0.47  -0.62  -0.83  -0.21  -0.69   
1923 -1.05  -1.33   0.20   0.21   0.68   1.24   1.25   1.22   1.25   1.31  -0.24  -0.41   
1924 -0.43   0.28   0.65  -0.30  -0.54   0.18   0.86   1.61   1.74  -0.65  -0.88  -0.56   
1925 -0.61  -0.59  -1.02  -0.63  -1.02   0.42   0.40   0.60   1.10   1.20   1.27  -0.15   
1926 0.10   0.28  -0.06  -0.54  -1.23  -1.65  -1.74  -1.69   1.16   1.37   1.68   1.64   
1927 1.47   1.33   1.70   2.91   2.43   2.82   2.97   3.80   3.45   3.68   3.08   2.77   
1928 2.23   2.83   2.25   2.32   1.72   3.44   3.51   3.54   3.11   2.90   4.33   4.27   
1929 4.41   4.16   3.08   3.45   3.40   3.41   3.49  -0.24  -0.88   0.40   0.61   0.34   
1930 0.59  -0.41  -0.94  -0.91  -0.99  -0.85  -1.27  -1.48   0.13   0.32   0.71  -0.18   
1931 -0.37  -0.52  -0.41  -0.25  -0.43  -1.32  -1.53   0.71   1.47   1.40   3.31   3.44   
1932 3.40   0.00  -0.20  -0.26  -0.49  -0.57  -0.45  -0.05  -0.21  -0.60  -0.99  -0.74   
1933 -1.07  -1.36  -1.17  -1.33  -1.41  -2.36  -2.53  -2.02  -1.99  -2.37  -2.94  -3.02   
1934 -3.26  -3.24  -3.81  -4.30  -5.27  -5.98  -7.01  -7.52  -6.51  -6.61  -5.35  -5.39   
1935 -5.22  -4.91  -5.45  -5.44   1.46   1.81   0.78   0.76   0.79   1.22   1.58   1.25   
1936 1.59  -0.16  -1.00  -0.88  -0.39  -1.42  -2.52  -3.70  -2.75  -2.68  -3.13  -2.97   
1937 -2.36  -2.24  -1.98  -2.18  -2.50  -2.76  -2.66  -3.16  -3.71  -3.85  -4.02  -4.31   
1938 -4.35  -4.44  -4.49  -4.61  -3.17  -3.19  -2.42  -1.92  -2.57  -3.40  -2.91  -3.18   
1939 -3.29  -2.96  -2.45  -1.77  -2.74  -1.99  -2.45  -1.73  -2.64  -3.08  -2.98  -3.21   
1940 -3.16  -2.86  -3.00  -2.75  -2.89  -3.00  -3.49  -2.59  -2.93  -3.39  -2.92  -2.84   
1941 -1.96  -2.06  -2.19  -2.08  -2.49   0.25  -0.32   0.07   0.10   2.44   2.10   2.26   
1942 2.01   2.25   1.79   0.96   1.45   2.06   1.53   2.00   2.35   2.14   1.82   2.47   
1943 -0.15  -0.14  -0.43  -1.09   0.10   1.63   1.74  -0.61  -0.85  -1.14  -1.57  -1.29   
1944 -1.42  -1.44   0.70   2.86   2.04   1.37   1.51   3.11   2.45   1.86   2.11   3.20   
1945 2.90   2.96   2.83   4.10   4.53   4.91   4.70  -0.61  -0.24  -0.74  -1.27  -1.28   
1946 -0.97  -1.36  -1.14  -1.47  -1.72  -1.72  -2.03   0.05   0.47   0.51   0.27   0.35   
1947 0.33   0.07   0.85   1.88   1.70   2.34  -0.43  -1.11  -1.91  -2.32  -2.42   0.35   
1948 0.14   0.47   0.98   0.57   0.02   0.84   1.08  -0.21  -0.57  -0.78  -0.81  -0.96   
1949 1.90   2.08   2.03   1.58   1.59   2.39   0.04  -0.34  -0.11  -0.15  -0.59  -0.39   
1950 -0.49  -0.44  -0.79  -0.99   0.44   0.03   1.97   2.63  -0.26  -0.57  -0.77  -1.12   
1951 -1.07   0.41   0.94   1.04   1.75   3.72   5.13   5.88   6.37   5.97   5.52   4.91   
1952 4.26   3.81   4.07   4.09  -0.25  -1.42  -1.92  -1.79  -2.33  -3.02  -2.45  -2.38   
1953 -2.67  -2.63  -2.40  -2.15  -1.99  -2.73  -3.14  -3.57  -4.01  -4.48  -4.37  -3.96   
1954 -4.30  -4.08  -4.29  -4.44  -3.88  -3.68  -3.73  -2.11  -2.67  -1.99  -2.49  -2.63   
1955 -1.99  -0.67  -1.15  -1.24  -1.48  -1.33  -1.60  -2.13  -2.41  -2.30  -2.71  -3.12   
1956 -3.33  -3.51  -4.12  -4.22  -4.98  -5.13  -4.91  -5.23  -5.93  -6.04  -5.68  -5.78   
1957 -5.81  -5.91   0.00   0.38   0.59   0.93  -0.36  -0.81   0.24   0.98   1.25   1.19   
1958 1.54   1.85   1.86   1.35   1.15   1.47   4.16   3.34   3.76   3.16   3.02   2.54   
1959 2.57   2.39   2.46   2.14   2.85   1.75   2.07   1.68   1.94   2.63   2.10   2.06   
1960 2.44   2.90   2.79  -0.28  -0.69   0.03   0.32   0.77  -0.13  -0.17  -0.67  -0.71   
1961 -1.04   0.32   1.45   1.53   2.14   1.80   2.40   2.03   3.05   3.74   4.11   3.97   
1962 3.93   3.96   3.57   2.60   2.60   2.36   2.52   2.69   2.80   2.60   0.00  -0.03   
1963 -0.05  -0.34  -0.21  -0.85  -0.81  -1.39  -1.68  -1.94  -2.42  -3.06  -3.34  -3.87   
1964 -4.19  -4.45  -4.44  -3.45  -3.70  -2.80  -2.84  -2.37  -2.60  -3.12   0.62   0.51   
1965 1.26   1.54   1.84  -0.35  -1.21   1.30   1.76   1.64   3.01  -0.50  -0.91  -0.38   
1966 -0.36  -0.37  -1.13  -1.36  -2.12  -1.69  -1.70  -1.45  -1.73  -2.21  -2.81  -2.97   
1967 -3.03  -3.37  -3.62   0.37   0.14   2.02   1.90   1.15   1.50   2.25   1.91   2.12   
1968 -0.10  -0.14  -0.94  -0.63  -0.68  -1.22   1.49   2.33   1.81   2.40   2.44   2.69   
1969 2.50   2.24   2.11   3.03   2.75   2.81   2.99  -0.37  -0.81  -0.09  -0.61  -0.55   
1970 -0.82  -1.19  -1.50   0.07   1.01   1.22  -0.69  -1.13   1.02   1.13   1.10   1.05   
1971 1.08   1.47  -0.36  -0.71  -0.35  -1.04  -0.64  -1.45  -2.06  -1.56  -0.77  -0.70   
1972 -0.82  -0.95  -1.12  -0.93  -0.90  -1.56   0.58   0.95   1.19   1.30   2.38   2.89   
1973 3.23   3.76   5.54   5.10   4.92   3.68   4.57   4.34   5.74   6.21   5.92   6.38   
1974 5.91   5.37  -0.41   0.41  -0.26  -0.35  -0.96  -1.21  -1.60   0.47   0.35   0.13   
1975 0.35   0.69   0.61   0.90   0.95   1.20  -0.64  -1.00  -0.73  -1.42   0.88   0.76   
1976 0.48   0.18   0.13   1.02   1.05  -0.15  -0.59  -1.54  -1.98  -2.05  -2.57  -3.21   
1977 -3.34  -3.88  -3.99  -4.33  -4.05  -3.60  -3.76   1.51   3.02   3.59   3.87   3.26   
1978 2.79   2.80   2.58   2.76   2.75   2.14   2.17   1.69   2.10   1.30   1.87   1.60   
1979 2.27   2.05   2.94   2.52   1.85   1.42   1.95   1.94   1.21   1.99   2.19   1.66   
1980 1.89   1.92   2.66  -0.42  -1.25  -1.86  -2.72  -2.72  -2.94  -2.30  -2.84  -1.62   
1981 -1.88  -1.95  -2.22  -2.73   0.66   0.87   1.87   1.96   1.71   1.67   2.54   2.44   
1982 2.75   2.55   2.42   1.93   3.33   3.53   3.29   3.80   3.27   2.77   2.60   3.52   
1983 3.41   3.10   3.29   4.14   4.14   4.10  -0.96  -2.08  -2.71   0.42   1.00   0.95   
1984 0.55   0.46   1.44   2.70   2.18   3.38   2.66   1.34   0.94   1.09   0.67   0.99   
1985 0.97   1.31   0.91   0.92   1.16   1.02   0.91   2.40   3.24   3.93   3.85   3.56   
1986 2.87   3.05   2.35   2.37   2.92   2.34   2.73   3.14   4.24   4.79   4.27   4.13   
1987 3.84   3.51   4.17   3.41   3.71  -0.41  -0.50   0.40   0.17   0.07   0.26   0.34   
1988 0.39  -0.07  -0.63  -0.61  -1.19  -2.02  -2.34  -3.02  -3.23  -3.73  -3.92  -4.31   
1989 -4.33  -4.43  -4.51  -5.28  -6.14  -5.95  -5.88   0.35   1.03   1.24   0.60   0.24   
1990 0.46   0.75   1.50   0.81   1.42   1.52   1.58   1.83  -0.84  -1.05  -0.88  -0.92   
1991 -0.92  -1.46  -1.33  -0.75  -0.64  -1.29  -1.90  -2.63  -3.03  -3.01   0.45   0.67   
1992 0.81   0.97   1.55   1.44  -1.08  -1.24   2.27   1.70   1.89   1.61   2.99   3.45   
1993 3.58   3.35   3.70   4.01   4.85   4.25   7.96   7.29   7.37  -0.13   0.14   0.25   
1994 -0.06  -0.11  -0.77  -0.04  -0.56  -1.06  -0.88  -0.92  -1.55  -1.72  -1.57  -1.37   
1995 -1.20  -1.36   0.25   0.49   3.30   2.95   3.05   2.82   2.79  -0.61  -0.75  -0.95   
1996 -0.84  -1.12  -1.14  -1.39   1.23   1.56   1.75   2.28   2.18   2.43   3.01   2.43   
1997 2.03   2.98   1.91   2.88  -0.15  -0.80  -0.88  -0.84  -1.22   0.35   0.35   1.01   
1998 0.93   1.13   1.78  -0.08  -1.32   0.69   1.89   1.50   1.61   2.20   3.73   3.40   
1999 3.33   3.05   2.44   4.29   4.34   4.62  -0.63  -1.16  -1.19  -1.88  -2.15  -2.39   
2000 -2.80  -2.37  -2.39  -2.83  -3.54  -2.97  -2.54  -3.38  -3.67  -3.44  -3.09  -3.25   
2001 0.07   1.56   1.55   1.47   1.37   2.08   2.70   2.83   3.21  -0.02  -0.36  -0.60   
2002 -0.30  -0.43  -0.76   0.22   0.84  -1.03  -1.69  -1.93  -2.60  -1.65  -2.06  -2.62   
2003 -2.79  -2.75  -3.01  -2.22  -2.44  -2.10  -2.58  -2.52  -2.63  -2.81  -2.93  -2.64   
2004 -2.56  -2.39   0.64  -0.59   0.18   0.45   1.41   1.83   1.07   0.89   0.97   0.69   
2005 1.21   2.00   1.36   0.92   0.62   1.42   1.24   2.18   1.81   2.54  -0.08   0.17   
2006 -0.13  -0.46  -0.33  -0.06  -0.88  -1.71  -1.84   1.03   0.69   0.72   0.34   0.60   
2007 0.60   0.93   1.03   1.19   2.66   2.31   1.84   1.55   1.04   2.01   1.32   2.68   
2008 2.41   2.94   2.85   3.00   3.12   3.22   3.29   2.72   3.19   3.63   3.26   3.20   
2009 2.65   2.22   2.70   3.74   2.71   2.90   3.23   3.67   3.02   3.39   3.38   3.80   
2010 3.41   3.46   3.41   3.06   3.01   3.13   3.51   2.75   3.25  -0.33  -0.09  -0.29   
2011 0.18   0.47  -0.37  -0.49   0.18   0.02   0.12   0.35  -0.59  -1.19   0.62   1.42   
2012 1.03   1.64  -0.26   0.70  -1.90  -2.27  -3.13  -3.15  -3.41  -3.66  -3.99  -4.35   
2013 -4.40  -4.30 -99.99 -99.99 -99.99 -99.99 -99.99 -99.99 -99.99 -99.99 -99.99 -99.99   
