1895 0.43   1.28   1.35   0.98   0.74   1.51   2.41   3.50   2.93   2.55   2.43   2.40   
1896 2.39   1.87   1.66   2.11   1.30   1.18   1.73   1.66   1.76   1.99   1.87  -0.29   
1897 -0.51   0.32   0.11   0.37  -0.67  -1.30  -1.41  -1.03  -1.31   1.87   1.51   1.54   
1898 1.65   1.51   0.88   1.31   2.09   2.23   2.11  -0.13  -0.30  -0.79  -0.62  -0.24   
1899 -0.25  -0.28  -0.06  -0.73  -1.49   0.60   1.34  -0.33  -0.72  -0.74  -0.93  -0.74   
1900 -1.03   0.47   0.03   1.80   1.47   1.12   1.43   0.80   1.37  -0.38  -0.72  -0.88   
1901 -1.03   0.26   0.14   1.12  -0.49  -1.24  -2.00  -1.67  -1.39  -1.16  -1.51  -1.50   
1902 -1.23  -1.09  -1.12  -1.75   0.33   0.62   1.28   1.95   2.26   2.39   1.61   1.66   
1903 1.27   2.08   1.71   1.92   3.15   2.76   3.30   4.06   3.42   3.65   3.40   2.86   
1904 2.28   1.76   1.04   1.16   1.85   3.20   4.56   4.83   4.83   5.15   4.29   3.68   
1905 3.63   3.42   3.18   3.77   3.88   3.60   4.32   3.39   3.17   2.53   2.60   2.01   
1906 1.55   1.21   1.09   1.52   1.17   1.04   1.61   1.51   1.94   3.00   3.17   2.94   
1907 2.86   2.82   2.11   1.87   1.55   1.95   2.55   2.62   2.40   2.25   1.82   1.95   
1908 1.50   1.75  -0.60  -1.46  -1.36   1.71   2.45   3.21   2.70   3.63   3.89   3.33   
1909 2.86   2.69   2.71   2.15   1.99   2.51   3.32   3.02   3.16   2.80   3.62   3.91   
1910 3.72   0.04  -0.74  -1.30  -0.62  -1.52  -2.29  -1.38  -1.69  -1.82  -2.09  -1.87   
1911 -1.85   1.63  -0.55  -0.73  -1.10  -2.59  -2.19  -1.73  -2.15   0.92   0.84   1.31   
1912 1.13   1.90   2.42   2.20   1.81   2.18   2.47   3.11   3.07   3.11  -0.23  -0.43   
1913 -0.64   0.68  -0.42  -0.56  -1.03  -1.49  -2.22  -3.25  -2.56  -2.87  -2.79   2.19   
1914 1.78   1.93   1.56   1.52   1.66  -0.03   0.03   0.03  -0.89  -0.48  -1.09  -0.03   
1915 0.18   1.07   1.47   2.17   3.29   4.47   6.22   6.89   7.41   6.99   6.30   6.15   
1916 5.60   5.05   4.38   4.37   3.85   4.75   4.34   4.06   3.46   3.80  -0.01  -0.05   
1917 -0.04  -0.31  -0.54   0.21   0.54  -0.65  -1.47  -0.64  -0.62  -0.94  -1.39  -1.50   
1918 0.18   0.23   0.19   0.70  -0.40  -1.45  -1.30  -1.69   0.11   0.66   0.85   1.86   
1919 1.54   2.09   2.12   2.80   2.37   2.46   2.50  -0.53  -0.40  -0.73   0.88  -0.05   
1920 -0.11  -0.19  -0.65   0.82   0.58   0.39   0.51   1.16   0.87   1.50   1.47   1.50   
1921 1.56  -0.33  -0.88  -0.42  -0.98   0.77   1.16   1.23  -0.80  -0.99  -1.26  -1.42   
1922 -1.36   0.12   0.73   1.43   1.65  -0.39   0.36  -0.43  -1.13  -1.54  -0.59  -0.85   
1923 -1.14  -1.31  -1.47   0.10   1.09   2.03   2.34   2.25   2.67   3.95   3.55   3.31   
1924 2.94   2.74   3.21   3.12   2.77   1.57   1.69   1.89   1.71   1.90   1.35   1.95   
1925 -0.08  -0.38  -0.77  -0.83  -1.30  -1.87  -1.96   0.20   0.02   0.28   0.53   0.38   
1926 0.47   0.27   0.26   0.39  -0.59  -0.98  -1.02  -1.46  -1.61  -0.04   0.35   0.37   
1927 0.01   0.02   0.41   0.75  -1.15   0.83   0.97   2.83   3.21   2.25   1.81   1.46   
1928 1.01   1.43   1.22   0.96   0.99   1.98   2.89   2.51   1.70   2.24   3.50   3.19   
1929 2.82   2.74   2.13   2.11   2.12   1.84   2.13   2.02   2.18   2.98   3.16   2.60   
1930 2.42   1.69   1.14   1.07   1.59   1.60   1.37   1.66   1.32   2.36   3.16   2.73   
1931 2.23   2.35   3.03   3.12   2.60   2.24   2.17   2.45  -0.81  -0.86   0.23   0.02   
1932 0.55   0.52   0.41   0.55  -0.91   1.36  -0.26  -0.46  -0.05  -0.20  -0.61  -0.76   
1933 -1.04  -1.26  -1.66  -1.22  -1.00  -2.17  -2.86  -0.97  -1.25  -1.76  -1.58  -1.02   
1934 -1.30  -0.67  -1.11  -1.84  -2.74  -3.34  -4.64  -5.13  -4.99  -5.01  -4.79  -4.69   
1935 -4.62  -4.49  -5.04  -5.40  -3.96  -2.86  -3.76  -4.34  -3.22  -3.13  -2.54  -2.61   
1936 -2.59  -2.67  -3.19  -3.44  -2.09  -2.82  -4.03  -4.42  -3.71  -3.32  -3.52  -3.23   
1937 -3.08  -2.92  -2.95  -3.34  -4.32  -4.34  -4.98  -5.46  -5.29  -4.61  -4.59  -4.26   
1938 -4.15  -4.01  -4.20  -3.55  -2.10  -2.09  -2.18  -3.36  -2.51  -3.02  -3.03  -3.11   
1939 -2.96  -2.20  -1.70  -1.94  -2.75  -2.64  -3.67  -3.84  -4.63  -4.95  -4.95  -4.22   
1940 -3.64  -3.42  -3.07  -3.14  -2.96  -3.38  -4.12  -3.32  -3.16  -3.40   0.31   0.30   
1941 0.77   0.74   0.37   1.06   1.18   2.66   3.93   3.90   4.39   4.19   3.61   3.71   
1942 3.26   3.08   2.95   4.33   3.17   3.77   3.63   3.66   3.29   3.90   3.28   3.51   
1943 -0.18  -0.43  -0.68  -0.59  -0.72  -0.74  -0.57  -0.89  -1.63  -1.96  -2.12   0.09   
1944 1.12   1.37   1.79   4.45   4.94   4.20   5.83   5.44   4.54   4.14   4.00   3.70   
1945 3.96   3.46   2.48   3.41  -0.40   0.37   0.46   0.46  -0.06  -0.27  -0.76  -0.71   
1946 -0.84  -1.14  -0.79  -1.65  -1.31  -1.31  -1.40  -1.65   0.48   3.61   5.11   4.51   
1947 4.43   4.22   4.50   4.09   5.04   5.02   4.83   4.35   3.16   2.33   2.44   2.75   
1948 2.42   2.50   3.09   1.91   0.99   1.96   2.61   3.25   2.43   1.83   2.13   1.82   
1949 1.96   1.98   2.15   2.10   2.77   4.40   4.64   5.84   5.05   5.06  -0.52  -0.65   
1950 -0.79  -0.73  -0.92  -1.13  -1.20  -1.96   2.49   4.84   4.36   3.91   3.30   2.73   
1951 2.77   2.90   2.57   2.63   3.66   6.90   7.18   7.39   7.65   6.95   6.38   5.59   
1952 4.93   4.35   4.21   4.70  -0.28  -1.26  -1.70  -1.62  -2.23  -2.65  -2.17  -1.89   
1953 -2.06  -2.24  -2.23  -1.65  -2.00  -2.98  -2.95  -2.80  -3.53  -3.15  -1.83  -0.95   
1954 -0.99  -1.25  -1.49  -2.08  -1.61  -2.56  -3.42  -3.43  -3.74  -3.19  -3.57  -3.42   
1955 -3.17  -2.93  -3.25  -2.97  -2.84  -2.54  -3.63  -4.44  -3.74  -4.09  -4.14  -3.97   
1956 -3.57  -3.29  -3.65  -3.90  -4.80  -6.03  -5.79  -6.28  -6.74  -6.63  -6.33  -6.18   
1957 -5.82  -5.59   0.82   1.11   1.76   2.93   2.98   2.84   3.49   3.51   3.36   2.63   
1958 2.38   2.37   3.72   3.72   3.98   3.76   5.96   6.48   5.87   4.89   4.71   4.22   
1959 4.10   3.75   3.74   3.02   2.44   1.65   1.71   1.81   2.64   4.05   3.40   2.97   
1960 3.47   4.53   4.40   4.36  -0.17   0.25  -0.11  -0.16  -0.35  -0.02  -0.40  -0.06   
1961 -0.40  -0.64  -0.74  -0.80   0.53   1.01   1.34   2.22   2.84   2.55   3.14   2.98   
1962 2.88   2.49   2.56   1.92   1.25   1.84   2.58   2.52   2.79  -0.42  -0.55  -0.74   
1963 -0.65  -1.04  -1.17  -2.06  -2.82  -3.08  -2.77  -3.48  -2.05  -2.73  -3.01  -2.76   
1964 -2.91  -2.31  -2.42  -2.63  -2.13  -2.19  -3.00  -3.80  -3.65  -3.88  -3.50  -3.41   
1965 -3.30  -3.00  -2.96  -3.62  -3.93   0.99   0.65   1.09   2.19   3.72   2.98   3.14   
1966 2.97   2.89  -0.58  -0.90  -2.24  -2.54  -1.98  -1.63  -0.94  -1.06  -1.41  -1.08   
1967 -1.14  -1.48  -2.20  -2.33   0.36   1.52   1.49  -0.20  -0.31  -0.86  -1.06  -0.97   
1968 -1.21  -1.38  -2.02  -2.44  -2.21  -2.46  -2.38  -1.76  -2.18  -2.15  -1.99  -1.68   
1969 -1.86   0.31   0.49   0.95   0.46   0.39   0.59   1.09   1.03   2.42  -0.24  -0.15   
1970 -0.33  -0.72  -0.40  -0.33  -0.87  -0.90  -1.04  -1.26   0.52   0.47  -0.40  -0.78   
1971 -0.81  -0.03  -0.59  -0.41  -0.29  -1.13  -0.93  -1.37  -1.51   0.14   0.98   0.88   
1972 -0.18  -0.50  -1.24  -1.66   0.79   0.53   1.15   2.03   2.00   1.41   2.65   2.53   
1973 2.54   2.22   4.16   4.14   3.85   3.19   3.80   3.56   5.12   4.65   4.39   4.44   
1974 -0.03  -0.27  -0.39  -0.42  -1.55  -1.44  -2.36  -2.22  -2.62  -1.84  -1.71  -1.71   
1975 -1.88  -1.84  -1.93  -1.87   0.85   1.41  -0.21  -0.48  -0.76  -1.42   1.34  -0.27   
1976 -0.50  -0.70  -1.02   0.59  -0.28  -1.26  -1.53  -2.43   1.71   2.01  -0.16  -0.49   
1977 -0.37  -0.81  -1.17   0.51   0.92  -0.61  -0.76   1.07  -0.78  -1.16  -1.21  -1.35   
1978 -1.32  -0.79  -1.20  -1.75   0.79   0.87  -0.45  -0.87  -1.67  -1.90   0.59   0.49   
1979 1.12   0.77   1.51   1.45   1.51   1.08   1.95   1.90   0.91   1.45   1.22   1.61   
1980 1.77   1.97   3.09   3.07   3.06   3.00   2.36   3.23  -0.53  -0.80  -1.20  -1.39   
1981 -1.41  -1.67   0.29  -0.35   1.22  -1.16  -1.03  -1.51  -1.73  -1.84   0.37  -0.22   
1982 -0.42   0.35   0.13   0.06   0.17   1.31   1.66   0.81   0.81   1.15   0.85   1.41   
1983 1.11   1.31   1.46   1.53   1.39   1.68  -0.78  -1.87  -2.27  -2.49   0.47   0.51   
1984 0.64   0.56   1.70   3.49   3.04   2.63   2.17   1.93   1.16   2.84   2.30   2.68   
1985 3.14   2.93   2.36   2.14   2.08   1.12   1.59   1.62   2.05   2.12   0.04  -0.08   
1986 -0.50  -0.71  -1.43  -2.09  -2.94  -2.55  -2.93  -3.08   0.41   0.75   0.61   0.70   
1987 0.47   0.89   2.25   1.85   1.85   1.84   2.79   3.10  -0.34  -0.80  -0.75  -0.70   
1988 -0.19  -0.30  -0.78  -0.54  -0.64  -1.77  -1.86  -2.27  -1.60  -2.00  -2.06  -2.30   
1989 -2.33  -2.35  -2.60  -3.29  -3.03  -2.28  -2.60  -2.58  -1.95  -2.24  -2.63  -2.52   
1990 0.39   0.60   0.56   0.75   1.60  -0.58   0.49   0.58  -0.10  -0.53  -0.63  -0.48   
1991 -0.61  -1.17  -1.37  -1.44  -1.51  -1.94  -2.22  -1.58  -2.20  -2.20   0.79   1.25   
1992 1.65   1.55   1.60  -0.80  -1.09   1.03   2.07   2.97   2.40   2.19   2.86   2.86   
1993 3.29   4.46   4.77   4.20   4.32   4.08   6.24   8.29   8.03   7.62   7.15   6.61   
1994 6.37   6.02   5.08   5.47   4.39   3.99   4.81   3.96   3.13   3.16   3.19   3.04   
1995 2.93   2.46   2.28   2.44   4.61   4.50   5.14   4.45   4.43  -0.42  -0.74  -0.96   
1996 -0.94  -1.23  -1.32  -1.74   0.35   0.42   1.36   2.35   3.48   2.94   3.15   2.54   
1997 2.02   2.39   1.41   1.19   0.62   0.82   1.08   2.43   2.15   2.98   2.68   3.11   
1998 2.56   2.41   2.38   2.03   1.43   0.70   2.43   2.34   1.44   1.42   2.35   2.03   
1999 1.95   1.28   1.31   1.81   1.58   1.58   2.13   3.28   3.13  -0.22  -0.81  -1.03   
2000 -1.02  -1.15   1.00   0.98  -0.78  -1.24  -0.66  -1.54  -2.20   1.27   1.52   1.25   
2001 1.63   1.91   1.59   1.12   2.13   1.42   2.03   1.49   1.90  -0.52  -0.95  -1.13   
2002 -1.07  -1.19  -1.61  -2.03  -2.96  -3.86  -4.73  -4.53  -4.46  -2.72  -2.77  -2.84   
2003 -2.90  -2.50  -2.27  -1.96  -1.79  -1.00  -1.99  -1.79  -2.10  -2.64  -2.79  -2.75   
2004 -2.80  -2.51  -2.84  -2.09  -3.28   0.74   1.51   1.39   1.61   1.33   1.64  -0.33   
2005 0.14   0.42   0.21   0.42  -0.19  -0.28  -0.46   0.26   0.10   1.13  -0.19  -0.32   
2006 -0.55  -0.90  -0.99  -1.72  -2.54  -2.56  -3.30  -2.97  -2.78   1.14   0.67   4.38   
2007 4.26   3.99   4.14   4.65   4.11   3.71   3.84   3.62   3.39   2.55   1.81   2.26   
2008 1.85   1.68   1.15   1.26   1.50   0.89   0.91   1.22   1.04   2.84   2.57   2.25   
2009 1.86   1.40   0.75   1.80   1.62   1.35   1.80   2.16   2.84   3.86   3.59   3.65   
2010 3.30   3.15   3.28   3.55   3.89  -0.18   0.28   0.30  -0.61  -1.12  -1.36  -1.43   
2011 -1.44  -1.31  -1.46  -1.53  -2.14  -2.35  -2.30  -2.13  -2.52   1.05   0.90   1.45   
2012 -0.31  -0.16  -0.64  -0.65  -2.23  -3.39  -4.40  -3.92  -3.84  -3.76  -4.11  -3.46   
2013 -3.34  -2.83 -99.99 -99.99 -99.99 -99.99 -99.99 -99.99 -99.99 -99.99 -99.99 -99.99   
