1895 0.46   1.15   0.90   0.57   0.63   1.56   3.03   4.29   3.82   3.45   3.29   3.43   
1896 3.32  -0.29  -0.55  -0.14  -1.24  -1.32  -0.49  -0.58  -0.51  -0.09  -0.10  -0.35   
1897 -0.58  -0.37  -0.65  -0.19  -0.31  -1.09  -1.19  -0.85  -1.12   1.23  -0.25  -0.43   
1898 0.25   0.35  -0.36   0.33   1.00   1.03   0.98  -0.17  -0.47  -0.95  -0.82  -0.24   
1899 -0.23  -0.42  -0.39  -0.83  -1.68   0.36   1.18  -0.85  -1.19  -1.11  -1.10  -0.87   
1900 -1.14  -0.85  -1.16   1.20  -0.03  -0.37  -0.36  -1.42  -0.57  -0.82  -1.17  -1.28   
1901 -1.40  -1.13  -1.29   0.88   1.00  -0.43  -1.25  -1.21  -0.86  -0.79  -1.12  -1.22   
1902 -1.05  -1.08  -0.77  -1.23   0.61   0.56   0.80   1.21   1.53   1.58  -0.36  -0.39   
1903 -0.60   0.91   0.72   0.93   1.52   1.57   1.50   1.62   1.07   1.61   1.59  -0.19   
1904 -0.48  -0.85  -1.54  -1.45   0.64   1.86   2.94   3.02   2.65   2.64   1.92   1.67   
1905 1.74   1.60   1.61   2.03   2.11   1.93   2.41  -0.72  -0.74  -1.00  -0.58  -0.83   
1906 -1.03  -1.29  -1.34   0.43   0.39   0.13   0.71   0.91   1.03   1.75   1.96  -0.18   
1907 0.17  -0.03  -0.64  -0.79  -0.86   0.14   0.57   0.63   0.43   0.72   0.43   0.72   
1908 0.42   0.62  -0.61  -1.33   0.03   1.13   1.41   1.68   1.20   2.31   2.83   2.41   
1909 2.00   1.54   1.53   0.81   0.56   0.78   1.54   1.33   1.11   0.91   1.96   2.07   
1910 1.98  -0.09  -0.92  -1.53  -1.27  -2.12  -2.67  -2.08  -2.42  -2.72  -2.89  -2.72   
1911 -2.63  -0.82  -1.38  -1.81  -1.84  -2.93  -2.29  -1.95  -2.40   0.46   0.40   0.91   
1912 0.69   1.36   1.77   1.50   1.25   1.70   1.80   2.23   2.16   2.20  -0.28  -0.40   
1913 -0.63   0.66  -0.44  -0.75  -1.81  -2.01  -2.73  -3.73  -3.14  -3.24  -2.96   1.42   
1914 1.09   1.08   0.75   0.59   1.26   1.23   1.28   1.48  -0.60  -0.25  -0.82  -0.84   
1915 0.12   0.99   1.48   2.47   3.20   4.29   5.85   6.87   7.35   6.90   6.05   5.81   
1916 5.51   4.85   4.18   4.30   3.55   3.98  -0.21  -0.34  -0.48   0.49   0.46  -0.04   
1917 -0.11  -0.38  -0.86  -0.91  -0.62  -1.31  -2.19  -1.09  -1.13  -1.51  -1.81  -1.89   
1918 -1.50  -1.43  -1.05  -0.58  -1.09  -1.89  -1.81  -2.23  -2.16   0.67   0.92   1.81   
1919 1.51   1.90   1.86   2.67  -0.28   0.23   0.36  -0.34  -0.35  -0.70  -0.06  -0.24   
1920 -0.21  -0.37  -0.77  -0.41  -0.66  -0.73  -0.70   0.67   0.38   0.99   1.04   1.01   
1921 1.07  -0.27  -0.80  -0.62  -1.25   0.66   0.60   0.80  -0.63  -1.03  -1.42  -1.46   
1922 -0.04   0.10   0.89   1.74   2.09   1.82   2.63  -0.22  -0.72  -1.03  -0.24  -0.53   
1923 -0.83  -1.00  -1.17   0.16   0.87   1.65   1.77   1.42   1.90   3.51   3.28   2.93   
1924 2.55   2.23   2.82   3.07  -0.05  -0.83  -0.55  -0.37  -0.36  -0.09  -0.36  -0.05   
1925 -0.15  -0.58  -1.08  -0.97  -1.33  -2.17  -2.14  -1.92  -1.86  -1.73  -1.33  -1.49   
1926 -1.19  -1.36  -1.19  -0.92  -1.05  -1.40  -1.41  -1.92   0.07   0.17   0.33   0.33   
1927 0.07   0.07   0.24   0.38  -1.42   0.69   0.84   2.58   2.64  -0.64  -0.96  -1.04   
1928 -1.25   0.40   0.30   0.30   0.68   1.10   1.54   1.31   0.65   0.99   2.21   2.12   
1929 -0.02   0.08  -0.16  -0.20  -0.26  -0.72   0.36   0.51   0.52   1.31   1.68  -0.25   
1930 -0.12  -0.60  -1.01   0.04   0.55  -0.09  -0.27  -0.20  -0.50   1.00   1.82   1.52   
1931 1.10   1.29   1.89   2.15   0.03  -0.63  -0.92  -0.60  -1.45  -1.56   0.17  -0.18   
1932 0.63   0.28   0.39   0.71  -0.86   1.11  -0.63  -1.10  -1.41  -1.48  -1.72  -1.71   
1933 -1.97  -1.93  -2.32  -2.19  -1.89  -3.16  -4.10  -3.16  -3.56  -3.47  -2.92  -2.39   
1934 -2.44  -1.50  -1.57  -2.11  -3.32  -3.92  -4.80  -5.24  -4.59  -4.50  -4.37  -4.22   
1935 -3.89  -3.88  -4.13  -4.63  -3.81  -3.86  -4.95  -5.18  -4.71  -4.65  -3.93  -3.73   
1936 -3.41  -3.40  -3.74  -3.98  -2.78  -3.31  -4.09  -4.83  -4.30  -3.87  -3.97  -3.51   
1937 -3.29  -3.08  -2.94  -3.36  -4.17  -4.14  -4.67  -5.41  -5.26  -5.01  -4.85  -4.53   
1938 -4.48  -3.99  -3.98  -3.49  -3.03  -3.11  -3.28  -4.25  -3.23  -3.47  -3.47  -3.35   
1939 -2.82  -2.26  -2.00  -2.13  -2.97  -3.29  -3.81  -4.40  -5.15  -5.36  -5.22  -4.36   
1940 -3.90  -3.59  -3.46  -3.23  -2.32  -2.38  -3.31  -2.48  -2.57  -3.00   0.76   0.75   
1941 1.14   1.38   1.23   1.56   2.41   3.39   4.27   4.58   4.81   5.88   5.38   4.72   
1942 4.15   3.91   3.75   5.27   4.19   4.89   5.04   5.26   4.69   5.54   4.72   4.82   
1943 -0.15  -0.42  -0.70  -0.63  -1.07  -1.12  -1.59  -1.32  -1.87  -1.86  -2.08   0.51   
1944 1.41   1.42   1.36   3.60   4.84   4.30   5.29   4.96   4.13   3.90   3.69   3.96   
1945 4.12   3.82   2.97   3.27   2.37   2.55   2.59   2.81   2.80  -0.35  -0.84  -0.66   
1946 -0.72  -0.27  -0.53  -1.24  -1.09  -1.27  -2.25  -2.10   0.66   3.17   4.65   3.99   
1947 3.78   3.37   3.40   3.98   4.76   4.83   5.06   4.73   3.63   2.80   2.74   3.19   
1948 2.87   3.38   3.74   2.68   2.25   2.77   2.92   4.13   3.27   2.46   2.81   2.28   
1949 2.53   2.54   2.61   2.59   3.12   4.62   5.86   6.35   5.91   5.89  -0.48  -0.51   
1950 -0.69  -0.87  -1.28  -1.58  -2.19  -2.48   2.19   3.86   3.86   3.51   2.84   2.22   
1951 2.39   2.28   2.01   1.92   3.48   5.15   6.23   6.53   6.43   5.90   5.39   4.63   
1952 3.97   3.41   3.26   3.78  -0.54  -1.70  -2.33  -2.51  -2.97  -3.29  -2.90  -2.56   
1953 -2.67  -2.74  -2.87  -2.94  -3.45  -4.69  -4.49  -4.06  -4.41  -3.65  -2.89  -2.27   
1954 -2.20  -2.46  -2.65  -3.22  -2.98  -3.84  -3.99  -3.60  -4.28  -3.87  -4.13  -4.08   
1955 -3.83  -3.66  -3.84  -3.50  -1.64  -1.51  -2.13  -2.44  -2.06  -2.62  -2.68  -2.75   
1956 -2.50  -2.42  -2.79  -3.18  -4.02  -4.95  -4.83  -5.29  -5.98  -5.93  -5.76  -5.64   
1957 -5.27  -5.20   1.43   1.61   2.46   3.19   2.90   2.20   2.78   2.77   2.58   1.86   
1958 1.94   1.64   2.44   2.29   2.48   2.69   4.52   4.86   4.31   3.31   3.08   2.79   
1959 2.60   2.28   2.07   1.57   1.44   0.63   0.85   0.84   1.05   2.44   2.07   2.08   
1960 2.41   3.21   3.18   2.81   2.05   2.67   2.28   1.53   2.20   2.50  -0.39  -0.21   
1961 -0.50  -0.60  -0.35  -0.46  -0.71   0.23   1.00   1.54   1.40   1.64   2.26  -0.07   
1962 0.08  -0.28   0.23   0.38  -0.95   1.07   2.13  -0.66   0.69  -0.54  -0.57  -0.72   
1963 -0.80  -1.12  -1.67  -2.58  -3.04  -2.75  -2.83  -3.41  -2.45  -2.84  -3.12  -2.78   
1964 -2.89  -2.25  -2.47  -2.92  -2.56  -3.18  -3.68  -4.25  -3.79  -3.92   0.57   0.69   
1965 0.70  -0.04  -0.27  -0.95   0.09   1.30   1.33   1.73   2.45   3.19   2.52   2.77   
1966 2.47   2.34  -0.64  -0.99  -2.24  -2.53  -2.80  -2.26  -1.78  -2.06  -2.37  -1.94   
1967 -1.99  -2.20  -2.80  -2.86  -3.18  -2.16  -1.83  -1.14  -1.28  -1.79  -1.98  -1.81   
1968 -1.89  -1.95  -2.42  -2.78  -2.22  -2.08  -2.21  -1.89  -2.49   0.46   0.57   0.42   
1969 0.03   0.52   1.09   1.23   0.90   1.11   1.08   2.13   2.82   3.53  -0.23  -0.31   
1970 -0.55  -0.93  -0.39  -0.03  -0.91  -1.60  -1.59   0.21   0.58  -0.02  -0.35  -0.74   
1971 0.03   0.60  -0.50  -0.92  -0.78  -1.03  -0.71  -1.03  -1.04   0.40   1.77   1.72   
1972 -0.12  -0.42  -1.07  -1.60   0.51   1.13   1.86   3.02   2.94   2.40   3.75   3.36   
1973 3.24   2.89   5.77   5.73   4.87   4.15   4.39   3.82   5.30   4.69   4.23   4.45   
1974 -0.06  -0.42  -0.28  -0.71  -1.66  -1.74  -2.29   0.72  -0.33  -0.04  -0.19  -0.36   
1975 -0.57  -0.60  -0.75   0.01   0.52   0.72  -0.74  -1.13  -1.86  -2.42  -1.29  -1.46   
1976 -1.61  -1.89  -2.11   1.26   1.40  -0.78  -1.26  -1.65  -0.87  -0.88  -1.12  -1.41   
1977 -1.39  -1.75  -2.32  -1.51  -1.19  -2.13  -2.61  -1.39  -1.45  -1.66  -1.66  -1.74   
1978 -1.74  -1.20  -1.41  -1.75   0.85   1.23  -0.76  -1.50  -1.82  -2.31   0.09  -0.15   
1979 0.35   0.01   0.81   0.74   1.31   1.05   2.05   2.15   1.12   1.70   1.45   1.31   
1980 1.76   1.90   2.69   3.18   3.90  -0.03  -0.30  -0.16  -1.11  -1.54  -1.74  -1.66   
1981 -1.80  -2.09  -1.67  -2.27  -1.45  -2.15   0.55   0.29   0.66   0.56   0.90   0.63   
1982 0.38   0.52   0.67   0.46   0.37   0.75   1.17  -0.89  -1.24  -1.11  -1.28   0.27   
1983 0.31   0.80   1.06   1.45   1.69   2.41  -0.67  -1.73  -2.01  -0.01   0.10   0.20   
1984 0.25   0.04   0.66   2.01   2.02   1.63   1.77  -0.78  -1.13   1.30   0.96   1.72   
1985 1.77   2.01  -0.15   0.19  -0.66  -0.91   0.22   0.13   1.75   2.21   2.09  -0.06   
1986 -0.49  -0.41  -1.02  -1.42  -2.31   0.16   0.17   0.75   0.45   0.63   0.89   0.89   
1987 0.93   1.11   1.99   1.55   1.62   2.13   2.12   2.15   2.31  -0.48  -0.63  -0.49   
1988 -0.13  -0.42  -0.71   0.74  -0.31  -1.18  -1.34  -1.95  -0.75  -1.09  -1.38  -1.69   
1989 -1.70  -1.68  -1.93  -2.64   0.50   2.51   2.43   3.10   3.45   2.55   1.80   1.59   
1990 2.07   2.56   2.32   2.84   3.42   2.96   3.95  -0.19  -0.03  -0.50  -0.58  -0.51   
1991 -0.58  -1.08  -1.22  -1.60  -1.48  -1.58  -1.87  -1.79  -2.30  -2.14   0.75   1.36   
1992 1.55  -0.22  -0.46  -1.13  -1.56   1.08   1.61   2.35   1.42   0.77   1.48   1.68   
1993 2.11   3.10   3.45   3.34   3.29   4.14   4.83   5.34   5.00   4.80   4.34   4.20   
1994 3.86   3.37   2.52   2.71   1.76   1.40   1.90   2.14   1.67   1.66   1.57   1.45   
1995 1.33   0.86   0.74   0.99   1.93   2.62   2.75  -0.38  -0.25  -0.74  -1.19  -1.15   
1996 -1.28  -1.52  -1.48  -2.07  -2.19   0.24   1.21   2.82   4.14   3.72   3.76   3.17   
1997 2.74   2.61   1.66   1.87   1.46   1.75   1.49   3.01   2.56   3.37   2.94   3.79   
1998 3.23   2.84   3.40   2.98   2.31   1.42   2.77   2.32   1.23   2.79   3.24   2.87   
1999 3.28   2.59   2.96   3.55   3.40   4.09   4.00   3.95   3.78   3.60  -0.63  -0.86   
2000 -0.88  -1.25   1.43   1.40  -0.55  -0.73  -0.42  -1.19  -2.06   1.52   1.35   1.07   
2001 1.74   1.87   2.06   1.56   2.46   2.19   2.15   2.01  -0.18  -0.76  -1.12  -1.33   
2002 -1.16  -1.32  -1.68  -2.07  -2.95  -3.73  -4.26  -3.62  -3.63   0.90   0.56   0.74   
2003 0.33   0.54   0.53   0.25   0.06   0.88  -1.02   0.23   0.68  -0.72  -0.99  -0.96   
2004 -1.20  -1.13  -1.21  -0.81  -2.14   1.02   1.78   1.96   2.47   2.35   2.94   2.37   
2005 2.82   2.91   2.48   2.28   2.30   2.54   2.26   2.40   2.01   2.60  -0.27  -0.43   
2006 -0.82  -1.18  -1.42  -2.26  -2.91  -3.14  -3.13   0.90   0.75   1.18   0.64   4.24   
2007 3.97   3.71   4.06   4.56   4.04   4.32   4.05  -0.14  -0.49  -0.96  -1.28  -0.32   
2008 -0.39  -0.41  -0.88  -1.00  -1.55  -2.02  -2.42   0.67   0.22   2.72   2.36   1.96   
2009 1.52   1.04   0.95   1.88   1.10   1.63   2.06   1.94   1.82   2.98   2.78   2.40   
2010 2.29   2.18   2.36   2.09   1.85   1.59   1.81   0.03  -0.84  -1.16  -1.13  -1.22   
2011 -1.32  -1.33  -1.59  -1.85  -2.85  -3.80  -4.70  -5.15  -5.20  -4.65  -3.93  -2.34   
2012 -2.41  -2.03  -1.86  -1.34  -2.45  -3.20  -3.75  -3.66  -3.38  -2.74  -3.13  -2.62   
2013 -2.32  -2.00 -99.99 -99.99 -99.99 -99.99 -99.99 -99.99 -99.99 -99.99 -99.99 -99.99   
