1895 0.15   0.64  -0.38  -1.07  -1.64   0.32   1.23   2.49   1.91   1.64   1.58   2.13   
1896 2.06   1.60   1.07   1.13   0.78   1.02   1.76   1.58   1.54   1.93   1.67   1.28   
1897 1.33   1.41   1.26   1.86  -0.44  -0.63  -0.69  -0.52  -1.20  -1.15  -1.68  -2.14   
1898 0.46   0.59   0.23   0.45   1.40   1.48   1.82   1.61   1.94   1.61   1.41   1.96   
1899 -0.13  -0.29  -0.27  -0.51  -0.76   0.67   1.82  -0.32  -0.58  -0.91  -0.98  -0.83   
1900 -1.16  -0.78  -1.16  -0.61  -0.72  -1.00  -0.74  -1.36   1.12   1.21  -0.30  -0.54   
1901 -0.75  -0.50  -0.66   0.00  -0.49  -1.01  -1.69  -1.99  -1.65  -1.65  -2.02  -2.31   
1902 -2.24  -2.32  -2.12  -2.38   0.94   1.15   1.58   2.44   2.76   2.69   2.53   2.25   
1903 1.83   2.68   2.33   2.21   3.81   3.31   3.13   3.44   2.79   3.26   2.96   2.55   
1904 2.15   1.55   0.82   1.14   1.80   2.90   3.94   4.16   3.76   3.08   2.28   2.02   
1905 1.90   1.85   1.77   1.67   1.87   1.30   2.05   1.39   1.87   1.46   1.75  -0.35   
1906 -0.46  -0.62  -0.66  -0.54  -1.00   0.01   0.70   1.34   1.51   1.50   1.72   1.36   
1907 2.08   1.95  -0.57  -0.73  -1.04   0.43   0.89   0.98   0.62   1.25   0.99   1.41   
1908 1.03   1.51   0.81   0.59   1.22   2.89   3.20   3.41   2.80   3.28   3.82   3.44   
1909 3.05   2.63   2.45   1.62   1.46   1.71   2.55   1.78   1.50   1.21   2.75   2.85   
1910 2.86  -0.04  -1.03  -1.56  -1.07  -1.59  -1.98  -1.31  -1.32  -2.10  -2.53  -2.68   
1911 -2.99  -0.80  -1.48  -1.73  -2.10  -3.33  -3.13  -2.94  -3.02  -3.49  -3.36   0.58   
1912 0.10   0.85   1.33   1.23   0.69   0.92   0.74   1.17  -0.03  -0.17  -0.63  -0.94   
1913 -1.18  -0.59  -1.03  -1.35  -2.03  -2.42  -3.32  -4.53  -3.71  -3.38  -3.05  -1.38   
1914 -1.61  -1.26  -1.38  -1.63  -1.35  -1.49  -1.60  -1.31  -1.57  -1.81  -2.40  -2.49   
1915 0.04   1.09   1.28   1.81   3.03   3.98   4.93   5.61   5.96   5.78   5.04   5.07   
1916 5.57   4.83   3.97   3.90   3.16   3.94  -0.39  -1.17  -1.34  -1.63  -1.55  -1.64   
1917 -1.87  -2.29  -2.71  -2.32  -2.34  -3.19  -3.97  -2.61  -2.50  -2.81  -3.24  -3.49   
1918 -3.44  -3.45  -3.29  -2.55  -2.50  -3.39  -3.65  -4.13   0.00   0.77   0.95   2.11   
1919 1.77   2.48   2.35   2.93  -0.23  -0.04  -0.17  -0.72  -0.99  -1.00  -0.88  -1.27   
1920 -1.48  -1.86  -2.13  -1.92  -2.27  -2.58  -2.58   0.61   0.58   0.81   0.84   0.79   
1921 0.87  -0.34  -0.81  -0.52  -1.18   0.62   0.64  -0.16  -0.26  -1.15  -1.73  -1.92   
1922 -2.11   0.06   0.81   1.92   2.03   1.57   2.28  -0.56  -0.94  -1.18  -0.65  -1.05   
1923 -1.46  -1.82  -1.93   0.10   0.83   1.52   1.61   0.99   1.41   2.83   2.68   2.52   
1924 2.27   2.20   2.66   2.58  -0.54  -1.35  -1.10  -0.70  -0.57  -1.00  -1.28  -1.19   
1925 -1.37  -1.82  -2.41  -1.83  -2.47  -3.00  -3.21  -3.15  -2.61  -2.72  -2.43  -2.77   
1926 -2.57  -2.70  -2.51  -2.46  -3.09  -3.25  -3.28  -3.42   0.55   0.92   0.87   0.89   
1927 0.67   0.55   0.73   1.50  -1.06   0.57   1.04   2.76   2.57   2.22   1.63   1.34   
1928 0.84   1.46   1.14   1.33   1.15   2.09   2.76   2.86   2.17   1.97   3.40   3.54   
1929 3.66   3.52   2.89   2.73   2.99   2.95   3.18  -0.29  -0.67   0.47   0.81  -0.25   
1930 -0.07  -0.61  -1.22  -0.02   0.23   0.38  -0.29  -0.68  -0.66   0.87   1.35  -0.03   
1931 -0.21  -0.45   0.73   0.91   1.04  -0.28  -0.81  -0.87  -1.17  -1.60   1.26   1.00   
1932 1.33  -0.04  -0.20  -0.50  -0.95   0.98   1.24   1.24  -0.25  -0.76  -1.17  -1.16   
1933 -1.56  -1.91  -2.25  -2.30  -2.83  -4.24  -4.75  -3.50  -4.05  -4.25  -4.43  -4.25   
1934 -3.89  -3.64  -3.64  -3.63  -4.03  -4.51  -5.49  -5.93   0.92   0.76   1.01  -0.13   
1935 -0.07  -0.15  -0.62  -1.01   2.20   2.40  -0.44  -0.89  -1.10  -0.93  -0.46  -0.72   
1936 -0.63  -1.00  -1.81  -2.22  -2.02  -2.65  -3.72  -4.85  -3.82  -3.27  -3.51  -3.33   
1937 -2.75  -2.67  -2.41  -2.89  -2.24  -2.20  -1.99  -2.19  -2.37  -2.45  -2.65  -2.78   
1938 -3.09  -2.66  -2.71   0.30   1.93   1.91   2.06   1.90  -0.29  -1.27  -0.74  -1.08   
1939 -0.93  -0.73  -0.83  -1.01  -1.75  -1.23  -1.87  -1.52  -2.62  -3.20  -3.33  -3.34   
1940 -3.22  -2.92  -3.29  -2.51  -2.23  -2.29  -2.72  -2.26  -2.08  -2.55   0.67   0.70   
1941 1.04   1.36   1.26   1.31   1.05   1.76   1.88   1.79   2.01   3.61   3.31   3.07   
1942 2.75   2.83   2.51   3.23   2.20   2.94   2.72   3.28   3.47   4.26   3.71   4.12   
1943 -0.04  -0.07  -0.32  -0.83  -0.38  -0.67  -0.58  -1.17  -1.20  -0.99  -1.42   0.66   
1944 0.59   0.73   1.04   2.67   2.45   1.57   1.81   2.97   2.80   2.47   2.38   3.11   
1945 3.38   3.35   2.82   4.26   3.28   2.94   2.97   2.40   3.50  -0.12  -0.61  -0.71   
1946 -0.43  -0.15  -0.42  -0.77  -0.82  -1.34  -2.37  -2.48  -2.83   0.88   1.31   1.20   
1947 1.10   0.85   1.24   2.56   2.95   2.62   2.49  -0.13  -1.16  -1.91  -1.86   0.97   
1948 0.83   1.75   1.96  -0.64  -1.43   1.42   2.77   3.82   3.21   2.55   3.15   2.69   
1949 4.58   4.71   4.31   4.00   4.50   4.39   4.80   4.35   4.44   4.04  -0.60  -0.55   
1950 -0.81  -0.98  -1.43  -1.86  -2.18  -2.38   1.84   3.13   2.71   1.97   1.47   0.92   
1951 0.77   1.02   0.89   1.21   2.67   4.19   4.68   4.84   5.58   5.48   5.24   4.72   
1952 4.22   3.71   3.79   4.18  -0.35  -1.35  -1.93  -2.12  -2.96  -3.46  -3.10  -2.84   
1953 -2.99  -2.98  -2.76  -2.90  -3.46  -4.16  -4.01  -4.29  -4.66  -4.36  -3.84  -3.41   
1954 -3.47  -3.59  -3.76  -3.92  -3.37  -3.91  -4.95  -5.26  -5.64  -5.38  -5.69  -5.81   
1955 -5.52  -4.97  -5.20  -5.38  -4.80  -4.13  -4.46  -4.83  -4.14  -3.76  -3.99  -4.26   
1956 -4.12  -4.22  -4.51  -4.47  -5.14  -6.18  -6.05  -6.65  -7.18  -6.83  -6.69  -6.63   
1957 -6.42  -6.22   0.66   1.21   2.65   4.13   3.75   2.79   3.37   3.60   3.54   2.93   
1958 2.78   2.79   3.54   3.00   2.64   2.92   4.53   4.21   4.67   3.72   3.25   2.85   
1959 2.53   2.22   1.96   1.52   1.80   1.23   2.11   1.90   2.00   3.32   2.88   2.84   
1960 3.21   3.94   3.62   2.72   2.53   2.19   2.21   2.39   1.91   2.31   1.78   1.94   
1961 1.45   1.33   1.57   1.22   1.36   1.25   2.08   2.98   3.05   3.14   3.55   3.46   
1962 3.46   3.05   2.41   1.85   0.80   1.19   2.09   2.13   2.53  -0.25  -0.33  -0.55   
1963 -0.66  -1.15  -1.53  -2.27  -2.90  -2.75  -2.80  -3.10  -2.26  -2.48  -2.70  -2.88   
1964 -2.94  -3.06  -3.17  -3.27  -3.31  -3.81  -4.68  -3.88  -3.78  -3.86   1.52   1.73   
1965 1.55   1.60   1.18   1.03   1.00   2.20   2.34   2.51   3.30   2.94   2.12   2.63   
1966 2.28   2.36  -0.65  -0.82  -1.77  -2.25  -2.49  -2.42  -2.70  -3.15  -3.58  -3.49   
1967 -3.54  -3.83  -4.40  -4.18  -4.58  -3.38  -2.72  -2.75  -2.31  -2.20  -2.28  -2.12   
1968 -2.33  -2.53  -3.04  -2.89  -2.56  -2.73  -2.54   0.99   0.34   1.23   1.57   1.65   
1969 1.34   1.73   1.98   2.08   1.79   1.94   1.98   2.65   3.05   3.00  -0.40  -0.46   
1970 -0.70  -1.18  -0.77  -0.08  -0.77  -0.50  -1.04  -1.65  -1.14  -0.84  -1.26  -1.69   
1971 -1.63  -0.84  -1.38  -1.63  -1.94  -2.04  -1.42  -1.80  -1.98   0.87   1.53   1.43   
1972 -0.14  -0.39  -1.06  -1.20  -1.26  -1.42   0.81   1.09  -0.25  -0.45   0.83   1.00   
1973 1.70   1.86   4.64   4.67   3.54   2.26   2.30   1.32   4.13   4.66   4.31   4.98   
1974 4.62   3.90   3.65   3.77   2.92   2.40   1.36   2.24   1.80   1.79   1.80   1.82   
1975 1.80   2.07   1.92   1.43   1.87   2.62  -0.31  -0.54  -1.12  -1.86  -0.97  -1.05   
1976 -1.29  -1.71  -1.90   1.50   1.68  -0.49  -0.38  -1.14  -0.86  -0.81  -1.22  -1.74   
1977 -1.84  -2.39  -2.57   0.27   0.88   0.74   0.49   1.80   1.97  -0.29  -0.16  -0.43   
1978 -0.61  -0.33  -0.57  -0.96   0.93  -0.04  -0.49  -1.17  -1.22  -1.97  -1.67  -1.84   
1979 0.39   0.02   0.90   0.54   0.71   0.83   1.76  -0.23  -1.08   1.03   1.29   1.33   
1980 1.87   2.08   2.85  -0.18  -0.29  -0.70  -1.68  -1.61  -2.46  -2.63  -3.08  -2.82   
1981 -3.05  -3.46  -3.27  -3.92   0.60  -0.32  -0.09  -0.46  -0.44   0.57   1.54   1.29   
1982 1.34   1.46   1.37   0.73   1.79   2.37   2.60  -0.45  -0.92  -1.24  -1.41   0.04   
1983 -0.09   0.20   0.82   1.41   1.79   2.31  -0.36  -1.12  -1.33   0.37   0.54  -0.08   
1984 -0.31  -0.53   1.48   2.20  -0.61  -0.67  -1.40  -2.15  -2.64   0.58   0.55   1.97   
1985 2.00   2.61   2.06   2.25   1.32   1.89   1.92   2.15   2.88   3.79   3.84   3.64   
1986 3.01   2.68   1.88   1.70   1.39   1.40   1.80   2.98   3.13   3.48   3.30   3.26   
1987 3.40   3.65   4.67   3.68   4.22   4.25   4.33   4.90   4.60   3.80   3.27   3.30   
1988 3.13   2.48   2.26   2.79  -0.63  -1.21  -0.99  -1.60  -1.94  -2.10  -2.39  -2.82   
1989 -2.90  -3.11  -2.83  -3.49   0.22   1.37   1.52   2.70   2.89  -0.46  -0.93  -1.13   
1990 0.20   0.85   1.04   0.92   0.96  -0.77  -1.07  -1.50  -1.38  -1.79  -1.71  -1.81   
1991 -1.93  -2.55  -2.77  -2.20  -2.61  -3.24  -3.64  -3.52  -3.73  -3.77   0.41   0.82   
1992 0.83  -0.42  -0.41  -0.75  -0.78   1.32   1.79   2.69   2.03   1.70   2.97   3.31   
1993 3.66   4.34   4.23   3.77   4.89   4.71   5.87   5.85  -0.18  -0.36  -0.27  -0.45   
1994 -0.49  -0.48  -1.18  -0.58  -1.34  -1.91  -1.30  -1.74  -1.98   0.12   0.25   0.15   
1995 0.25  -0.49   0.39   0.79   2.41   3.02   3.17   3.44   3.18  -0.61  -1.09  -1.11   
1996 -1.38  -1.84  -1.67  -1.96  -2.27  -2.52   0.50   1.81   2.82   2.65   3.55   3.24   
1997 2.90   3.39   2.43   2.88   2.63   3.13   3.46   4.44   4.52   4.70   4.23   4.95   
1998 4.70   4.27   4.96   4.39   3.35   2.20   2.51   1.66   0.70   1.81   3.09   2.93   
1999 3.62   2.94   2.98   3.87   3.49   3.87   4.32   3.88   4.04   3.07   2.23   2.23   
2000 2.06   2.42   3.90   3.11   2.74   3.04   3.84   2.66   1.40   2.60   2.45   2.17   
2001 2.43   3.37   3.20  -0.58   0.54   0.65  -0.29  -0.87  -0.54  -1.14  -1.76  -2.28   
2002 -1.96  -2.16  -2.51  -2.35  -2.29  -1.99  -2.33  -1.84  -2.42   2.05   1.73   1.80   
2003 1.50   1.95   2.40   2.61   2.43   2.05   1.21   1.77   1.90   1.74   1.00   0.81   
2004 0.83   0.72   1.46   1.48   0.72   1.42   2.63   2.84   2.22   2.40   2.87   2.42   
2005 3.45   3.62   3.17   2.64   1.88   2.91   3.20   4.48  -0.60  -0.33  -0.61  -0.77   
2006 -1.22  -1.67  -1.69  -1.86  -1.91  -1.90  -2.25  -1.32  -1.67  -1.68  -2.14   0.72   
2007 0.95   0.81   1.91   2.09   3.20   4.14   4.42   3.90   2.79   2.59   1.76   2.75   
2008 2.30   2.34   2.03   2.11   3.06   3.22   3.30   3.12   4.23   5.32   5.02   4.68   
2009 4.11   3.49   3.40   4.48   3.74   3.63   3.51   3.52   3.72   4.19   3.62   3.16   
2010 2.86   2.76   2.37   1.74   1.95   2.25   2.75   3.38  -0.39  -0.91  -0.40  -0.74   
2011 -0.87  -0.79  -1.07  -1.54  -2.05  -2.90  -4.05  -4.14  -4.29  -4.05   0.54   1.67   
2012 1.25   2.35   2.19  -0.03  -0.61  -0.96  -1.94  -2.05  -2.24  -2.61  -2.87  -3.17   
2013 -3.16  -2.60 -99.99 -99.99 -99.99 -99.99 -99.99 -99.99 -99.99 -99.99 -99.99 -99.99   
