1895 0.51  -0.79  -1.30  -1.60  -1.62  -0.04   1.19  -0.47  -1.25  -1.74   0.38   1.13   
1896 -0.68  -0.72  -0.20  -1.26   0.13   0.26   1.14   0.77   0.99   0.56   1.14  -0.54   
1897 0.24   0.88   2.03   2.50  -0.23  -0.29  -0.09  -0.62  -1.84  -2.58  -2.57  -2.43   
1898 1.44   0.73   1.87   1.58   1.38   1.40   1.68   1.18   1.79   2.28   2.19   1.84   
1899 2.37   2.29   3.10  -0.40  -0.50  -1.05  -1.19  -1.59  -2.25  -2.43  -2.95  -2.73   
1900 -2.67  -1.82  -2.46  -2.87  -2.72   1.21   1.39  -0.49  -0.96  -1.23   1.26  -0.29   
1901 -0.93  -1.27  -1.39  -1.67  -2.02  -2.44  -3.51  -2.76  -2.48  -2.44  -3.21  -2.88   
1902 -2.24  -2.82  -2.91  -3.13  -3.07  -2.41  -2.87  -2.90   0.58   0.27   0.55   1.90   
1903 1.32   2.52  -0.42  -0.37  -0.47  -0.48  -0.54  -0.62  -1.28  -1.49  -1.66  -1.77   
1904 -1.56  -1.57   0.91  -0.15  -0.32  -0.28  -0.18  -0.60  -0.66  -1.56  -2.33  -2.14   
1905 -2.17  -2.07  -2.29  -2.45   0.64   0.95   1.83   1.84   1.99   2.82   2.93   3.03   
1906 2.54   1.86   2.57  -1.19  -1.97  -2.03   0.52   0.33   1.54   0.93   1.79   2.36   
1907 3.37  -0.10  -1.46  -1.70  -0.82  -0.54  -0.46  -0.34  -0.47  -0.34  -0.20  -0.16   
1908 -0.65   1.29   0.89   1.40   1.09   1.54  -0.08  -0.45  -1.23  -1.99  -2.05  -2.59   
1909 -2.46   2.10   2.05   2.49   2.82   2.78   3.23  -0.41  -0.34  -0.28  -0.65   0.09   
1910 0.01   0.64  -1.40   0.19   0.77   1.14   2.94   2.42   2.99   3.64  -0.12  -0.07   
1911 -0.84  -0.65  -1.34  -0.11  -0.70  -0.97  -1.35  -1.56  -1.38  -1.42   0.36   1.26   
1912 0.99   1.10   1.61   2.70   2.57   2.44   2.46   2.62  -0.02  -0.51  -1.20  -1.28   
1913 2.33   2.00   3.11  -0.50  -1.07  -1.56  -2.61  -3.23  -3.04  -2.75  -3.28  -3.65   
1914 -3.98  -3.21  -3.15  -3.31  -3.57  -4.03  -4.27  -3.53  -2.93  -2.34  -2.89  -2.45   
1915 -1.87  -2.42  -2.78  -3.85   0.74   1.28   1.68   2.81   2.88   2.63   3.32   4.50   
1916 5.36  -0.33  -1.14  -1.63   0.19   0.62   0.59   0.72   0.97  -0.16  -0.81   0.16   
1917 0.73   0.69   0.75   1.10   0.98   1.22   1.46   1.43   1.32   1.44  -0.43  -0.79   
1918 -0.52  -1.10  -2.31  -2.03  -1.87  -1.72  -1.81  -2.19  -1.63  -1.47  -1.74  -1.26   
1919 -1.46  -1.77   0.49   0.13   0.87   0.80  -1.00  -1.16  -1.77   1.53   2.87   2.97   
1920 3.50   2.83   2.72   3.17   2.94   2.42   1.93   2.40   2.45  -0.38  -1.06  -1.32   
1921 -1.34  -1.22  -0.88  -0.68  -1.31  -1.67  -2.42   0.26   1.01   0.77   1.96   2.06   
1922 1.33   1.34   2.48   0.00  -0.03  -0.50  -0.02  -0.60  -1.08  -1.36  -1.83   0.38   
1923 1.02   1.50   1.61   1.57   2.03   2.16   1.76   2.39   2.22   1.96   1.84   2.53   
1924 2.50  -0.40  -0.86  -1.27   0.24   0.41   0.45   0.10   0.81  -0.92  -1.60   0.94   
1925 -0.51  -0.29  -0.56  -1.10  -1.46  -1.38  -1.60  -2.29  -2.15   1.01   1.72  -0.64   
1926 -0.53  -0.68  -0.97  -1.10  -1.50   0.15   0.07   1.16   1.51   2.27   2.37   2.94   
1927 3.57   2.49   2.84   3.36   4.23   4.26   0.01  -0.05   0.17   0.02   0.21   0.19   
1928 -0.35  -0.51  -1.53  -0.02   0.18   3.01   2.67   2.53   1.72   1.81   1.92   1.44   
1929 1.71   1.72   1.08   0.70   2.12   2.28   2.05   1.30   1.92   2.04   2.07   1.75   
1930 2.38   0.03  -1.13  -2.08  -2.16  -2.67  -3.94  -4.41  -4.21  -4.45  -4.77  -5.23   
1931 -5.53  -5.42  -5.03  -4.62  -4.50  -4.35  -4.41  -3.28  -3.41  -3.33  -3.15   0.23   
1932 1.59  -0.21  -0.07  -0.09  -1.05  -1.15  -1.23   0.22   0.80   1.24   0.98   1.59   
1933 1.51   1.64   2.04   2.22   2.55  -0.95   1.04   0.57   0.87   0.87  -0.56  -0.49   
1934 -1.20  -1.34  -1.21  -1.68  -2.22   0.37   0.13   0.50   1.70  -0.41  -0.34  -0.54   
1935 -0.08  -0.64   1.75   1.72   2.12   3.86   3.58  -0.14  -0.47  -0.45  -0.71  -1.13   
1936 -1.57  -1.88  -1.83  -1.34  -2.10  -2.97  -3.53  -4.31  -4.03  -3.65  -3.56   0.02   
1937 3.66  -0.52  -1.39  -1.07  -0.74  -0.57  -0.59  -0.93  -1.15   0.85  -0.37  -0.47   
1938 -0.52  -0.90  -0.34  -1.10   0.26   0.37   2.13   2.40   2.23  -0.52  -0.67  -1.17   
1939 0.59   1.87   1.72   2.39  -0.68  -0.52  -0.62  -0.80  -1.80  -2.24  -2.97  -3.52   
1940 -3.82  -3.31  -3.00  -2.15  -2.10  -1.99  -2.31  -2.28  -2.70  -3.39  -3.30  -3.35   
1941 -3.43  -3.89  -4.46  -4.86  -5.39  -5.41  -4.68  -4.38  -5.00  -3.96  -4.04  -4.23   
1942 -3.86  -3.61  -3.24  -3.02  -3.00  -2.83  -2.96  -1.87  -1.82  -1.60  -1.37  -1.29   
1943 -1.98  -2.53  -1.44  -1.52  -1.06  -1.18  -1.70  -2.46  -2.09  -2.43  -3.08  -3.63   
1944 -4.19  -3.81  -3.40  -2.77  -2.95  -3.49  -4.14  -3.82  -3.55  -4.08  -4.35  -4.11   
1945 -3.82   0.69   1.30   1.41   1.55   2.41   1.94   1.59   1.90   1.71   1.76   1.23   
1946 1.25   1.78  -0.55  -1.30   0.57  -0.53  -0.59   0.55  -0.39  -0.58  -0.46  -0.55   
1947 -0.24  -1.18  -1.55   0.61   0.95   1.12  -0.17  -0.39  -0.42  -0.42  -0.62  -1.15   
1948 -1.38   0.08   0.61  -0.47  -0.49  -0.52   0.56  -0.56  -0.54  -0.50   1.24   1.57   
1949 2.46   2.87   3.09   2.20   1.47   1.90   1.35   1.83   1.56   2.65   2.02   2.35   
1950 4.32   4.74   4.23   3.80   3.71   4.00   4.68   5.92   6.12   5.23   5.36   4.50   
1951 5.14   4.67   4.10   3.51   2.19   2.94   2.32   1.70   1.96   1.38   2.06   2.91   
1952 2.77   2.20   2.76  -0.38  -0.77  -1.96  -2.79  -3.12  -2.87  -3.15  -3.71  -3.66   
1953 -3.40  -3.55  -2.62  -2.27  -1.77  -2.35  -2.66  -3.49  -4.24  -4.65  -5.30  -5.59   
1954 -4.94  -4.78  -5.06  -4.88  -4.35  -4.30  -4.74  -4.60  -4.05  -3.63  -4.32  -3.83   
1955 -4.09  -3.12  -2.72  -2.28  -1.94  -1.30  -1.64  -1.97  -2.02  -2.02  -2.34  -3.07   
1956 -2.81  -1.52  -1.85  -1.52  -1.46  -1.80  -1.55  -1.61  -2.20  -2.63  -3.02  -3.37   
1957 -2.52  -2.18  -2.70   0.24   1.52   1.84   2.03   1.65   1.04   1.26   3.65   4.03   
1958 3.34   2.42   2.36   1.97   1.73   1.80   3.06  -0.07  -0.06  -0.52  -0.57  -1.27   
1959 -0.76  -0.81  -1.54  -2.22  -1.96  -1.97   0.30   1.12   1.20   1.56   0.00   0.06   
1960 -0.32  -0.54  -0.79  -1.24  -1.27   0.71  -0.34  -0.81  -1.32  -1.67  -1.82  -1.87   
1961 -2.21   0.43   0.73   1.41   2.18   2.54   2.65   2.45   1.62   1.14   1.35   1.53   
1962 1.63   2.43   2.21   1.56   0.87   1.18   0.75   0.73   1.89   2.04  -0.28  -0.64   
1963 -1.28  -1.94  -1.28  -1.94  -2.13  -2.33  -2.04  -1.48  -2.15  -3.20  -3.77  -4.53   
1964 -4.83  -5.05   2.73  -0.38  -1.11  -1.71  -1.98  -1.99  -1.01  -1.53  -1.74   0.25   
1965 0.21   0.45   1.10  -0.15  -0.98  -0.78  -0.48  -1.01   1.22  -0.10  -0.59  -1.45   
1966 0.71   0.74  -1.18   1.23   1.66  -0.50  -1.27  -1.13  -0.79  -0.87  -1.26  -0.86   
1967 -1.35  -1.53  -1.97  -2.35   0.83   1.04   2.22   2.31   2.23   2.52   2.55   2.90   
1968 -0.48  -1.02   0.28   0.43   1.00  -0.35  -0.24  -0.59  -0.37  -0.74   0.00   0.16   
1969 1.04  -0.54  -1.00  -0.60  -1.12   1.19   1.07   1.28   0.76   1.03   1.15   1.45   
1970 -0.75  -0.70   0.20   0.94   0.42   1.12  -0.52  -0.52  -0.77   1.18   0.88   1.02   
1971 0.74   1.26  -0.79  -1.42   0.04   0.04   0.55   0.97   1.26  -0.29  -0.77  -0.93   
1972 0.06   0.40   0.23   0.76  -0.42  -1.00   1.48   1.30   1.13   1.63   2.20   2.84   
1973 2.44   1.77   1.94   2.93   3.56  -0.12  -0.38  -0.82  -1.36  -1.54   1.14   1.17   
1974 1.45  -0.55  -0.98  -0.92  -0.85   0.31   0.01   1.23   2.07   1.94   1.75   1.59   
1975 1.50   1.73   3.43   3.27   2.40   2.01   2.13   2.39   2.66   2.79   2.82   2.71   
1976 2.38   2.55   2.13   0.94   1.11   1.76   2.30   1.91   1.68   1.98  -0.41  -1.19   
1977 -1.56  -1.94  -1.78  -1.64  -2.13  -1.93  -1.85   0.84   1.35   1.44   1.72   1.62   
1978 1.84  -0.66  -0.68  -0.94  -0.71  -1.16  -1.26  -0.78  -1.40  -1.35   0.56   2.49   
1979 2.42   2.75   2.62   4.12   4.23   3.84   4.13   4.44   5.62   5.14   6.03   0.05   
1980 -0.53  -1.13  -0.79  -0.95  -1.03  -0.71  -1.04  -1.88  -1.80  -1.53  -1.65  -2.34   
1981 -2.89  -2.73  -2.91   0.18   1.27   1.62   2.12   1.96   1.88  -0.04  -0.38  -0.58   
1982 0.67  -0.43  -1.00  -0.88  -1.04  -1.17   0.01   0.83   1.30   0.79   0.89   2.25   
1983 -0.53  -1.20  -1.46   2.41   3.68  -0.14  -0.62  -1.84  -2.81   0.47   1.19   1.50   
1984 -0.71  -0.79   0.38   0.81   1.92   1.11   0.98   0.78   1.22   1.96   2.72   3.54   
1985 2.86   2.46   1.53   1.40   1.36   1.90   1.34   2.67   3.08   4.26   4.51  -0.63   
1986 -1.27  -0.98  -1.52  -2.32  -1.64  -1.85  -1.59  -1.44  -1.40  -0.90  -0.60  -0.56   
1987 -1.20  -1.13  -1.87  -2.14  -2.85  -2.92  -2.92  -3.33  -3.63  -3.95  -3.94  -2.68   
1988 -2.40  -1.90  -2.14  -2.49  -2.72  -3.40  -3.37  -3.25  -3.12   0.26   1.76   1.52   
1989 1.60   4.15   3.89   2.99   2.33   3.11   3.35   3.18   2.78   2.69   2.40   1.76   
1990 1.73   3.11   2.31   2.00   2.59   1.74   1.49   1.05   0.73   1.73   1.38   3.24   
1991 2.85   2.87  -0.20  -0.62  -0.67  -1.18  -1.71  -2.18  -2.20  -2.05  -2.33  -1.94   
1992 -2.34  -2.49  -2.23  -2.79  -2.73   0.00   0.48   0.51   1.11   1.17   0.02  -0.42   
1993 -0.37  -0.25  -0.47  -0.38  -0.45   0.47  -0.58  -0.82   0.49   1.19   1.77   1.61   
1994 1.51   1.20   1.09   1.37  -0.64  -0.69  -0.83  -1.18  -1.17  -1.17  -1.31  -1.40   
1995 -1.32  -1.25  -1.96  -2.00   1.17   1.29   1.42   0.01  -0.44  -0.22  -0.31  -0.75   
1996 -0.55  -1.08   0.07   0.52   0.57   1.03   1.44   0.67   2.05   2.53   3.17   3.24   
1997 2.70   2.34   3.63   3.51   3.86   4.20  -0.34  -0.36  -0.72  -0.92  -1.20  -1.60   
1998 -1.83  -1.83  -2.38   0.59   0.27   1.99   2.45  -0.36  -1.28  -0.86  -1.36  -1.27   
1999 0.87  -0.58  -0.86  -0.86  -0.96   0.90  -0.70  -1.72  -2.57  -2.34  -3.20  -3.37   
2000 -2.73  -2.19  -2.35  -1.95  -1.38  -1.35  -1.26  -1.55  -1.26  -1.98  -2.01  -2.08   
2001 -2.50  -1.98  -2.39  -2.96  -3.06   0.03   0.60   0.44   0.53   1.95   3.10   3.73   
2002 3.30   2.49   3.10   3.13   4.04   3.22   2.07   1.19   2.18   2.88   2.56   3.03   
2003 2.24   2.98   1.81   2.10   2.24   2.68   2.43   2.54   3.08   3.18   3.42  -0.29   
2004 -0.41  -0.88  -1.21   0.13   0.59   0.45   0.61   0.87  -0.93   0.61   1.51   1.57   
2005 1.59  -0.44  -0.60  -0.57  -1.17  -1.13   0.03   1.75  -0.34  -1.10  -1.37  -1.86   
2006 -1.23  -1.40  -1.29  -1.54   0.38   0.33   0.81   0.85   3.30   4.21   4.29   3.92   
2007 3.81  -0.16  -1.22  -1.29  -2.01  -1.77  -2.23  -3.33  -3.60   0.90   0.43   1.56   
2008 1.09   1.37   2.30   2.93   2.97  -0.26   0.31  -0.81  -1.75  -1.75  -2.32  -1.78   
2009 -1.85  -2.00  -2.46   0.20   0.88   0.74   2.16   2.03   2.60   5.07  -0.48  -0.55   
2010 -0.65  -1.17  -1.45  -1.84  -1.02  -1.48  -2.38  -3.10  -3.60  -4.06  -3.66  -4.05   
2011 -4.19   0.47   0.42   2.87   3.37   3.62   2.76   2.03   2.45   1.93   2.97   3.34   
2012 -0.23  -1.00  -1.65  -2.69  -3.53  -3.98  -4.46  -4.22  -3.05  -2.36  -2.70  -2.36   
2013 -1.30  -1.28 -99.99 -99.99 -99.99 -99.99 -99.99 -99.99 -99.99 -99.99 -99.99 -99.99   
