1895 0.62  -0.92  -1.49  -2.00  -2.03  -2.15  -1.64  -2.28  -3.16  -3.35  -2.94  -2.43   
1896 -2.92  -2.67  -1.78  -3.04  -2.82   0.17   1.74   1.04   1.56   1.29   1.67   1.10   
1897 0.87   1.94   2.43   2.66   0.02  -0.11   0.17  -0.63  -1.87  -2.88   0.47   0.49   
1898 2.01   1.35   2.13   1.55   1.60   1.11   0.95   0.80   1.08   1.42   1.48   1.36   
1899 2.01   2.12   3.10  -0.55  -0.25  -0.72  -0.90  -1.47  -1.80  -2.11  -2.84  -2.78   
1900 -2.73  -1.81  -2.20  -2.94  -2.89  -2.42  -1.76  -2.14  -2.51  -3.09  -1.56  -1.61   
1901 -2.08  -2.52  -2.74  -2.19  -2.36  -1.98  -3.04  -2.96  -2.47  -3.03  -3.62  -3.26   
1902 -2.53  -2.99  -3.08  -3.26  -3.23  -2.59  -3.20  -3.73   0.50   0.18   0.08   1.45   
1903 0.98   2.71  -0.30  -0.22  -0.85  -0.75  -1.00  -1.32  -2.01  -2.15  -2.42  -2.69   
1904 -2.47  -2.36  -1.52  -1.57  -1.76  -2.08  -2.26  -2.67  -2.66  -3.27  -4.35  -4.49   
1905 -4.49  -4.30  -4.16  -4.26   0.27   0.18   1.16   0.84   0.88   1.68   2.25   2.39   
1906 -0.20  -0.61   0.77  -1.14  -1.95  -0.02   0.66   0.69   1.65   1.32   1.72   2.51   
1907 4.09   3.68   2.68   2.11   2.30   2.55   2.71   2.66   2.52   2.68   2.80   2.59   
1908 1.82   2.65   2.81   3.18   3.04  -0.28  -0.21  -0.79  -1.73  -2.55  -3.37  -4.01   
1909 -3.75   1.91   1.87   2.19   2.20   2.18   3.09  -0.43  -0.65  -0.77  -1.24  -1.20   
1910 0.43   1.28  -1.55  -0.01   0.44   0.75   2.63   1.94   2.58   3.10   3.07   2.93   
1911 -0.09  -0.07  -0.67   0.86  -0.68  -0.55  -1.57  -0.02   0.10   0.42   0.88   1.79   
1912 1.42   1.32   1.82   2.48   2.40   1.88   2.36   2.32   2.09   1.55   0.77   0.75   
1913 3.09   2.76   3.83  -0.43  -0.80  -1.29  -1.86  -2.42  -2.61  -2.30  -2.14  -2.28   
1914 -2.34  -1.50  -1.61  -1.55  -2.01  -2.74  -3.23   0.27   0.19   1.01   0.32   0.94   
1915 1.24  -0.52  -1.11  -2.28   0.76   0.82   1.45   2.04   2.17   2.44   2.82   4.02   
1916 4.61   4.28   3.79   3.04   2.62   2.79   2.19   1.82   2.08   1.99   1.37   1.54   
1917 2.25   2.29   2.38   2.43   2.32   0.05  -0.02  -0.33  -0.48   0.62  -0.49  -0.93   
1918 -0.46  -0.62  -1.39  -1.38  -1.25  -1.38  -1.33  -1.68  -1.24  -1.06  -1.49  -1.34   
1919 -1.40  -1.84  -1.39  -1.53  -0.62  -0.96  -1.64  -1.86  -2.36   1.25   2.68   3.15   
1920 3.73   2.90   2.37   2.90   2.67   2.10   2.09   2.48   2.31  -0.34  -0.45  -0.61   
1921 -0.79  -0.72  -0.40  -0.69  -1.12  -1.70  -2.77  -2.56   0.63   0.34   1.86   2.27   
1922 1.48   1.41   2.05  -0.10  -0.25  -0.79  -0.61  -1.15  -1.37  -1.73  -2.55  -0.01   
1923 0.61   1.21   1.02   1.06   0.77   0.88   0.77   1.33   1.37   0.97   1.18   2.46   
1924 2.64  -0.07  -0.29  -0.72   0.53   0.60   0.52   0.06   0.86  -0.89  -1.37  -0.79   
1925 -1.11  -0.82  -1.08  -1.63  -1.66  -1.79  -1.42  -2.30  -2.43   1.60   2.56  -0.78   
1926 -0.64  -0.47  -0.92  -0.95  -1.48  -1.72   0.15   1.03   1.51   3.01   3.21   3.64   
1927 4.25   3.57   3.39   3.69   4.68  -0.07  -0.08  -0.53  -0.62  -0.95   0.66   0.87   
1928 -0.33  -0.33  -0.89  -0.80  -0.91   2.37   2.24  -0.07  -1.03  -0.82  -0.63  -0.76   
1929 0.40   0.64  -0.64  -0.96   1.14  -0.16  -0.19  -0.85   0.65   0.97   1.39   1.23   
1930 1.56   1.46  -0.74  -1.83  -2.51  -3.25  -4.45  -5.09  -5.19  -5.57  -6.46  -7.28   
1931 -7.77  -7.63  -7.20  -6.19  -6.16  -6.17  -5.91  -5.00  -5.04  -4.44  -4.47   0.34   
1932 1.54   1.15   1.44   1.35   0.28   0.41   0.43   0.79   0.80   1.09   1.04   1.09   
1933 1.64   1.69   1.85   2.02   2.19  -0.81   0.26   0.02   0.91   0.75   0.19   0.66   
1934 -0.55  -1.02  -0.88  -1.61  -2.52  -2.62  -2.75  -2.32  -1.71  -2.41  -3.04  -3.61   
1935 0.37  -0.36   1.16   1.19   2.34   3.37   3.53   3.90   3.82   3.61   3.85  -0.05   
1936 -0.07  -0.52  -0.59   0.57  -0.83  -2.33  -3.16  -4.29  -4.23  -3.76  -3.80  -3.48   
1937 3.48  -0.24  -1.10  -0.64  -0.87  -0.67  -1.21  -1.06  -1.71  -1.29  -1.79  -2.01   
1938 -1.98  -2.19  -1.79  -2.08   0.49   0.43   1.28   1.42  -0.02  -0.87  -0.80  -1.21   
1939 0.49   1.81   2.08   2.81   1.62   2.47   2.50  -0.17  -0.94  -1.00  -1.77  -2.50   
1940 -3.01  -2.24  -1.60  -1.23  -0.90  -0.98  -1.51  -1.22  -1.33  -2.17  -2.27  -2.48   
1941 -2.52  -3.10  -3.58  -3.89  -4.54  -3.78  -3.46  -3.57  -4.20  -3.45  -3.45  -3.64   
1942 -3.57  -3.47  -3.34  -3.48  -3.44   0.79   1.38   2.86   2.82   2.91   3.67   4.49   
1943 3.55   2.70   3.55   3.35   3.41   3.04   2.90  -1.00  -1.24  -1.69  -2.76  -3.66   
1944 -4.16  -3.95  -3.11  -2.49  -2.74  -3.55  -4.35  -3.21  -2.72  -2.93  -3.37  -3.35   
1945 0.23   1.31   1.66   1.53   1.73   1.87  -0.13  -0.63  -1.13  -1.28   0.43  -0.21   
1946 -0.43   0.46  -0.14  -0.99   0.53   1.17   1.16   1.58   1.45   1.31   0.97   0.77   
1947 1.38  -0.84  -1.34   0.18   0.66   0.89   0.86   0.67   0.76  -0.44  -0.59  -1.19   
1948 -1.20   0.58   0.90   1.86  -0.19  -0.30  -0.30  -0.82  -1.50  -1.41   0.71   1.01   
1949 1.61   1.98   1.83  -0.11  -0.58  -0.25  -0.66  -0.27  -0.64  -0.75  -1.21   0.48   
1950 3.13   3.16   2.56   2.09   2.27   3.17   3.98   3.67   4.23   3.67   4.42   3.66   
1951 4.54   4.46   4.15  -0.33  -0.70  -1.01  -1.99  -2.22  -1.89  -2.13   0.83   2.02   
1952 2.30   1.79   2.26  -0.56  -0.72  -1.19  -2.03  -2.37  -2.62  -2.83  -3.11  -3.14   
1953 -2.65  -3.06  -2.65  -2.31  -2.09  -2.20  -2.32  -2.91  -3.48  -4.16  -5.02  -5.68   
1954 -5.34  -5.50  -5.52  -5.42  -5.31  -5.38  -5.74  -4.88  -4.29  -4.11  -4.37  -4.19   
1955 -4.21   1.34   2.03   1.17   1.04   1.14   1.47   0.79   0.74   0.97   1.04  -0.55   
1956 -0.57   1.68   1.88   1.89   1.54   1.75   2.39   2.05   2.19   1.69   1.31   1.56   
1957 1.64   1.53   0.58   1.30   1.26   1.34  -0.62  -1.36   0.24   0.24   1.01   1.63   
1958 -0.34  -0.72  -1.17   0.35   0.46   0.91   2.18   2.28   2.25  -0.22  -0.10  -0.76   
1959 -0.21  -0.44  -1.02  -1.39  -1.74  -2.03  -1.81  -1.87  -2.71  -2.07  -1.71  -1.52   
1960 -1.62  -1.03  -1.53  -2.48  -2.34   1.50  -0.17  -0.15  -0.10  -0.15  -0.27  -0.66   
1961 -1.00   0.07   0.27   1.03   1.91   2.22   2.85   0.03  -0.62  -1.09  -1.15   0.12   
1962 0.22   1.26   1.25   0.69   0.69   0.57   0.92   0.21   0.47   0.89   1.07  -0.17   
1963 -0.84  -1.31   0.98  -0.90  -0.78  -0.91  -0.17  -0.09  -0.67  -1.71  -2.45  -3.42   
1964 -3.43  -3.25   2.44  -0.05  -0.89  -1.07  -1.22  -1.72  -1.57  -2.15  -2.56  -2.01   
1965 -1.92  -1.63  -1.06  -0.79  -1.75  -2.26  -2.05  -2.33   1.25   1.69  -0.33  -1.19   
1966 0.40   0.50  -1.08   0.88  -0.24  -1.10  -1.11   0.25   0.52   0.38   0.59   1.04   
1967 -0.85  -1.18   0.31   0.14   0.87   0.56   0.97   0.83   0.72   0.62   1.02   1.12   
1968 -0.56  -1.38   0.45   0.61   1.66   1.00   1.29   1.50  -0.20  -0.39  -0.45  -0.45   
1969 -0.37  -0.93  -1.59  -1.54  -1.75  -1.59  -1.75  -1.35  -1.59  -1.87  -1.83  -1.44   
1970 -2.03   0.00  -0.05   1.40  -0.50  -0.50  -0.84  -0.86   0.39   0.51   0.24   0.59   
1971 0.35   0.85  -0.69  -1.14   0.70   0.59   1.27   1.26   1.75  -0.63  -1.00  -1.03   
1972 0.15   0.61   0.42   2.09   1.88   1.65   1.39   0.92   1.24   1.29   2.09   2.80   
1973 1.98   1.36   1.16   1.80   2.43   2.95   3.28   2.62   1.97   1.85   2.57   2.34   
1974 2.69   1.83   1.82   1.39   1.86   2.09   1.39   3.19   3.99   3.58   3.41   3.33   
1975 3.01   3.12   4.33   4.42   3.57   3.28   2.54   2.29   3.32   4.15   3.64   3.56   
1976 3.28  -0.08  -0.56  -1.54  -1.67   0.66   0.50   0.41   0.99   2.02  -0.35  -0.89   
1977 -1.29  -1.87  -1.99  -1.85  -2.67   0.30   0.13   1.00   0.59   1.55   1.94   2.07   
1978 2.46   1.38   1.06   0.56   1.18   0.76   1.67   2.73   1.82   2.37   2.59   4.58   
1979 4.54   4.41   3.05   3.36   3.10   3.25   3.96   4.58   6.64   6.38   6.52   5.97   
1980 -0.50  -1.04  -0.53  -0.63  -0.66  -1.02  -0.79  -0.82  -1.29  -1.24  -1.38  -2.00   
1981 -2.72  -2.10  -2.58   0.19   0.84   0.77   1.16   0.93   0.83   1.10  -0.46  -0.51   
1982 0.58  -0.20  -0.06  -0.38  -0.63   0.74   0.14   0.59   0.57   0.05   0.24   0.54   
1983 -0.64  -1.13  -1.99   0.71   2.65  -0.11  -1.23  -2.03  -2.77   1.84   2.13   2.13   
1984 1.22   0.97   0.98   1.38   2.33  -0.95  -0.91  -1.60  -1.68   0.23   0.89   1.31   
1985 -0.38  -0.77  -0.88  -1.89  -1.80   0.18   0.12   0.48  -0.68   0.56   1.31  -0.56   
1986 -1.33  -1.11  -1.58  -2.46  -2.59  -3.06  -2.80  -2.86  -2.33  -2.12  -0.91  -0.66   
1987 -1.21  -1.33  -1.36  -1.49  -2.25  -2.41  -2.35  -2.90  -3.25  -3.71  -4.27  -4.01   
1988 -3.79  -3.23  -3.46  -3.20  -3.27  -4.16  -3.72  -3.59   0.31   0.20   1.00   1.14   
1989 0.99   2.92   3.00   2.66   2.73   3.15   2.71   2.89   3.20   3.52   3.52   2.82   
1990 2.52   2.78   1.61   1.10   2.20   2.25   1.86   2.23   2.18   3.11   2.91   4.84   
1991 4.14   3.91   3.88  -0.41  -0.90  -1.44  -1.62  -1.75  -1.55  -1.79  -2.58  -1.87   
1992 -1.89  -2.32  -2.01  -2.43   0.16   0.59   1.62   2.05   1.89   1.40   1.73  -0.42   
1993 -0.53  -0.28  -0.45  -0.42  -0.88  -0.06  -0.80   0.21   0.09   0.70   1.19   1.19   
1994 1.33   1.43   1.79   2.22  -0.07  -0.55  -0.58  -0.46  -0.83  -0.99  -1.34  -1.51   
1995 -1.19  -1.37  -1.82  -0.01   1.56   1.52  -0.74  -0.86  -1.08   0.75   0.61   0.43   
1996 0.70   0.32   0.48   1.25   2.50   2.47   2.70   2.00   2.91   2.71   3.18   3.33   
1997 2.88   2.37   4.61   3.54   3.86   5.37  -0.92  -1.02  -1.34  -1.62  -1.82  -2.02   
1998 -1.82  -1.96  -2.20   1.29   1.32   3.00   3.28  -0.73  -1.68  -1.64  -2.22  -2.31   
1999 -1.54  -1.50  -1.68  -2.20  -2.72  -2.38  -3.45  -4.03  -4.41  -4.25  -4.96  -5.27   
2000 -4.88  -3.82  -4.00  -3.65  -3.63  -3.04  -2.73  -2.32  -1.60  -1.98  -2.08  -1.72   
2001 -2.15  -2.09  -2.31  -3.18   0.01  -0.09   1.24   1.18   0.71   1.56   1.76   0.00   
2002 -0.28  -0.96   0.85   1.06   1.69   1.59  -1.07  -2.16   0.31   1.32   1.43   1.65   
2003 0.89   1.55  -0.83  -0.92   0.97   1.54   1.59   1.94   2.72   2.63   3.32   3.15   
2004 3.00   2.28   1.81   1.59   2.63   2.14   3.05   3.13   3.11   4.52   5.23   4.82   
2005 4.78  -0.48  -0.70  -0.55  -0.98  -1.64  -2.27  -1.57  -2.28  -2.74  -2.97  -3.37   
2006 -2.87  -3.05  -2.84   0.18   0.06   0.17   0.00   0.12   2.37   3.63  -0.02  -0.18   
2007 -0.11  -0.13  -0.88  -0.78  -1.74  -2.10  -1.98  -3.12  -3.69   0.86   0.49   1.42   
2008 1.25   1.59   2.62   2.66   2.88   2.81  -0.14  -0.84  -1.58  -1.97  -2.54  -2.31   
2009 -2.00  -2.12  -2.86   0.24   0.26   0.89   1.68   1.65   2.80   4.29  -0.43  -0.20   
2010 -0.33  -0.69  -1.56  -2.17   1.18   1.22   0.02  -0.60  -1.36  -1.91  -1.82  -2.00   
2011 -2.38   0.58   0.43   3.30   3.80   3.62   2.97   2.19   3.22   3.58   4.94   4.83   
2012 0.04  -0.52  -0.89  -1.21  -1.08  -1.73  -1.45  -2.04   0.88   0.85   0.31   1.21   
2013 1.33   0.71 -99.99 -99.99 -99.99 -99.99 -99.99 -99.99 -99.99 -99.99 -99.99 -99.99   
