1895 0.60  -0.95  -1.03  -1.01  -1.14  -1.31  -0.61  -1.08  -1.78  -2.03  -2.22  -2.13   
1896 -2.76  -2.29  -1.37  -2.36  -2.33   0.31   1.78  -0.37  -0.11  -0.34   0.46  -0.64   
1897 -1.18   1.18   1.60   1.87   1.74   1.40   1.60  -0.48  -1.57  -2.54   0.01   0.17   
1898 1.32  -0.68  -0.49  -0.37  -0.13  -0.53   0.14   0.18   0.26   0.70   0.61   0.24   
1899 0.84   1.55   2.54  -0.42   0.41  -0.37  -0.49  -1.04  -1.29  -1.75  -2.39  -2.21   
1900 -2.52  -1.44  -1.61  -2.03  -2.11  -1.77  -1.33  -1.89  -2.21  -2.60  -1.19  -1.31   
1901 -1.56  -2.29  -2.51  -1.37  -1.29  -0.89  -1.92  -1.73  -1.35  -2.14  -2.46  -1.59   
1902 -0.99  -1.09  -0.71  -0.96  -1.35  -1.27  -2.15  -2.82  -2.54  -2.81  -2.78   1.21   
1903 0.72   2.28  -0.18   0.28  -0.42  -0.09  -0.33  -0.70  -1.50  -1.80  -1.76  -1.91   
1904 -2.16  -2.47  -2.44  -2.62  -2.66  -2.73  -2.68  -2.88  -3.11  -3.73  -4.46  -4.11   
1905 -3.89  -3.68  -3.41  -3.49  -3.17  -3.04   0.61   0.58   0.15   0.76   0.80   1.10   
1906 0.02  -0.47   0.45  -0.94  -1.46   0.45   1.48   1.44   2.17   1.91   2.36   2.87   
1907 2.99   2.81   1.42   1.31   1.70   2.33   2.41   2.29   2.37   2.21   2.33   1.99   
1908 1.44   1.85   1.74   1.95   2.21   0.01   0.05  -0.37  -1.10  -1.68  -2.26  -2.59   
1909 -2.69   1.32   1.30   1.70   1.53   1.75   2.43  -0.41  -0.30  -0.59  -1.39  -1.54   
1910 -1.01  -0.63  -2.23  -0.03   0.39   1.37   2.93  -0.19  -0.07  -0.16  -0.38  -0.31   
1911 -0.06  -0.22  -0.81   0.85  -0.91  -1.01  -1.70  -1.79  -1.91   0.06   0.25   1.14   
1912 -0.24  -0.38   0.56   1.38   1.30   1.17   1.82   1.96   1.83  -0.52  -1.16   0.16   
1913 1.76   0.05  -0.24  -0.71  -0.62  -0.76  -1.31  -1.87  -1.98  -1.62  -1.47  -1.49   
1914 -1.85  -1.32  -1.38  -1.11  -1.83  -2.62  -3.05  -2.54  -2.55  -1.84  -2.45  -1.39   
1915 -0.79  -1.05  -1.63  -2.62   0.53   0.81   1.31   2.04   2.03   2.28   2.65   3.80   
1916 4.01   3.86   3.40   2.65   2.09   2.28   2.12   1.89   1.98   1.79   1.05   1.17   
1917 1.88   1.93   2.96   2.62   2.64   2.42   2.47  -0.08  -0.09   0.21  -0.65  -1.18   
1918 0.70  -0.34  -1.12  -0.82  -0.85  -0.92  -0.99  -1.54  -1.35  -0.95  -1.46  -1.20   
1919 -0.75  -1.08  -1.08  -1.28   0.86  -0.09  -0.90  -1.23  -1.77   0.86   2.17   2.60   
1920 3.15   2.71   2.45   3.14   2.98   2.48   2.30   2.54   2.42  -0.69  -0.80  -0.86   
1921 -1.20  -1.14  -1.74  -1.90  -2.02  -2.54  -3.17   0.03   0.28  -0.35   1.28   1.28   
1922 0.92   0.97   1.65  -0.52  -0.77  -0.84  -0.54  -0.93  -1.41  -1.77  -2.48   0.59   
1923 1.02   1.56   1.58   1.86  -0.29  -0.18  -0.30   0.32  -0.10  -0.67   0.08   0.89   
1924 1.35   0.04  -0.39  -0.46   1.24   0.00   0.03  -0.41   0.74  -0.92  -1.38   0.59   
1925 0.41   0.54  -0.62  -1.16  -1.21  -1.36  -1.27  -2.13  -2.81   1.74   2.27  -0.91   
1926 -0.71  -0.56  -1.00  -1.14  -1.62  -1.76   0.08   0.79   0.54   1.29   1.72   2.92   
1927 2.87   2.72   2.47   2.45   3.07   0.03  -0.02  -0.18  -0.55  -0.65  -0.25  -0.20   
1928 -0.65  -1.05  -1.23   0.50   0.29   2.43   2.27   2.16  -0.33  -0.20  -0.02  -0.57   
1929 -0.63  -0.38  -0.49  -0.95   0.98   0.86   0.78   0.19   0.50   1.04   1.68  -0.43   
1930 -0.79  -0.81  -1.21  -2.16  -2.47  -2.90  -4.18  -4.82  -5.13  -5.28  -5.79  -5.86   
1931 -6.31  -6.14  -5.71  -4.49  -4.03  -4.35  -4.14  -3.12  -3.45  -3.46  -3.93  -3.07   
1932 -2.19  -1.99  -1.56  -1.71  -2.33  -1.48  -1.90  -2.60  -3.01   0.45   0.12   0.18   
1933 0.25   0.58   0.34   0.11   0.81  -1.28  -0.91  -0.66  -0.91  -1.56  -2.40  -2.33   
1934 -2.64  -2.50  -1.28  -1.58  -2.48  -2.42  -2.71  -1.93  -1.86  -2.23  -2.70  -3.36   
1935 -2.87  -2.89   1.64   1.76   2.85   3.24   3.19  -0.16  -0.56  -0.72  -0.43  -0.68   
1936 -0.53  -0.92  -0.78  -0.27  -1.48  -2.91  -3.20  -3.89  -4.36  -4.10  -4.05   0.11   
1937 2.49   2.10   1.01   0.90   0.81   1.24   0.80   0.88   0.27   1.11  -0.51  -0.87   
1938 -0.90  -1.46  -1.51  -0.01   0.41   0.84   1.10   1.55   1.46  -0.93  -0.38  -0.80   
1939 0.14   2.13   1.93   1.99  -0.86  -0.90  -0.70  -1.24  -1.98  -2.30  -3.16  -3.59   
1940 -4.18  -3.59  -3.07  -2.73  -2.70  -2.23  -2.10  -1.93  -2.00  -2.64  -2.96  -3.26   
1941 -3.52  -4.23  -4.28  -3.96  -4.87  -4.31  -3.03  -3.14  -3.65  -3.67  -3.84  -3.99   
1942 -4.01  -4.11  -3.89  -4.59  -4.55   0.52   1.25   2.16   2.34   2.40   2.50   3.41   
1943 -0.78  -1.28   0.77   1.04  -0.05  -0.12  -0.16  -1.14  -1.38  -1.44  -2.00  -2.50   
1944 -2.93  -1.72  -1.12  -0.79  -1.09  -1.63  -3.06   0.40   0.90  -0.44  -0.86  -0.79   
1945 0.05   0.80   0.28   0.08   0.69   0.85  -0.46  -0.78  -1.11  -1.43   0.84   0.60   
1946 1.12   1.07  -0.56  -1.21   0.10   0.27   0.23   1.09   1.03   1.18  -0.33  -0.49   
1947 1.03  -0.84  -1.15  -1.79   0.15   0.35   0.66   1.05  -0.18  -0.93  -1.22  -1.88   
1948 0.03   0.61   0.70   0.70  -0.28  -0.42  -0.68  -1.19  -1.72  -1.80   0.88   0.84   
1949 1.10  -0.17  -0.37   0.39  -0.54  -0.92  -0.96  -1.15  -1.30  -0.77  -1.19   0.17   
1950 2.11   2.07   1.54   0.61   1.15   1.90   2.52   2.59   3.03   2.47   3.09   2.37   
1951 2.66   3.03   2.88   2.49   2.11   1.98   1.22   0.83   1.26   0.75   1.84   2.80   
1952 3.04   2.22   2.91   2.39   2.52  -0.54  -1.64  -1.16  -1.59  -1.98  -1.74  -1.80   
1953 -1.27  -1.49  -1.56  -1.56  -1.32  -0.97  -1.24  -1.83  -2.25  -3.15  -3.79  -4.15   
1954 -3.23  -3.73  -3.56  -3.86  -3.56  -3.57  -3.63  -3.19  -3.05  -2.91  -3.04  -2.28   
1955 -2.61   1.08   2.56  -0.53  -0.98  -0.72  -1.07  -1.77  -2.13  -2.22  -2.70  -3.28   
1956 -3.18   2.08   2.58   3.19   2.37   2.06   2.86   2.30   2.26   1.67   1.04   1.78   
1957 2.84   2.74  -0.75  -0.64  -1.07  -0.83  -1.60  -2.37   1.03   1.01   1.48   1.74   
1958 -0.50  -0.65  -0.85   1.24   1.52   1.40   2.01   2.60   2.50  -0.20  -0.24  -0.89   
1959 -0.74  -1.02  -1.47  -1.14  -1.24  -1.57  -1.72  -2.15  -2.55  -1.90  -1.31  -1.21   
1960 -1.46  -1.03  -1.02  -1.97  -1.96   1.10   1.37   1.42   1.45   1.41  -0.26  -0.48   
1961 -0.57  -0.46  -0.57   0.73   0.71   1.36   2.21   2.02   1.27   1.11   0.70   1.37   
1962 1.50   2.63   2.43   2.67   2.07   2.48   2.61  -0.69   0.27   0.16   0.56  -0.12   
1963 -0.76  -1.05   1.30  -1.07   0.09   0.14   0.84  -0.12  -0.46  -1.57  -1.66  -2.24   
1964 -2.05  -1.70  -1.06  -0.86  -1.52  -1.89  -1.79   0.02   0.66   0.97   0.92   1.24   
1965 1.12   0.60   1.39   1.40  -0.93  -1.16   0.66  -0.30  -0.18  -0.08  -0.71  -1.96   
1966 -1.87  -1.59  -2.32  -1.47  -1.90  -2.56   0.17   0.74   1.41   1.55   1.79   1.92   
1967 1.08   0.61   1.07   0.71   1.56   1.22   2.52   2.10   2.03   1.79   2.18   2.32   
1968 -0.53  -1.54   0.46   0.68   1.29  -0.48  -0.50  -0.32  -0.64  -0.27  -0.52  -0.63   
1969 -0.91  -1.06  -1.69  -1.67  -1.97  -1.50  -1.78  -1.68  -1.76  -1.97  -1.95   0.92   
1970 -0.82  -0.63  -0.92   0.97  -0.70  -0.68  -1.28   0.53   1.05   1.89  -0.16   0.02   
1971 0.23   0.28  -0.63  -0.74   0.93   0.93   1.90   1.65   2.10  -0.43  -0.79  -1.26   
1972 0.99   1.77   1.45   2.81   2.50   2.58   2.77   1.86   2.06   2.09   2.32   3.17   
1973 2.22   1.55   1.64   1.93   2.80   2.76   2.90   2.19   1.75   1.65   2.70   2.57   
1974 3.48   2.63   2.62   2.21   2.87   3.21   2.03   2.95   3.62   3.31   3.32   3.15   
1975 2.90   2.67   4.66   4.63   4.23   3.59   2.43   1.85   3.01   3.41  -0.08  -0.09   
1976 0.00  -0.39  -0.21  -1.32  -1.29   0.79   0.96   0.93   1.53   2.84  -0.53  -0.86   
1977 -1.34  -2.10  -2.38   0.95  -0.90   0.71   0.64   1.77   1.72   2.78   3.21   2.69   
1978 3.03  -0.84  -0.94  -1.20   0.69   0.14   0.43   1.12  -0.86  -0.91  -1.00   2.41   
1979 3.10   3.05   1.99   2.16   2.35   2.91   3.69   4.14   4.70   4.57   4.57  -0.16   
1980 -0.29  -0.96  -0.38  -0.38  -0.72  -1.62  -1.69  -2.01  -2.27  -2.49  -2.29  -2.88   
1981 -3.57   0.37   0.00   0.25   0.85   0.92   0.99   0.82   0.83   1.31  -0.49  -0.58   
1982 0.65   0.73   0.60   0.31   0.07   0.71   0.34   0.92   1.32   1.09   1.44   1.49   
1983 -0.72  -1.01  -1.80   0.44   1.95  -0.10  -0.65  -1.21  -1.79   0.51   0.52   0.49   
1984 -0.69  -0.65   0.09   0.65   2.21  -0.81  -0.61  -1.22  -1.60   0.71   1.62  -0.02   
1985 -0.21  -0.28  -0.88  -1.61  -1.52   0.04   0.22   1.18  -0.52   0.47   1.19  -0.67   
1986 -1.39  -0.83  -1.70  -2.60  -2.72  -3.12  -3.58  -3.32   0.29   0.38   1.84   1.65   
1987 -0.27  -0.35  -0.98  -0.63  -0.95  -1.23  -1.16  -1.20  -1.21  -1.82  -2.19  -1.48   
1988 -1.49  -1.86  -2.42  -2.37  -2.30  -3.15  -3.02  -3.04   0.85   0.85   1.76   1.55   
1989 1.40   2.61   2.72   2.22   2.71   3.93   3.51   3.62   4.94   6.01   5.73   4.75   
1990 3.94   3.93   3.01   2.35   2.77   2.41   1.90   2.14   1.86   2.42   1.93   4.53   
1991 3.89   4.02   4.21  -0.61  -0.83  -0.57  -0.93  -1.19  -1.34  -1.74  -1.87   1.82   
1992 -0.53  -0.92  -0.80  -1.53   0.12   0.59   1.20   1.86   1.93   1.60   1.61   1.64   
1993 -0.54   0.00   0.58   0.62  -0.44  -0.27  -0.78   0.30   0.99   1.77   1.89   2.18   
1994 2.74   3.56   5.02   5.16   4.76   4.13   3.67   3.74  -0.28  -0.39  -0.73  -1.10   
1995 -0.28  -0.34  -0.84  -0.88   1.48   1.50  -0.98  -1.54   0.10   0.70   0.94   0.57   
1996 1.14   0.69   1.21   1.55   2.30   2.41   2.84   2.70   3.45   3.54   4.38   3.97   
1997 3.30   2.36   3.69   2.76   2.95   4.03   3.17   2.96   2.65   2.10   1.86   1.34   
1998 1.30   1.22   0.67   2.42   2.53   3.92  -0.18  -0.66  -1.54  -1.92  -2.60  -2.12   
1999 -0.90  -1.22  -1.44  -1.62  -2.07  -2.14  -3.00  -3.17  -3.61  -3.31  -3.40  -3.59   
2000 -3.38  -3.08  -3.40   0.61   0.53   0.89   1.24   1.37   1.31  -0.70  -1.17  -0.90   
2001 -0.95  -0.80  -1.14  -2.07   0.07   0.33   1.26  -0.09  -0.47  -0.56  -1.16  -1.24   
2002 -0.96  -1.74   1.16   0.95   1.38   1.35  -0.14  -0.82   0.50   1.54   1.70   1.81   
2003 0.88   2.12   0.65   1.27   1.91   3.05   2.98   3.32   4.07   3.79   4.43   3.99   
2004 3.65   3.32   2.84   2.72   3.46   3.50   3.58   3.80   5.37   5.60   5.27   5.24   
2005 4.90   3.94   3.32   3.94  -0.55  -1.27  -1.29  -1.40  -2.37  -2.73  -3.01  -3.27   
2006 -2.50  -2.88  -3.31   0.27   0.12   0.45   0.20   0.53   2.26   3.40  -0.10  -0.77   
2007 -0.92  -1.59  -2.09  -1.69  -2.32  -2.80  -2.36  -3.31  -3.81  -3.54  -3.26  -2.47   
2008 -2.56  -2.32  -1.85  -1.35  -1.14  -1.21  -1.11  -1.44  -2.41  -2.74  -2.86   0.78   
2009 1.33   0.56   0.19   0.35   1.44   2.15   2.72   2.52   3.16   3.64  -0.68  -0.13   
2010 -0.02  -0.26  -0.94  -1.42   0.86   0.95   1.18   1.38  -0.19  -0.38   0.16   0.40   
2011 -0.58  -0.73   0.37   2.32   2.60   2.37   2.07   1.54   2.36   2.92   3.65   0.04   
2012 -0.04  -0.54  -0.82  -1.14  -1.08  -2.05   0.65   0.41   1.42   1.96   1.17   1.72   
2013 2.23   1.33 -99.99 -99.99 -99.99 -99.99 -99.99 -99.99 -99.99 -99.99 -99.99 -99.99   
