1895 -0.16  -0.12  -0.10  -0.51   0.12   1.02   1.42   1.64  -0.67  -0.61  -0.85  -0.91   
1896 -1.29   0.80  -0.12  -0.43  -1.34  -1.20  -2.17  -2.76  -2.97  -2.23  -1.93  -2.59   
1897 -2.13  -2.13  -2.19  -1.94  -2.42  -2.58  -2.99  -2.56  -3.01  -2.78  -2.95  -1.98   
1898 -1.50  -1.13  -1.76  -1.80  -2.71   0.54   0.59   0.94   2.45   2.64   3.09  -0.57   
1899 -0.07  -0.27  -0.74  -0.95  -2.13  -1.82  -2.48  -2.55  -2.99  -3.21  -3.56  -3.22   
1900 -3.01   0.53   0.40   1.78   1.35   2.38   2.84   2.81  -0.43  -0.47  -0.89  -0.86   
1901 -1.06  -0.60  -1.03  -0.63  -1.56  -2.16  -1.70  -1.63  -1.63  -1.73  -2.12  -1.90   
1902 -2.50  -2.60  -2.26  -2.24  -2.59  -3.24  -3.39  -3.78   0.40  -0.04  -0.20  -0.34   
1903 0.20   1.51   2.02  -0.79  -1.47  -1.37  -1.08  -1.10  -1.70  -1.94  -2.74  -2.91   
1904 -3.24  -3.73  -3.72  -3.60  -3.76  -3.53  -2.61  -2.09  -2.15  -2.63  -2.97   0.03   
1905 0.30   1.47   1.33   2.34   1.92   2.36   3.25   3.10   3.16   3.06   2.73   2.59   
1906 -0.59  -0.99  -0.30  -0.65  -1.64  -2.13  -1.47  -2.08  -1.89  -1.42  -1.76  -2.17   
1907 -3.06  -2.93  -3.86   0.37   3.13  -0.65  -1.17  -1.29  -1.52   0.16   0.45  -0.26   
1908 -0.52   0.63  -0.79  -0.92   0.43   0.27   1.81   2.38   3.11  -0.44  -0.97  -1.43   
1909 -2.11  -1.69  -1.99   0.18   0.04   0.59   0.20   0.68   0.83  -0.31  -1.17  -0.80   
1910 -1.12  -0.88  -2.11  -2.56   0.09   0.84   1.60   1.58  -0.25  -0.39  -0.87  -1.14   
1911 -1.63  -2.42  -3.11  -2.11  -2.49  -2.50   1.15   2.26   1.77   1.58   1.40   3.35   
1912 2.91   2.37   2.24   2.55   2.91   3.07   3.26   3.48   2.82   2.07   1.09   3.12   
1913 2.99   2.78   2.40   2.52   2.31   1.96   2.29   2.16   4.55   4.71  -0.56  -1.04   
1914 -2.05  -1.63  -0.94  -0.43  -1.24  -2.02  -1.62  -0.91  -1.29  -1.63   0.04  -0.04   
1915 0.50   1.00  -0.46  -1.05  -1.17  -1.51  -1.45  -0.79  -1.08  -0.71  -1.13  -1.42   
1916 -1.02  -1.75  -2.55  -2.47  -1.55  -1.57  -0.99  -0.95  -1.27  -1.03  -1.73  -1.73   
1917 -1.42  -1.20  -1.49  -1.32  -2.01  -2.76  -2.76  -2.38  -2.57  -2.75  -3.28  -3.77   
1918 -3.63  -3.95  -4.68  -3.65  -4.09  -4.19  -4.61   0.47   0.02   1.23   1.38   1.05   
1919 1.26   1.39   0.99   1.20   1.79   2.30   2.39   2.21   1.52   2.12   2.49  -0.61   
1920 -0.25  -0.57  -0.95  -0.77  -1.24   0.19   0.99   1.61   1.49   1.27   1.07   1.98   
1921 -0.61  -1.29  -1.28   0.65   0.10   0.31   0.60  -0.50  -1.06  -1.32  -1.95  -2.15   
1922 0.22   0.38   1.47   1.26   1.40   1.50   1.58   1.76  -0.33  -0.43  -0.63  -0.45   
1923 -0.82   0.38   0.66   1.08   1.65   2.01   2.50   2.68   2.83   2.66   2.92   3.23   
1924 3.32   3.16  -0.39  -0.39  -0.43  -0.81  -1.96  -2.86  -3.49  -3.98  -4.70  -4.55   
1925 -3.47  -3.76  -4.22  -4.75  -5.09  -5.12  -4.88  -5.04  -4.57   1.13   1.34   0.76   
1926 0.99   0.28   1.79   2.20   2.15   1.72   1.27   2.07  -0.47  -0.38  -0.43   0.41   
1927 -0.85   0.39   1.00   1.23   1.22   1.51   0.00   0.00  -0.50  -0.71  -1.05  -0.64   
1928 -1.57  -1.38  -1.51   0.62   0.23   1.66   1.89  -0.09  -0.07  -0.40  -0.74  -0.93   
1929 -0.59  -0.11  -0.12  -0.55  -0.50  -0.71  -0.51  -0.89  -0.91   0.05   1.46   0.98   
1930 1.43  -0.38  -0.72  -1.45  -1.56  -2.42  -2.98  -2.93   0.53   0.75   1.11   0.74   
1931 1.16  -0.41  -0.40  -1.00  -1.09  -1.67  -1.83  -1.49  -2.17  -2.49   0.03   1.06   
1932 2.46  -0.20  -0.74  -1.11  -1.06  -1.22  -1.25  -1.25   0.01   0.47   0.67   1.85   
1933 0.98   1.27   1.04   1.81   1.28   0.70   2.33  -0.02  -0.81  -1.37  -2.04  -2.09   
1934 -1.64  -1.20  -0.84  -1.08  -1.01  -0.93  -0.87  -1.14  -1.22  -1.63  -0.74  -1.17   
1935 -1.40  -1.43   0.46   0.51   1.56   1.50  -0.10  -0.44  -0.23  -0.90  -1.17  -0.94   
1936 -1.11  -1.07  -1.91  -1.92  -1.56  -2.47  -2.04  -2.04  -2.53  -2.68  -2.54  -2.48   
1937 -0.93  -1.41  -1.40  -1.41  -1.59  -1.46  -1.42  -1.48  -1.54   1.04  -0.37  -0.85   
1938 -0.82  -1.23  -1.67   0.95  -0.80  -0.86  -0.82   1.06  -0.12  -0.66  -0.61  -1.09   
1939 -0.76  -0.86  -1.13  -1.44   0.27   0.37   0.46   0.87  -0.33  -0.13  -0.71  -1.11   
1940 -1.46  -1.06  -1.55   1.15  -0.70   1.31   2.13   4.83   4.64   3.79   4.52   5.08   
1941 4.05   3.02   2.62   2.36   3.25   3.93   4.51   3.96   3.85   3.86   3.02   2.21   
1942 1.80   1.63   1.80   2.02   1.14   1.92   1.67   2.04   2.50  -0.04  -0.93  -0.72   
1943 -1.19  -1.54   0.95  -0.52  -0.92  -1.09  -1.71  -2.46   1.49   1.05   1.15   1.15   
1944 1.40  -0.50  -0.33  -0.40  -0.19  -0.55  -1.14   0.59   0.56  -0.57  -0.10  -0.16   
1945 -0.17  -0.09  -0.36   0.18   0.16   0.40   1.19   1.33   1.12   1.70  -0.43  -0.61   
1946 0.57   0.70  -0.07  -0.66   1.46   2.13   2.83   2.54   2.50   2.06   2.28   1.24   
1947 2.35   1.31   2.21   2.37  -0.09  -0.02  -0.93  -1.71  -1.67  -2.43   0.78   0.83   
1948 0.93   0.85   1.10  -0.20  -0.78  -1.46  -2.29  -2.93  -2.91  -3.34   1.99   1.29   
1949 1.33   1.37   2.48   2.91  -0.85  -0.78   0.63   0.38   0.04   0.82  -0.90  -1.14   
1950 0.04   0.77   0.96   0.96   1.46   2.08   2.00  -0.17  -0.59  -0.82  -1.14  -1.26   
1951 -0.67  -1.15  -0.78  -1.08  -1.77  -1.73  -1.91  -2.61  -1.80  -2.35  -2.71  -2.40   
1952 -3.09  -2.63  -2.75  -1.67  -1.08  -1.72  -1.15  -1.88  -2.53  -2.95  -2.62  -2.36   
1953 -2.79   0.77   0.84   1.69   4.80  -0.40  -0.54  -0.34  -1.27  -1.63  -1.75  -1.23   
1954 -1.56  -2.47  -2.80  -3.03  -2.08  -2.63  -2.38  -3.14  -3.62  -3.04  -3.34  -3.87   
1955 -0.02   1.16  -1.23   0.43   0.32   0.20   1.27   2.00  -0.26  -0.48  -0.77  -1.17   
1956 -1.65  -0.78  -0.80  -1.14  -1.75  -1.71  -2.35  -2.56  -3.27  -3.40  -3.34  -2.48   
1957 -3.01  -3.16   0.50   0.79   0.18   1.60  -0.20  -0.98   0.93   1.50   2.66   1.96   
1958 1.50   1.01   1.11   1.24   0.83   0.91   0.94   1.88   2.98  -0.19  -0.57  -1.49   
1959 -1.51   0.51   0.00   0.25   0.06   0.13   0.88   1.10  -0.39  -0.06  -0.61  -0.46   
1960 -0.45  -0.41  -0.56  -1.02  -1.30  -1.67  -2.27   0.85  -0.45  -0.15  -0.70   0.28   
1961 0.84   1.51   2.65   2.02   1.56   2.59   3.56   3.48   3.69   2.90   3.34   3.62   
1962 3.43  -0.92  -1.31  -0.95  -1.37  -0.64  -1.53  -1.65  -1.93  -1.94  -2.02  -2.15   
1963 -1.92  -2.04  -2.81  -3.42  -3.84  -3.91  -3.51  -3.71  -3.75  -4.33  -3.89  -3.68   
1964 -3.26  -3.27   0.46   0.96  -0.48  -0.96   0.03   0.23   0.59   0.67   0.80   0.81   
1965 -0.73   0.23   0.62  -1.00  -1.49  -2.01  -2.31  -2.24  -1.17  -1.70  -1.98   0.11   
1966 0.76   2.07  -0.93  -0.06  -0.43  -0.91  -1.48   0.23   0.18   0.73  -0.14  -0.46   
1967 -1.15  -1.10  -1.79   0.49   1.26   0.68   1.09   1.17  -0.21   0.00  -0.97   1.33   
1968 1.42  -0.37  -0.59  -0.29  -0.05  -0.10  -0.46  -0.17  -0.25  -0.79   0.53   0.97   
1969 -0.89   0.38   0.52   0.70   0.74   0.05   1.06  -0.78  -1.14  -0.98  -1.55  -1.07   
1970 -1.63  -1.96  -1.96  -2.22  -2.13  -2.15  -2.32  -2.15   0.17   1.66  -0.38  -0.94   
1971 -1.69  -1.16  -1.03  -1.63   0.54  -0.43  -0.23  -0.41   0.82   0.47   0.00   1.49   
1972 1.78  -0.77  -0.45  -1.05  -1.12  -1.34  -1.25  -1.83  -1.75   0.51   0.61   1.24   
1973 1.26   1.09   2.32   3.02   2.95   2.71   2.35   1.84   3.23   3.04   3.37   2.93   
1974 4.22   3.69   2.61   2.57   2.04   1.88   1.56   1.71   2.00   1.62   1.61   1.89   
1975 1.64   1.12   1.13   1.28   2.36   2.56   2.93   3.52   3.42   3.53  -0.28  -0.87   
1976 -1.36  -1.90  -1.10  -1.71   0.36   0.68   1.16  -0.17  -0.23  -0.28   0.11   0.07   
1977 0.23  -0.53   0.61   1.18  -0.68  -1.31  -1.61   0.82   0.79   0.80   1.66  -0.58   
1978 -0.13  -0.40  -1.02  -1.63  -1.76  -1.67  -2.00  -1.29  -1.59  -2.14  -2.22  -2.29   
1979 1.20   2.30   1.76   2.51   2.13   1.33   1.70   1.32   2.63   2.42   2.54   2.19   
1980 2.05   1.52   2.98   3.49   3.49  -0.45  -1.40  -2.31  -2.81  -2.06  -1.87  -2.59   
1981 -3.09  -3.02  -2.87  -3.43  -2.74  -1.95  -1.79  -2.03  -2.21  -1.92  -2.19  -2.40   
1982 -2.72  -2.05  -2.53  -2.03  -2.61  -2.52  -2.76   0.12   0.21   0.13   0.96   3.68   
1983 3.42   3.77   3.54   4.09   4.77   4.80   3.57   3.39   3.18   2.35   2.46   2.63   
1984 2.09   2.68   1.92   1.36   1.20   1.92   1.65   1.70   1.68   3.91   4.00  -1.11   
1985 -1.24  -0.18  -0.71  -1.28  -1.64  -2.02  -2.14   0.44   1.38   3.88  -0.63  -0.95   
1986 -1.74  -2.51  -2.82  -2.94  -2.80  -2.29  -2.81  -2.75  -2.82   0.43   1.34   1.29   
1987 1.41   2.13   2.03  -0.78  -0.89  -0.59  -0.42  -0.04  -0.47  -0.76   1.36  -0.17   
1988 -0.71   0.55   1.43  -0.31  -1.01  -1.47   0.23   0.42   0.80   1.25  -0.44  -0.09   
1989 -0.03  -0.40  -0.04  -0.67   0.74   3.46   3.84  -0.15  -0.66  -1.23  -1.42  -1.46   
1990 1.86   1.78  -0.04  -0.40  -0.46  -0.92  -1.36  -1.96  -2.32  -2.15  -2.23   0.02   
1991 1.20   1.30   1.04   2.18   3.00   2.91   2.41   2.39   2.02   1.91   1.56   1.70   
1992 2.06   2.04   1.79   1.37   0.80   1.72   1.59   1.98   1.85   1.49   1.98   1.46   
1993 1.81   1.00   1.21   1.86   1.62   1.89  -0.34  -1.00  -1.59   0.15   0.71   0.23   
1994 1.07  -0.30  -0.64  -0.58   0.81   0.66   1.15   0.92   0.57   1.55  -0.63  -0.73   
1995 -0.42  -0.98   1.09   2.06   1.75   1.23   1.45   1.26   0.97   1.10   1.34   1.50   
1996 -0.14  -0.96  -1.27  -0.66  -1.36   0.25   0.03   0.12   0.55   1.46  -0.18  -0.66   
1997 0.08   1.49   0.71   1.35   1.26   1.53  -0.11  -0.38  -0.95   0.10   0.22   0.34   
1998 1.42   1.60  -0.28  -0.26  -1.56  -2.56  -3.43  -3.17   1.39   0.91   1.05   1.00   
1999 1.81  -0.95  -1.02  -1.46  -1.63  -1.33  -1.67  -2.57  -2.64  -2.54  -3.18  -3.25   
2000 -3.94  -4.83  -4.50  -3.96  -4.03  -3.55  -3.83  -4.53  -4.74  -4.74   1.31   0.66   
2001 0.91   0.18   1.41  -0.75  -1.51   1.75   0.95   1.04   1.62   2.05   2.53  -0.31   
2002 -0.76  -0.85  -0.48  -0.79  -1.42  -1.49  -1.71  -1.92  -1.90   2.31   2.54   2.83   
2003 -0.85   0.92  -0.22  -0.79  -1.65  -1.20  -1.16  -1.65  -1.53  -1.79   0.41  -0.45   
2004 0.19   1.49  -0.92  -1.06   1.65   3.60  -0.35  -0.83  -1.57   0.44   1.55  -0.32   
2005 -0.76  -0.15  -0.47  -0.89  -1.45  -1.77  -1.79  -2.02  -1.18  -1.81  -1.99  -2.13   
2006 -2.29  -1.67  -2.22  -2.05  -2.54  -2.90  -2.62  -2.77  -2.86   2.57   1.86   1.89   
2007 2.10  -0.63  -1.69  -1.55  -1.68   0.01   0.54   0.11   0.64  -0.14  -0.31  -0.86   
2008 -0.76  -0.11  -0.56  -0.84  -0.76  -0.93  -2.00   0.20   2.56  -0.34   0.04   0.33   
2009 -0.72  -1.30   0.51   0.78  -0.33  -1.10  -0.68  -1.25  -1.18   2.04   1.33   2.32   
2010 -0.43   0.51  -0.54  -1.38  -2.04  -2.29  -2.58  -2.16  -2.93  -3.25  -2.88  -3.46   
2011 -3.25  -3.68  -3.35  -3.82  -4.33  -4.64  -4.71  -5.41   0.97  -0.55  -0.76  -0.82   
2012 0.00   1.66   1.87  -0.32  -1.17  -1.49  -1.42   0.93   1.02  -0.30  -1.13   0.18   
2013 2.15   2.59 -99.99 -99.99 -99.99 -99.99 -99.99 -99.99 -99.99 -99.99 -99.99 -99.99   
