1895 -0.01   0.21  -0.15  -0.32  -0.99  -2.00  -2.73   1.07   1.00   0.20   1.35   2.13   
1896 1.20   2.79   5.97   4.57   3.92   3.64   3.45   3.64   4.99   4.52   4.37   3.28   
1897 3.79   3.48   4.22   3.69   4.67   5.02   5.84   6.30   5.75   4.24   4.56   4.53   
1898 5.96   8.52   7.37   6.87   5.53   5.32   3.82   3.18   2.53   2.42   3.02   2.49   
1899 2.72   3.06   4.86  -1.08  -1.17   0.17   1.00  -1.06  -0.84  -1.39  -1.51  -1.39   
1900 2.29   5.05   7.14   5.65   6.54   5.92   5.11   4.29   3.36   2.89   3.82   3.07   
1901 3.70   3.03   4.66   5.81   5.41   4.75   4.22   4.45   3.61   2.88   2.29   4.21   
1902 4.18   3.92   7.74   6.77   6.51   7.39   6.28   6.26   5.70   5.58   4.08   4.48   
1903 4.92   5.50   7.59   6.18   4.44   4.25   4.29   3.92   2.47   1.74   0.94   1.09   
1904 1.59   1.34   1.95   2.26   2.62   1.97   1.53   2.41   4.05  -0.19  -0.91  -1.35   
1905 -0.30  -0.61  -1.20  -1.66   0.17   0.51   0.80  -0.60  -0.30  -1.07   0.22   0.44   
1906 0.75   0.63   2.28   2.14   2.52   2.83   2.75   2.41   1.26   1.57   1.33   1.57   
1907 1.54   1.39   1.48   2.03   1.78   2.72   3.00   2.83   3.96   3.89   4.11   4.23   
1908 4.06   4.98   4.71   4.25   4.61  -0.72  -1.36  -0.77  -2.06  -2.49  -3.28   0.09   
1909 1.98   3.64   4.43   4.70   4.46   3.64   3.03   2.24   4.30   3.25   3.20   2.43   
1910 2.59   3.14   2.55   2.52   2.34   2.50   1.88   2.18  -0.18  -0.72  -1.20   0.11   
1911 0.32   0.45   1.84  -0.95  -2.14  -1.82  -1.69  -1.38  -1.37  -2.06  -1.95   0.39   
1912 1.29   1.66   2.71   2.32   3.42   2.37   1.64   2.83   2.86   2.90   3.01   2.79   
1913 2.89   2.39   3.98  -0.83  -0.52  -1.58  -2.13  -2.25  -2.18  -2.03  -2.73   0.63   
1914 0.76   0.43   1.46   2.06  -0.74   0.20   0.34   0.79  -0.70  -1.25  -1.63  -2.05   
1915 0.45   1.61  -1.11  -1.09  -0.77  -1.19   1.61   2.40  -0.45  -0.99  -1.27   0.48   
1916 0.22   0.84   0.81   0.69   1.36   1.80   1.63   1.96   1.88   1.57   1.65   2.55   
1917 3.14   2.82   3.54   3.28   3.37   6.61   5.80   7.26   5.88   5.87   4.37   4.09   
1918 3.98   3.98   3.29   2.44   1.67   1.98   2.71   2.39   4.23   4.30   4.03   3.98   
1919 4.03   3.47   4.52   4.01   4.22   3.05   2.18   1.58   1.76   1.54   1.75   1.09   
1920 0.80   2.81   3.57   5.27   4.33   3.50   3.26   3.14   4.73   3.80   3.73   5.12   
1921 4.19   3.97   4.20  -0.41  -1.24  -2.18  -3.23  -2.20  -2.54  -2.78   0.63   0.19   
1922 0.11   0.52   1.27   1.14   1.17   3.99   3.08   4.17   3.14   2.44   1.59   1.36   
1923 3.06   2.26   2.84   4.42  -0.34  -0.61  -0.45  -0.52  -1.12  -1.52  -1.69   0.24   
1924 1.01  -0.04  -0.75   0.96   1.77  -0.55  -1.06   0.88   1.65  -0.90  -1.29  -1.52   
1925 0.45   1.01   2.78   1.53   0.90   1.48   1.63   1.09   2.05   3.13   3.77   3.24   
1926 3.55   3.80   3.71   3.57   3.02   2.82   2.13   2.24   2.19   2.43   3.53   3.04   
1927 2.96   3.14   2.30   1.15   2.26   2.10   2.05   3.27   2.43   2.88   3.57   4.29   
1928 4.41   3.84   3.77   3.96   4.58   4.36   3.65   3.72   4.15   3.68   2.72   2.79   
1929 3.12   2.65   2.87   3.71   4.03  -0.25  -0.87  -0.76  -1.45  -1.79  -2.14   0.32   
1930 0.57   0.36   2.79  -0.60  -0.06  -0.40  -0.41  -0.31  -0.93  -1.59  -1.95  -2.22   
1931 -1.92  -2.22  -2.34  -2.48   0.05   1.03   1.95   1.70   2.04   2.74  -1.25  -1.01   
1932 -0.83  -1.11   0.78   1.07  -0.32  -1.21   0.01   0.09   2.61   2.63   2.78  -0.70   
1933 -0.85  -0.78   0.12   0.77  -0.12  -0.05  -0.74  -1.02   0.16   0.81   0.43   0.55   
1934 0.62   0.67   0.30   1.29  -0.84  -0.17  -0.24  -0.56  -0.82  -0.89  -1.12  -1.17   
1935 1.58  -0.21  -0.81   0.60   0.31   0.93  -0.45  -1.19  -0.99  -2.02  -1.68  -2.09   
1936 1.64   1.65   3.64   3.90   4.41   3.73   3.48   3.02   2.53   3.08  -0.62   0.54   
1937 0.69  -0.01  -0.07  -0.86  -0.48  -0.30  -0.89  -1.36  -1.85   0.89   0.91   0.20   
1938 0.58   0.68   0.26   0.10   0.69   1.01   2.17   2.50   2.98  -0.23  -0.72  -0.02   
1939 -0.63  -0.33  -0.65  -0.07  -0.49  -0.83   0.16   0.32   0.56   1.47  -1.30  -0.85   
1940 -1.49  -1.86   0.67   2.05   1.60   2.51  -0.44  -1.25  -0.87  -1.40   0.92   0.90   
1941 -0.31  -0.89  -0.72  -1.76  -1.94  -2.13   0.12   0.57   0.30   0.77  -0.29  -0.35   
1942 -0.75   0.08   1.01  -0.72  -1.20   0.59  -0.57  -0.51  -0.61  -1.19  -1.54  -1.37   
1943 -2.07   0.10   0.14   0.19   0.01   0.79   0.52   0.77   0.22   1.05   1.58  -1.11   
1944 -2.00  -1.96  -1.79  -2.02  -2.96  -2.73  -2.80  -3.33   0.49   1.00   0.92   0.65   
1945 1.37   1.18   0.63   1.00   1.76  -0.35  -0.04  -0.81   0.43   0.76   0.73  -0.36   
1946 -0.32  -0.26  -0.92  -0.60  -0.45  -1.24  -1.55  -1.25  -1.59  -2.12  -2.02   0.20   
1947 0.11   1.08   1.35   1.33   2.16   2.45   2.95  -0.63  -0.94  -2.42  -2.30  -2.97   
1948 -3.08  -3.44  -3.04  -2.80  -1.41  -1.62  -2.07  -2.53  -3.48  -3.11  -2.16  -2.00   
1949 -1.55  -1.50  -1.46  -1.77  -1.68  -2.07  -2.27  -2.52  -2.15  -2.65  -2.18  -2.43   
1950 -1.76  -1.57  -1.12  -0.72  -1.85  -1.20  -1.44  -0.92  -1.69  -2.03   2.01   2.95   
1951 2.81   3.52   3.25   3.87   3.29   2.47   3.39   3.72   2.92   2.52   3.11   3.21   
1952 2.84   3.36  -0.70  -1.01   0.16   0.82  -1.50  -2.44  -3.08  -2.99  -3.90   0.24   
1953 0.45   0.46   2.14   2.24  -0.44  -1.18  -1.21  -1.70  -2.32  -2.41  -2.50   0.32   
1954 0.15   0.83   0.50   0.86   1.48   2.52   2.89   3.82   5.50   5.92   5.18   5.49   
1955 4.51   5.48   5.79  -0.82  -0.68  -1.46  -1.96  -1.56  -2.37  -3.34  -4.18  -4.94   
1956 -3.88  -3.75  -3.51  -3.04  -2.65  -2.59  -2.09  -1.76  -1.66  -1.83  -1.99  -2.31   
1957 -2.69  -2.73  -2.97  -3.08  -3.27  -3.36  -2.79  -3.08  -2.94  -3.30   0.37   1.40   
1958 2.40   2.38   2.13   1.77   1.26   1.24   1.80   2.43   1.97   2.41  -0.33  -1.23   
1959 -1.05  -1.33  -0.96  -1.30  -2.21  -0.71  -1.86  -1.08  -1.82   0.67   1.64   1.31   
1960 1.36   2.42  -0.28  -0.18  -0.48   0.31   0.58  -0.77  -1.06  -0.74  -0.98   0.42   
1961 0.07   0.32   0.24   0.95   1.99  -0.15  -0.10  -0.15   0.37  -0.42  -0.51  -0.67   
1962 -0.97  -1.44  -2.13  -1.62  -1.72  -2.00   1.22   1.73   1.63   1.77   2.28   2.36   
1963 -0.09  -0.08  -0.27  -0.35  -0.42  -1.53   0.08   1.69   1.90   1.66   2.98  -0.81   
1964 -0.83  -1.59  -1.59  -1.59  -1.83  -2.18  -1.40  -1.28  -1.80  -1.63  -1.91  -1.66   
1965 -2.12  -1.77  -2.77  -2.96  -3.08  -3.62  -3.32  -2.75  -2.42  -1.94  -1.44  -2.05   
1966 -1.65  -1.79  -1.48  -2.43  -2.36  -2.52  -1.84  -2.13  -2.13  -1.80  -1.15  -1.31   
1967 -1.51  -1.58  -2.42  -2.83   0.99   0.91   0.86   0.96   2.16   0.05  -0.21   0.28   
1968 -0.18  -0.69  -0.33  -0.78  -1.09  -1.02  -1.51  -2.07  -3.14  -3.49   0.10   0.74   
1969 0.76   1.48   1.03   0.98   1.07   1.04   1.22   1.20   2.16   1.36   2.41   3.63   
1970 -1.09   0.84   0.49   0.62   0.90  -0.17  -0.62  -0.89  -0.81  -0.34  -0.90  -0.75   
1971 -1.08   0.57   0.97  -0.47  -0.62  -1.36  -1.71  -1.31  -1.83  -2.31  -2.52  -2.61   
1972 -2.98   0.25   1.23   0.81   0.37   1.31   2.13   1.70   1.51   1.75   1.64   2.32   
1973 2.41   2.34   1.89   2.61   3.36   2.99   2.93   2.83   2.66   2.10   1.60   3.66   
1974 3.11   2.44   2.57   3.27   3.85  -0.18   0.20  -0.22   0.00  -0.55  -0.21  -0.43   
1975 -0.45  -0.89  -0.79  -0.81  -1.19  -1.12  -1.19  -2.07  -1.83  -2.06  -1.95   0.36   
1976 0.76   1.39   1.27   1.45   2.20   1.82   3.16   4.08   3.75   4.58   3.58   3.53   
1977 3.15   2.97   2.74   2.18   1.14   2.71   1.51   1.94   2.45   3.30   2.52   2.62   
1978 3.93  -0.90  -0.93  -0.73  -1.48  -1.16  -1.09  -1.73  -1.96  -2.20  -2.86  -2.86   
1979 1.69   1.42   1.83   2.02   2.48  -0.56  -1.20  -0.67  -0.59  -0.62  -0.95  -1.16   
1980 -1.65  -2.34  -1.90  -1.89  -2.50  -2.73  -1.92  -2.18  -1.57  -1.26  -1.18  -1.41   
1981 -1.89  -1.52  -1.67  -1.87   0.05   0.13  -0.27   1.08   2.29   3.51  -0.37   0.25   
1982 0.23   0.29   0.07   0.24  -1.09  -1.12  -1.78  -1.15  -1.10  -1.88   0.52  -0.47   
1983 0.18   0.06   0.70   1.83   2.46  -0.95  -0.55  -0.93  -1.33  -1.82   1.94   2.63   
1984 1.72   2.00   2.28   1.50   2.86   3.78   3.62  -0.65  -1.46  -2.20  -2.83  -2.71   
1985 -3.37  -2.86  -2.89  -3.21  -2.96  -2.33  -1.56  -1.75  -1.68  -1.97  -1.62  -2.13   
1986 -0.75  -1.44  -1.34  -2.06   0.14   0.06   0.29   1.43   1.84  -0.46  -0.46  -1.00   
1987 -1.03  -2.03  -2.32  -2.23  -2.32  -1.77  -2.02  -2.61  -1.90  -1.63  -2.10  -1.87   
1988 -2.00  -1.83  -2.50  -2.45  -2.89  -3.25  -2.99  -1.83  -2.30  -1.86  -1.25  -2.08   
1989 -2.43  -2.63  -2.81   0.00   0.87   0.50   0.05   0.65   0.78  -0.48  -0.01  -0.69   
1990 -0.08  -0.30  -0.80  -0.84   0.48   0.77   0.54   1.12   1.15   3.16   3.02   3.32   
1991 2.80   1.85   2.72   0.04   0.04  -0.62  -1.68   1.41   1.75   2.22  -0.41  -0.93   
1992 -0.56  -0.44  -0.28  -0.56  -1.43   0.51   0.97   1.23   0.87   1.18  -0.48  -1.21   
1993 -1.43   0.23   0.01   1.07   0.79   1.33  -0.49  -0.85   0.50   1.10   0.84   1.30   
1994 1.77   1.02   1.08   1.64   1.96   2.09   2.14  -0.51  -0.42  -1.31  -1.30  -1.61   
1995 -0.64  -0.64  -0.88  -1.04  -0.61  -1.44  -1.64  -2.33  -2.73   0.71   1.64   1.12   
1996 1.92   2.43   1.64   2.18   2.82   2.94   4.53   3.52   3.54   3.46   2.29   2.64   
1997 2.95   2.81   2.54   1.91   2.60   2.21   1.77   2.15  -0.20  -0.86  -0.92  -1.12   
1998 0.99   1.17   1.33  -0.19  -0.75   0.95   1.71  -0.15  -0.15   0.00  -0.54  -1.09   
1999 0.99   0.45   1.31  -1.04  -1.64  -1.81  -1.98  -2.08   2.03   2.51   2.02   1.54   
2000 1.63   1.80   1.74   2.83   3.39  -0.25   0.24  -0.34  -0.86  -1.07  -1.54  -1.01   
2001 -1.67  -1.36  -1.12  -2.04  -2.50  -2.56  -2.05  -2.88  -2.71  -3.28  -4.14  -4.51   
2002 -4.36  -3.63  -3.14  -2.40  -2.01  -1.49  -0.78  -1.94  -1.90  -2.00  -1.87  -2.14   
2003 -2.73  -2.45  -2.13  -2.34   0.18   0.05   0.29   0.37   0.13   1.60   1.69   2.86   
2004 -0.81  -1.43  -2.00  -1.91  -1.78  -1.65   0.65   1.54  -0.20  -0.44   0.10   0.48   
2005 -0.43  -0.50   0.53   2.12   2.68   2.21   2.23   2.12   2.88   5.06   5.54   6.04   
2006 5.95   5.32   3.92   2.94   3.41   3.83   3.74   3.70   3.08   4.40   4.07   3.42   
2007 2.85   2.38   2.70   3.78   3.39   2.81   2.76   2.92   2.05   2.04   3.53   3.49   
2008 3.07   3.85   4.35   4.16   3.13   4.47   4.49   4.81   4.81   4.96   4.94   5.25   
2009 4.56   4.10   3.38   2.88   2.90   3.56   4.61  -0.30  -1.03   0.74   0.88   0.94   
2010 0.63   0.36   0.92  -0.33  -1.00  -0.02  -0.56  -1.34   0.66   1.68   1.99   3.11   
2011 2.18   2.07   2.75   3.01   3.77   4.09   3.82   5.48   5.38   5.19   3.92   3.46   
2012 3.20   2.49   1.71   1.82   1.77   3.56   2.20   1.95   1.95   2.84   1.50   2.42   
2013 1.51   1.69 -99.99 -99.99 -99.99 -99.99 -99.99 -99.99 -99.99 -99.99 -99.99 -99.99   
