1895 0.61  -0.57   0.03   0.84   0.65   0.64   0.75  -0.69  -1.05  -1.05  -1.53  -1.91   
1896 -2.21   1.34   1.60  -0.81  -1.11  -0.78  -0.55  -1.25  -1.16  -1.30  -1.45  -2.09   
1897 -2.36   1.28   0.79   0.65   0.82   0.64   1.81   1.62   1.17   1.78   2.10   2.10   
1898 -0.05  -0.58  -0.94  -0.73  -0.44  -0.84  -0.81  -0.47  -0.80   0.18   0.71   0.93   
1899 0.92   2.23   2.52  -0.62  -0.79  -1.22  -1.14  -1.09  -0.86  -0.66  -0.88  -1.21   
1900 -1.28   0.82   0.78  -0.32  -0.63  -0.16  -0.53  -1.15  -1.31  -1.75  -2.12  -2.41   
1901 -2.34  -2.95  -2.75   0.77   0.82   0.45   1.07   1.36  -0.20  -0.54  -0.56   1.21   
1902 1.24   2.02   1.75   1.84  -0.59   0.56  -0.19  -0.81   1.24   2.13   2.08   2.95   
1903 2.97   3.66   3.81   3.57   2.72   2.92   3.37   3.42   3.22   3.88  -0.37  -0.16   
1904 -0.50  -0.86  -1.00  -1.13  -1.58   0.27   1.06   0.58   0.79   0.86   0.68   1.09   
1905 1.20   1.41  -0.35  -0.43  -0.70   0.26   1.83   2.10   2.33   2.06   1.38   1.81   
1906 1.48   1.49   2.13   1.56   1.09   1.97   2.64   3.81   2.64   2.86   2.35   2.50   
1907 1.85   1.54   0.98   1.13   1.73   2.49   2.34   2.27   3.03   3.09   3.99   4.01   
1908 3.72   3.92  -0.77  -1.08   0.74   0.20   0.47   0.80   0.74  -0.32  -0.87  -0.65   
1909 -0.83  -0.76   0.13   0.28   0.21   0.62  -0.55  -0.74  -0.59  -0.91  -1.35  -1.13   
1910 -0.72  -1.13  -1.66  -1.30  -1.46   0.96  -0.27  -0.52  -1.56  -1.07  -1.10  -1.01   
1911 -0.65  -1.00  -1.06  -0.76  -1.78  -1.66  -1.93   1.46   0.85   0.72   1.55   1.59   
1912 1.34   1.19   2.35  -0.34   0.01   0.02   0.49  -0.51   0.47  -0.48  -0.68  -0.27   
1913 -0.60  -1.13  -1.12   0.54   0.61  -0.38  -0.94  -0.99  -1.04  -0.72  -1.23  -1.56   
1914 -1.25  -1.14  -1.19  -1.04  -1.62  -1.48  -1.65  -1.50  -2.11  -2.69  -3.04   0.27   
1915 1.23   1.76  -0.67  -1.20   0.07   0.77   0.43   1.56  -0.67  -0.11  -0.60  -0.48   
1916 -1.17   0.26   0.30  -0.24  -0.27   0.68   1.56  -0.50  -0.32  -0.64  -0.85   0.38   
1917 0.22   0.00   0.93   0.56   0.53   0.69   1.92   1.32   1.28   2.51  -0.54  -0.74   
1918 -0.15  -0.88  -0.81  -0.15  -0.42  -0.69  -0.67  -1.26  -0.99  -1.90  -2.58  -2.61   
1919 0.15   0.04   0.18   0.40   0.85   0.47   2.05   2.65   2.37   1.98   1.87   1.80   
1920 1.36   2.22   1.95   2.07   1.56   2.06   2.42   3.28   2.89   1.97   2.57   2.49   
1921 -0.35  -0.24  -1.11  -1.17  -0.80  -1.02  -0.76  -0.82  -1.35  -2.06  -1.85  -2.00   
1922 0.45   0.67   0.87  -0.52  -0.95   0.45   1.57   1.45   1.37  -0.48  -1.21   0.15   
1923 0.48   0.51   1.07   1.35  -0.61  -0.90  -0.43  -0.77  -0.74  -0.63  -0.67  -0.71   
1924 0.27   0.63   1.28   2.02   2.54   2.98   2.36   2.10   2.53  -0.60  -0.80  -0.81   
1925 0.74  -0.67  -1.19  -1.34  -1.74  -2.25  -1.81  -2.07  -2.86   0.77   0.80   0.49   
1926 0.44   0.87  -0.33  -0.73  -1.03  -1.07   1.01   1.53   1.89   1.85   2.09   2.07   
1927 -0.76  -0.38  -1.10   0.19   0.05   0.26   0.31   0.44  -0.48   0.57   0.48   0.73   
1928 0.43   0.36   0.04   1.03   0.55   1.14   1.20   2.80   3.58  -0.42  -0.74  -0.92   
1929 -1.08   0.63   0.30   1.33  -0.37   0.00  -0.66  -1.05   0.10   0.57  -0.17  -0.28   
1930 -0.34  -0.82  -1.36  -1.54  -1.85  -1.92  -2.54  -3.30  -3.75  -4.14  -4.47  -4.82   
1931 -5.27  -5.43   0.53   0.43   0.63   0.83   0.34   2.08   1.54   1.43   0.57   0.09   
1932 0.38   0.27   1.25   0.83   1.02   1.53  -0.12  -0.54  -1.09   0.80   1.43   1.47   
1933 1.21   1.20   0.64   1.00   1.29   0.85   1.17   2.42  -0.33  -0.64  -0.97  -0.64   
1934 -1.27   0.41   1.00   0.71   1.45  -0.30  -0.74  -0.95   1.07   0.92   1.07   0.59   
1935 1.12   1.18   0.78   0.96   0.73   1.56   1.71   1.47   5.50   4.92   5.17   4.42   
1936 5.30   5.46   5.18   4.75  -0.71  -0.50  -0.71  -0.77  -1.04  -1.16  -1.91   0.19   
1937 1.84   1.52   0.90   1.54   1.54   1.96   1.98   1.97   1.57   2.34   2.39  -0.61   
1938 -0.93  -0.78  -1.12  -1.75   0.50   0.79   2.62   1.54   2.33   2.03   1.79   1.84   
1939 1.67   2.52   2.37   2.76  -1.00  -1.26  -1.58   0.30   0.25   1.08  -0.36  -0.81   
1940 -0.77  -0.81   0.17   0.94   0.92  -0.76  -1.30   0.36   0.97   1.09   1.57  -0.41   
1941 -0.55  -0.90  -1.18  -1.16  -1.68   0.42   1.25   0.03  -1.03  -1.60  -2.25  -2.17   
1942 -1.88  -2.07  -1.07  -2.08  -2.51  -2.45  -2.23  -1.34  -1.43  -0.83  -1.08  -0.81   
1943 -1.05  -1.05  -0.81  -0.75  -0.77  -1.34  -2.07  -3.20  -3.55  -2.69  -2.75  -3.01   
1944 -2.74  -2.54  -1.56  -0.88  -1.59  -1.87  -1.67  -1.83  -1.62  -1.59  -1.08  -0.96   
1945 -0.65  -0.69  -1.89  -1.79   1.09   1.65   4.75   3.90   3.63   3.03   2.66   3.67   
1946 -0.70  -1.16  -1.91  -1.90   0.41   1.10   1.13   1.15  -0.09  -0.45  -1.02  -1.41   
1947 -0.84  -1.45  -1.77  -1.66  -1.02  -0.61  -0.60  -1.21  -1.20  -1.99   0.58   0.16   
1948 1.15   0.83   0.84   0.66   1.89   2.04   2.39   2.99   2.52   2.58   3.45   3.86   
1949 3.95  -0.05  -0.26  -0.56  -0.58  -1.23  -1.67  -1.85  -1.82  -1.75  -2.14  -2.82   
1950 -3.52  -3.47  -2.88  -2.87  -2.27  -2.20  -1.88  -1.93  -0.65  -0.99  -0.86  -0.99   
1951 -1.56  -1.73  -1.91  -1.68  -1.88  -1.37  -1.33  -1.74  -1.49  -1.68   0.70   1.25   
1952 1.67   1.24   1.64   2.56   2.25   1.52   0.92   1.66   1.51   0.94   1.72   1.88   
1953 1.88   1.50   1.82   1.80   2.09  -0.44  -0.96  -0.65  -1.20  -0.97  -1.28  -1.25   
1954 -1.28  -1.81  -1.60  -1.26  -1.41  -2.06  -2.40  -2.51  -2.92  -3.28  -3.14  -3.13   
1955 -3.81  -3.32  -2.96  -2.93  -3.15   0.62   0.10   2.22   2.11   2.09  -0.10  -0.87   
1956 -1.19  -1.04  -0.78  -0.96  -1.13   0.04   0.90   0.39   0.14   0.63   2.23   2.09   
1957 1.68   1.85  -0.05  -0.83  -1.70  -1.86  -2.80  -3.02   0.21   0.57   0.83   1.76   
1958 1.73   2.01   2.89   3.21   3.18   3.10   3.15   4.27   3.76   3.80  -0.16  -0.26   
1959 -0.83  -1.27  -1.25  -1.15  -1.88  -2.44   1.15   1.64   0.86   1.31   2.18   2.23   
1960 1.71   1.69   1.27   0.79   1.36   0.89   2.12   1.57   3.04   3.45   2.71   2.59   
1961 2.41   3.22   3.01   2.88   3.02   3.29  -0.28  -0.71  -1.86  -1.21  -1.69   0.34   
1962 0.32   0.92   0.92   1.32  -0.81  -0.65  -1.22  -1.92  -2.02  -2.58  -1.71  -1.35   
1963 -1.57  -1.81  -0.74  -1.52  -1.61  -0.79  -1.34  -1.89  -1.18  -2.18   0.86   0.58   
1964 0.80   1.44   0.99   1.53  -1.15  -1.54  -1.04  -1.75  -1.41  -1.45  -1.80  -1.63   
1965 -1.45  -1.60  -1.20  -1.17  -2.12  -2.14  -1.93  -1.13  -1.30  -1.76  -2.58  -3.61   
1966 -3.35  -2.77  -3.25  -2.41  -2.30  -2.15  -2.38  -3.09  -2.14  -0.95  -1.48  -1.12   
1967 -1.90  -1.55  -1.87  -2.36   0.51   0.75   0.72   2.72   2.39   1.89   1.50   2.17   
1968 -0.26  -1.13  -0.73  -1.42  -1.16  -0.89  -1.31  -1.68  -2.14  -2.50  -2.42  -2.73   
1969 -2.90  -2.71  -2.55  -2.42  -2.48  -2.93   0.33   1.28   1.28   0.85   0.35   2.01   
1970 -0.56  -0.81   0.26   0.42   0.09   0.41   0.72  -0.47  -1.22  -1.87  -1.90  -1.73   
1971 -1.70   1.12  -0.40  -0.69   0.70  -0.49  -0.84   1.06   0.62   1.91   2.01   1.36   
1972 1.21   2.40   1.66   1.79   1.82   3.51   2.81   2.21   1.83   2.18   3.02   3.34   
1973 0.00   0.03  -0.53  -0.33  -0.50  -1.04  -1.48  -0.99  -1.11  -1.31  -1.91  -1.39   
1974 -1.31  -1.70  -1.29  -1.86  -1.45  -0.64  -1.38  -0.97  -0.91  -1.24  -1.96   0.25   
1975 0.87   0.60   1.21   1.38   1.23   1.90   2.90   2.35   3.42   3.38   3.17   2.78   
1976 3.44  -0.81  -1.33  -2.15  -2.21  -2.96  -3.26  -3.46  -3.43  -1.71  -1.84  -1.66   
1977 -1.82  -2.36  -3.04  -3.24  -3.45  -3.13  -3.35  -3.57   0.34   0.65   1.40   2.40   
1978 3.60   2.48   3.31   2.71   3.11   2.62   2.83   2.62  -0.83  -1.44  -1.65   0.02   
1979 1.32   3.04   2.52   2.23   2.24   2.17   2.50   3.37   3.86   4.26   4.16  -0.45   
1980 -0.49  -1.07   0.69   1.00  -0.76  -1.25  -1.27  -1.65  -1.45  -0.73  -0.68  -1.43   
1981 -2.34  -1.94  -2.39  -1.88  -1.21  -1.02  -0.85  -1.38  -1.23  -1.29  -2.16   0.02   
1982 0.04   0.46   0.15   0.97   0.31   1.13   1.25  -0.46  -0.97  -1.44  -0.91  -0.93   
1983 -1.54  -0.03   0.74   2.38   2.85   2.79   1.61   1.05   0.91   0.66   1.00   2.46   
1984 1.98   1.98   2.97   3.12   4.16   3.49   3.65  -0.26  -0.95  -1.35  -1.43  -2.26   
1985 -2.19  -1.90  -2.62  -3.61  -3.17  -2.96  -3.00  -2.51  -1.29  -1.39  -1.10  -1.66   
1986 -1.23  -1.00  -1.61  -2.24  -3.13  -3.74  -4.31  -3.85  -4.60  -4.58  -4.34  -2.76   
1987 -1.21  -1.43  -1.86  -2.02  -2.20  -2.67  -3.25  -4.12  -4.35  -4.48  -4.19  -4.25   
1988 -3.64  -2.81  -2.95  -2.79  -2.73  -3.53  -3.47  -3.63  -3.69  -3.65  -2.57  -3.12   
1989 -3.15   0.21   0.85   1.62   2.18   3.79   4.29   3.58   3.79   3.70   3.21   2.44   
1990 2.25   1.55   1.20   1.43   2.86  -0.59  -0.72  -0.44  -0.82  -0.81  -1.63  -1.48   
1991 -0.83  -1.51  -1.12  -1.27  -2.10  -2.49  -2.61  -2.69  -2.56  -2.61  -3.46  -3.14   
1992 -3.61  -3.22  -1.88  -2.27  -2.42  -2.36  -2.35   0.37   0.76   0.48   0.35   0.78   
1993 0.41   0.36   1.54   1.46  -0.33  -0.48  -1.63  -1.88  -2.31  -2.31  -2.45  -2.32   
1994 0.41   1.69   3.61  -0.42  -0.71  -1.08  -0.40  -0.43  -0.71  -1.46  -1.65  -2.42   
1995 -1.94  -2.01  -2.32  -2.32  -1.68  -1.21  -1.47  -2.37  -2.61   0.50   0.90   0.64   
1996 0.50   0.33   0.28   0.56   0.91   1.02   1.95   1.57   1.78   2.61   2.13   2.99   
1997 2.30   2.27   2.34   2.30  -0.54  -0.47  -0.94  -0.72  -1.24  -1.52   0.93   0.67   
1998 1.91   2.91   3.05   2.74   2.15   2.43  -0.82  -1.36  -2.36  -2.64  -3.48  -3.61   
1999 -2.71  -2.67  -2.23  -2.32  -3.10  -3.47  -3.36  -3.27   2.71   2.83   2.09   1.65   
2000 1.74   0.95   1.42   1.50   0.81   1.02   2.48   2.23   2.23  -0.93  -1.04  -1.17   
2001 -1.03  -1.16   0.66  -0.78   0.36   0.97   1.27   1.65  -0.38  -1.01  -2.06  -2.81   
2002 -3.10  -3.88  -3.35  -3.00  -3.29  -3.68  -4.53  -5.21  -4.72   0.93   1.39   1.49   
2003 0.73   2.75   2.43   2.01   2.82   3.68   4.59   4.66   5.28   5.37   5.63   5.68   
2004 4.60   3.69   2.65   3.78   2.87   2.21   2.26   2.67   2.44   1.86   2.06   1.83   
2005 1.87   1.27   1.44   1.75   1.97  -0.23  -0.23  -0.34  -1.46   1.42   1.23   1.35   
2006 0.02  -0.77  -2.04  -1.77  -2.01   3.10   2.90   1.90   3.15   4.39   4.59   3.49   
2007 3.53   2.97   2.72   3.34  -0.92  -1.07  -1.72  -1.94  -2.46  -2.48  -3.10  -3.05   
2008 -3.31  -2.99  -3.38  -2.99  -1.37  -1.13  -1.34  -2.08  -2.03  -2.60  -1.83  -0.97   
2009 -1.33  -2.30  -2.27   0.57   1.10   1.78   0.94   1.75   1.87   3.56   4.35   5.45   
2010 4.93   4.26   4.34  -1.01  -1.38  -2.05   0.80   0.53   0.52   1.90  -0.37  -0.50   
2011 -0.85  -1.13  -0.42  -0.54  -1.11  -1.20  -1.78   1.34   1.80   1.62   1.68   1.78   
2012 -0.77  -1.39  -2.54  -2.59  -3.03  -3.34  -3.39  -2.83  -3.14  -0.84  -1.41  -1.14   
2013 -1.34  -1.26 -99.99 -99.99 -99.99 -99.99 -99.99 -99.99 -99.99 -99.99 -99.99 -99.99   
