1895 0.67  -0.58  -0.57   1.09   0.99   1.12   1.15  -0.69  -1.16  -1.30  -1.87  -2.24   
1896 -2.45  -1.00  -0.56  -1.29  -1.61  -1.33  -0.71  -1.25  -0.93  -1.37  -1.46  -2.10   
1897 -2.36   1.43   0.93   0.69   1.26   0.94   1.92   1.73   1.15   1.29   1.83   1.85   
1898 -0.01  -0.59  -0.80  -0.66  -0.40  -1.04  -1.13  -0.68  -1.25   0.29   0.58   0.83   
1899 0.90   2.13   2.33  -0.54  -0.47  -0.74  -0.86  -0.86  -0.32  -0.25  -0.43  -0.81   
1900 -1.01   0.98  -0.02  -0.21  -0.73  -0.24  -0.61  -1.21  -1.17  -1.76  -2.08  -2.33   
1901 -2.20  -2.85  -2.66   1.00   1.20   1.02   1.52   1.80   1.60   1.05   1.03   2.35   
1902 2.32   3.01   2.70   2.51   1.66   1.76   1.36   0.71   1.64   2.70   2.69   3.43   
1903 3.52   4.08   4.08   4.02   3.35   3.98   4.33   4.38   3.69   3.80  -0.35  -0.38   
1904 -0.65  -1.05  -1.23  -1.37  -1.75   0.51   1.19   0.83   0.96   0.97   0.82   1.19   
1905 1.23   1.23  -0.33  -0.40  -0.70   0.31   2.00   2.13   1.80   1.36   0.70   1.24   
1906 1.10   0.93   1.49   1.17   0.58   1.28   1.91   3.13   2.05   2.66   2.12   2.30   
1907 1.74   1.50   0.98   1.32   1.74   2.70   2.41   2.46   3.14   2.87   3.80   3.81   
1908 3.65   3.90  -0.60  -1.11   0.80   0.51   0.79   1.24   1.07   0.87   0.30   0.55   
1909 0.28   0.30   0.44   0.26   0.27   0.87  -0.77  -0.85  -0.68  -1.02  -1.76  -1.69   
1910 -1.19  -1.31  -2.00   0.76   0.55   1.58  -0.41  -0.61  -1.38  -1.25  -1.47  -1.55   
1911 -1.00  -1.29  -1.40  -1.07  -2.13  -1.97  -2.43   1.35   0.84   0.63   1.19   1.30   
1912 1.03   0.92   2.10   1.45   1.51   1.69   2.01   1.45   2.10  -0.40  -0.50  -0.10   
1913 -0.41  -0.97  -0.87  -0.29  -0.01  -0.28  -0.77  -0.72  -0.99  -0.71  -1.09  -1.32   
1914 -0.90  -0.73  -0.90  -0.81  -1.53  -1.40  -1.75  -1.52  -2.04  -2.68  -2.98   0.31   
1915 1.39   1.99  -0.65  -1.34   0.01   0.81   0.53   1.65  -0.34  -0.06  -0.40  -0.29   
1916 -0.89   0.26   0.40   0.25   0.11   1.28   2.02  -0.35  -0.27  -0.61  -0.83   0.33   
1917 0.25   0.06   0.84   0.56   0.41   0.59   1.79   1.17   0.98   1.92  -0.47  -0.75   
1918 0.71  -0.66  -0.59   1.19  -0.31  -0.52  -0.65  -0.98  -0.76  -1.69  -2.33  -0.04   
1919 0.30   0.13   0.20   0.43   0.86   0.70   2.16   2.24   1.84   1.21   1.01   1.04   
1920 0.70   1.41   1.12   1.51   0.92   1.54   1.89   2.72  -0.04  -0.79  -0.28  -0.07   
1921 -0.34  -0.27  -1.14  -1.17   1.02  -0.45  -0.37  -0.52  -0.83  -1.66  -1.56  -1.69   
1922 0.60   0.83   1.04  -0.68  -0.80   0.52   1.58  -0.05  -0.12  -0.58  -1.37   0.20   
1923 0.50   0.56   0.94   1.38  -0.65  -0.91  -0.55  -0.74  -0.75  -0.84  -0.96  -1.06   
1924 0.37   0.70   1.37   2.10   3.23   3.53   2.70   2.38   2.98  -0.62  -0.81  -0.78   
1925 0.79  -0.75  -1.24  -1.42  -1.83  -2.25  -1.88  -2.14  -2.77  -1.98  -1.72  -1.77   
1926 -1.42  -0.73  -0.97  -1.32  -1.77  -1.89   0.49   1.01   1.42   1.32   2.00   2.20   
1927 -0.77  -0.29  -1.04   0.71  -0.37  -0.18  -0.16  -0.04  -0.73   0.78   0.56   0.83   
1928 0.50   0.38   0.09   1.15   0.77   1.28   1.25   2.79   3.28  -0.63  -0.96  -1.22   
1929 -1.34   0.49   0.15   1.12   0.72   1.46  -0.70  -0.98  -0.93  -0.22  -0.23  -0.40   
1930 -0.49  -0.93  -1.42  -1.43  -2.09  -2.04  -3.04  -3.75  -4.51  -4.96  -5.50  -5.71   
1931 -6.01  -6.09   0.38   0.40   0.45   0.28   0.71   2.00  -0.35  -0.66  -1.50  -1.93   
1932 0.65   0.34   1.37   1.41   1.83  -0.39  -0.48  -1.16  -1.53   0.74   1.49   1.76   
1933 1.76   1.58   1.07   1.57   2.03   1.45   2.04   3.55  -0.49  -0.70  -1.12  -0.90   
1934 -1.37   0.48   1.07   0.67   1.09   0.53   0.09   0.61   2.51   1.78   1.77   1.22   
1935 1.92   1.79   1.24   1.62   1.56   2.10   2.14   1.70   3.90   3.28   3.60   3.02   
1936 3.96   4.06  -0.01  -0.06  -0.60  -0.56  -0.73  -1.06  -1.37  -2.01  -2.87   0.19   
1937 2.16   1.94   1.21   2.26   2.01   2.47   2.40   2.58   2.06   3.12   3.62  -0.67   
1938 -0.91  -0.96  -1.32  -1.98   0.44   0.91   2.28   1.56   2.37   1.99   1.91   1.57   
1939 1.18   2.22   2.05   2.44  -0.95  -0.68  -0.65  -0.45  -0.79  -0.22  -0.59  -0.93   
1940 0.15   0.28   0.38   1.62  -0.05  -0.94  -1.33  -1.05  -1.25  -1.40  -0.93  -1.15   
1941 -1.22  -1.67  -1.84  -1.52  -2.12  -1.81  -1.01  -1.19  -2.16  -2.75  -3.62  -3.71   
1942 -3.47  -3.48  -2.09  -3.00  -3.72   0.17   0.25   0.91   0.82   2.02  -0.26  -0.11   
1943 -0.40  -0.65  -0.72  -0.68  -0.29  -0.68  -1.47  -2.54  -2.85   0.67  -0.26  -0.65   
1944 -0.60   0.10   0.89   1.15  -1.27  -1.55  -1.83   0.09   0.30   0.52   0.66   0.61   
1945 0.64  -0.04  -1.37  -1.39   0.19   1.02   4.41   3.39   3.43   2.67   2.46   3.40   
1946 -0.65  -0.81  -1.35  -1.44   1.21   0.84   0.65   1.01   1.09   0.98  -0.46  -0.57   
1947 -0.05  -0.54  -0.98  -1.13   0.12   0.61  -0.25  -0.80  -0.68  -1.43   0.96   0.46   
1948 1.30   0.95   0.83   0.56   1.43   1.24   1.29   2.59   2.30   2.71   3.17   4.05   
1949 4.07  -0.12  -0.53  -0.69   0.65  -0.51  -0.33  -0.18  -0.35  -0.49  -1.01  -1.61   
1950 -2.17  -2.23  -1.63  -2.06  -1.81  -2.14   0.17   0.14   1.65  -0.34  -0.44  -0.36   
1951 -1.04  -1.11  -1.31  -1.07  -1.41   0.79   1.03   1.14  -0.20  -0.67   0.75   1.37   
1952 1.75   1.30   1.51   2.53   0.04  -0.52  -1.08  -0.89  -0.48  -0.96   0.83   0.78   
1953 0.94   0.67   1.29   1.14   1.42  -0.51  -1.09  -1.09  -1.47  -1.43  -1.78  -1.78   
1954 -1.49  -2.11  -2.16  -2.16  -2.18  -2.70  -3.31  -3.16  -3.87  -3.85  -3.94  -3.76   
1955 -4.36  -3.85  -3.39  -2.94  -3.07   0.69   0.02   2.51   2.08   2.18  -0.14  -0.92   
1956 -1.21  -1.15  -1.09  -1.23  -1.50  -0.05   0.89   0.24   0.34   0.94   1.34  -0.23   
1957 -0.29  -0.04  -0.19  -0.76  -1.78  -1.80  -2.49   0.22   0.10   0.45   0.86   1.97   
1958 1.88   2.36   3.12   3.28   3.00   3.04   3.19   4.31  -0.19   0.17   0.10   0.19   
1959 -0.55  -1.02  -1.23  -1.16  -1.89  -2.25   1.20  -0.40  -1.27   0.23   0.62   0.70   
1960 0.44   0.68   0.52   0.31   1.30   1.07   1.42   1.08   2.20   2.36   1.88   1.68   
1961 1.63   2.61   2.36   2.34   2.29   2.64  -0.04  -0.46  -1.35  -1.31  -1.91   0.16   
1962 -0.17   0.78   0.84   1.27  -0.80  -0.53  -1.00  -1.81  -1.84  -2.16  -0.97  -0.66   
1963 -1.11  -1.49  -0.63  -1.55  -1.81  -1.04  -1.79  -2.53  -2.16  -3.17   0.71   0.46   
1964 0.74   1.42   0.94   1.30  -1.07  -1.30  -1.79  -2.29  -1.92  -1.72  -2.00  -1.63   
1965 -1.49  -1.39  -0.86  -0.92  -1.90  -1.59  -1.58  -1.33  -1.61  -2.01  -3.03  -4.31   
1966 -4.14  -3.63  -4.13  -3.55  -3.42  -3.54  -3.85  -4.49  -2.94  -1.92  -1.97  -1.70   
1967 -2.44  -2.28  -2.37  -3.03  -2.28  -2.38  -2.23  -1.35  -1.82  -2.21  -2.33  -1.31   
1968 -1.22  -2.01  -1.45  -1.99  -1.93  -1.34  -1.76  -1.87  -1.85  -2.07  -1.79  -1.98   
1969 -2.24  -2.21  -2.21  -2.34  -2.55  -2.98   1.21   1.89  -0.24  -0.73  -1.03   1.48   
1970 -0.60   0.06   0.23   0.62  -0.43  -0.67  -0.51  -1.03  -1.59  -2.10   0.21   0.30   
1971 0.27   1.01  -0.37  -0.51   1.53  -0.52  -0.81   0.61   0.10   1.46   1.71   0.88   
1972 0.71   1.99   1.51   1.73   2.02   4.26   3.62   2.93   2.43   2.34   3.23   3.46   
1973 2.92   2.91  -0.34   0.43  -0.27  -0.73  -1.54  -0.96  -1.49  -1.85  -2.71  -2.52   
1974 -2.27  -2.66  -1.95  -2.43  -2.20  -1.64  -2.23  -2.09  -1.41  -1.85  -2.35   0.14   
1975 0.21  -0.21   0.55   0.33   0.44   1.16   2.22   1.94   3.19   2.96   2.39   2.23   
1976 2.82  -0.86  -1.19  -2.03  -1.71  -2.42  -2.61  -2.78   0.50   1.70  -0.27  -0.31   
1977 -0.70  -1.45  -2.07  -2.48  -2.68  -2.13  -2.26  -2.59  -2.91   0.64   1.15   2.11   
1978 3.57   2.37   2.97   2.56   3.20   2.92   2.91  -0.10  -1.04  -1.80  -2.00   0.17   
1979 1.41   2.78   2.13   1.72   1.61   1.86   2.51   3.57   4.71   4.89   4.75  -0.57   
1980 -0.39  -0.91  -0.04  -0.07  -0.39  -0.98  -1.10  -1.78  -2.17  -1.47  -1.36  -2.08   
1981 -2.90  -2.17  -2.69  -2.21  -1.51  -1.21  -0.85  -1.47  -1.54  -1.37  -2.20  -2.16   
1982 -2.18   0.37   0.42   0.86   0.32   1.29  -0.15  -0.50  -0.40  -0.74  -0.35  -0.47   
1983 -0.90  -0.90   0.73   2.46   2.63   2.46  -0.87  -1.61  -1.55   0.36   0.71   1.88   
1984 1.22   1.35   2.95   3.12   4.04  -0.52  -0.40  -0.48  -1.01  -0.90  -0.87  -1.46   
1985 -1.40  -1.00  -1.66  -2.79  -2.54  -2.75  -2.69   0.44   1.17   1.55   2.46  -0.82   
1986 -0.98  -0.74  -1.67  -2.28  -2.92  -3.45  -3.55  -2.66  -3.21  -3.36   0.04   1.38   
1987 2.10  -0.41  -0.86  -0.43  -0.48  -0.70  -1.56  -2.29   0.63   0.32   0.36   0.41   
1988 0.46   0.86  -0.30  -0.36  -0.36  -1.16  -1.18  -1.66  -1.95  -2.12  -1.30  -1.92   
1989 -2.12   0.09   0.72   1.08   1.80   2.86   3.46   2.46   3.12   3.58   3.21   2.58   
1990 2.63   1.76   1.31   1.54   2.55   2.84   2.65   3.27  -0.42  -0.31  -0.75  -0.32   
1991 -0.32  -1.14  -0.71  -1.32  -2.06  -2.57  -3.05  -3.31  -3.20  -3.23  -3.99  -3.36   
1992 -3.59  -3.43   0.59  -0.60   0.14   0.18   0.89   1.05   2.08   1.87   1.83   2.02   
1993 1.63   1.41   2.85   3.00  -0.14  -0.15  -1.16  -1.50  -1.38  -1.43   0.05   0.33   
1994 0.70   1.83   4.01   2.93   2.03   1.82   2.49   2.68   3.20  -0.48  -0.62  -1.22   
1995 -0.91  -1.17  -1.61  -1.65  -1.48  -1.01  -1.07  -2.03  -2.28   1.50   2.18   1.88   
1996 2.50   2.15   2.13   1.55   1.84   1.79   2.56   2.34   2.42   2.94   2.87   3.64   
1997 -0.44  -0.56  -0.22  -0.19  -0.83  -0.61  -0.82  -0.69  -1.08  -1.15   0.95   0.61   
1998 1.67   3.08   3.65   3.20   2.89   3.84  -0.84  -1.63  -2.58  -3.17  -3.97  -4.60   
1999 -3.89  -3.79  -2.93  -2.71  -3.46  -3.65  -4.23   0.37   2.52   2.65   1.90   1.42   
2000 1.83   1.04   1.11   1.34   0.83   0.89   2.56   2.71   3.10   1.92   1.62   2.15   
2001 1.73   1.28   1.72   0.83   1.64   2.09   3.18   3.28  -0.06  -0.64  -1.38  -1.93   
2002 -2.19  -2.97  -2.37  -2.46  -2.83  -2.73  -3.44  -3.93  -4.25   1.05   1.54   2.05   
2003 1.41   3.19   3.12   2.61   3.48   4.16   4.32   4.11   5.04   4.90   5.21   5.28   
2004 4.29   3.61   2.50   2.95   2.28   2.68   3.21   3.35   3.33   2.65   3.22   2.79   
2005 2.52   2.02   2.23   2.03   2.47  -0.12  -0.62  -0.50  -1.60   1.08   0.98   1.20   
2006 -0.15  -0.68  -1.94  -1.88  -2.32   1.16  -0.13  -1.08   2.62   3.23   3.82  -0.71   
2007 -0.54  -0.20  -0.41  -0.20  -1.09  -1.90  -2.71  -3.24  -3.79  -3.32  -3.69  -3.78   
2008 -4.19  -3.75  -3.76   0.12   2.45   3.30  -0.72  -1.59  -1.50  -2.18  -2.22  -1.27   
2009 -1.45  -2.36  -2.32   0.25   0.87   1.09   0.38   0.72   0.67   1.92   3.18   5.01   
2010 4.30   4.31   4.24  -0.78  -1.40  -2.38  -3.34  -3.28   1.03   2.13  -0.17  -0.12   
2011 -0.33  -1.11   0.80   0.68   0.25   0.46   0.09   2.12   2.83  -0.27   0.17   0.31   
2012 -0.74  -1.12  -1.65  -1.73  -2.21  -2.64  -3.45  -2.82  -2.90  -0.92  -1.36  -0.81   
2013 -0.82  -1.17 -99.99 -99.99 -99.99 -99.99 -99.99 -99.99 -99.99 -99.99 -99.99 -99.99   
