1895 0.52  -0.57  -0.61   0.70  -0.22  -0.17  -0.22  -0.96  -1.51  -1.61  -2.31  -2.65   
1896 -3.02  -1.50  -0.97  -1.72  -2.07  -1.73  -1.15  -1.79  -1.46  -1.90  -2.18  -2.93   
1897 -3.23   1.08   0.60   0.49   0.77   0.49   1.57   1.41   0.89   1.04   1.62   1.66   
1898 1.65  -0.40  -0.55  -0.66  -0.46  -1.02  -1.37  -0.90  -1.44   0.33   0.73   0.86   
1899 0.87   1.94   2.12  -0.68  -0.85  -1.32  -1.43  -1.39  -0.95  -0.92  -1.20  -1.56   
1900 -1.65  -0.70  -0.63  -1.10  -1.44  -0.98  -1.15  -1.65  -1.81  -2.33  -2.70  -2.94   
1901 -2.84  -3.32  -3.04   0.87   0.88   0.43   0.64   0.98   0.77   0.22   0.00   1.22   
1902 1.32   1.93   1.80   1.80   0.96   1.38   1.31   0.62   1.42   2.39   2.20   3.14   
1903 3.20   3.77   3.76   3.57   2.67   3.00   3.40   3.58   3.06   3.12  -0.41  -0.42   
1904 -0.62  -0.95  -1.05  -1.17  -1.58   0.28   0.83  -0.28  -0.17  -0.15  -0.55   0.17   
1905 0.46   0.54  -0.24  -0.39  -0.84   0.23   1.37   1.70   1.60  -0.26  -0.74   0.39   
1906 0.13   0.21   0.87   0.66   0.21   1.15   1.59   2.86   2.02   2.73   2.10   2.32   
1907 2.04   1.71   1.28   1.29   1.63   2.38   2.29   2.22   2.89   2.62   3.54   3.58   
1908 3.26   3.51  -0.44  -0.88  -0.12  -0.66  -0.44  -0.07  -0.38  -0.52  -1.37  -1.41   
1909 -1.42   0.10   0.24   0.29   0.09   0.51  -0.66  -0.91  -0.89  -1.21  -2.02  -1.88   
1910 -1.21  -1.38  -2.16   0.52   0.19   1.10  -0.50  -0.82  -1.43  -1.34  -1.61  -1.78   
1911 -1.31  -1.53  -1.66  -1.47  -2.39  -2.21  -2.65   1.54   1.35   1.19   1.86   1.82   
1912 1.54   1.30   2.40   1.77   1.50   1.35   1.85   1.33   1.84  -0.47  -0.74  -0.39   
1913 -0.54  -1.01   0.06   0.55   0.50  -0.49  -0.93  -0.99  -1.19  -0.99  -1.57  -1.92   
1914 -1.43  -1.30  -1.46  -1.06  -1.58  -1.44  -1.64  -1.44  -2.04  -2.61  -3.14   0.28   
1915 1.37   1.86  -0.70  -1.37   0.03   0.72   0.62   1.86  -0.27  -0.06  -0.58  -0.43   
1916 -1.04   0.24   0.52   0.37   0.15   0.93   1.42  -0.52  -0.44  -0.79  -1.17   0.16   
1917 -0.04  -0.22   0.71   0.28   0.18   0.39   1.25   0.84   0.74   1.60  -0.62  -1.00   
1918 0.43  -0.49  -0.48   0.79  -0.26  -0.62  -0.82  -1.29  -1.08  -1.93  -2.75  -2.59   
1919 0.08  -0.11   0.07   0.18   0.58   0.18   1.40   1.91   1.60   0.98   1.03   0.97   
1920 0.62   1.24   0.93   1.39   0.84   1.40   1.71   2.57   2.39  -0.78  -0.19  -0.07   
1921 -0.46  -0.38  -1.14  -1.29  -0.83  -1.19  -1.16  -1.26  -1.45  -2.15  -1.87  -1.96   
1922 -1.36  -1.10  -0.72  -1.27  -1.61   0.46   1.08  -0.12  -0.33  -0.81  -1.82  -1.70   
1923 0.44   0.45   0.73   1.04  -0.54  -0.93  -0.75  -1.10  -1.13  -1.24  -1.50  -1.45   
1924 0.35   0.71   1.32   2.01   2.53   2.98   2.34   2.04   2.68  -0.57  -0.89  -1.06   
1925 -0.28  -0.83  -1.26  -1.50  -1.82  -2.37  -1.82  -2.16  -2.78  -2.02  -1.83  -2.07   
1926 -1.89  -1.20  -1.44  -1.80  -2.14  -2.19   0.57   1.10   1.64   1.53   2.02   1.88   
1927 -0.63  -0.25  -0.97  -0.39  -0.54  -0.35  -0.23  -0.10  -0.68   0.72   0.65   0.83   
1928 0.54   0.53   0.26   1.29   0.75   1.36   1.52   3.01   3.38  -0.61  -0.98  -1.40   
1929 -1.43   0.45   0.07   1.27   0.79   1.08  -0.69  -1.10  -1.11   0.62  -0.24  -0.42   
1930 -0.47  -0.78  -1.24  -1.36  -1.78  -1.86  -2.66  -3.51  -4.22  -4.63  -5.28  -5.49   
1931 -5.84  -6.00   0.44  -0.20  -0.18  -0.35   0.72   2.36  -0.57  -1.03  -1.95  -2.51   
1932 -1.72  -1.92  -0.79  -1.01  -0.46  -0.50  -0.67  -1.01  -1.50   0.77   1.75   1.74   
1933 1.50   1.30   1.36   2.02   2.03   1.42   1.83   3.17   2.91   2.31   1.56   1.44   
1934 0.94   1.24   1.69   1.36   1.77   1.37   0.85   1.05   1.89   1.45   1.44   1.07   
1935 1.51   1.48  -0.34   0.28   0.04   0.03   0.48  -0.55   1.40   1.58   2.32   1.92   
1936 3.03   3.52   3.51  -0.13  -0.81  -1.44  -1.70  -1.75  -2.31  -2.67  -3.54   0.10   
1937 1.77   1.68   1.14   1.71   1.56   2.20   2.02   3.22   2.82   3.93   3.67  -0.60   
1938 -0.91  -0.91  -1.21  -1.75   0.20   0.40   1.03  -0.40   1.28   1.00   0.98   0.77   
1939 1.02   2.18   2.24   2.94  -1.07  -1.02  -1.44   0.50   0.33   1.26  -0.42  -0.78   
1940 -1.07   0.05   0.35   1.84   2.18  -0.38  -0.64  -0.53  -0.92  -1.01   0.32  -0.16   
1941 -0.06  -0.42  -0.67  -0.89  -1.44  -0.97  -0.80  -1.23  -2.33  -2.97  -3.61  -3.57   
1942 -3.39  -3.27  -1.95  -2.79  -3.09  -3.27  -2.79  -2.32  -2.66  -1.48  -1.52  -1.12   
1943 -1.17  -1.39  -1.14  -0.96  -0.94  -1.00  -1.46  -2.47  -2.86   0.64   0.00  -0.55   
1944 -0.29  -0.60   0.91   1.49  -0.77  -1.19  -1.66  -1.95  -1.75  -1.87  -1.49  -1.32   
1945 -0.92  -0.64  -1.66  -1.60   0.40   0.69   2.78   2.33   2.53   1.91   1.67   2.39   
1946 -0.57  -0.55  -1.07  -1.25   1.18  -0.27  -0.33  -0.06  -0.08  -0.36  -1.08  -1.65   
1947 -1.31  -1.69  -2.12  -0.03   0.72   1.00   1.00  -0.46  -0.47  -1.21   0.86   0.37   
1948 1.40   1.25   0.84   0.85   1.72   2.27   1.98   2.34   1.63   1.21   1.75   2.62   
1949 2.96   2.81  -0.29  -0.71  -0.18  -1.26  -1.86  -1.67  -1.43  -1.59  -2.20  -2.55   
1950 -3.11   0.00   0.47  -0.48  -0.06  -0.41  -0.05  -0.66   1.36   1.12   1.45  -0.16   
1951 -0.41  -0.38  -0.70  -0.59  -0.70   0.95   0.97  -0.71  -1.42  -1.69   0.71   1.37   
1952 1.72   1.10   1.47   2.58   2.48   1.95   1.60   2.36   2.40   1.65   2.13   1.84   
1953 2.12   1.72   2.04   1.93   2.15  -0.28  -0.16  -0.35  -0.66  -0.52  -0.94  -1.00   
1954 -1.08  -1.86  -1.57  -1.66  -1.60  -2.20  -2.62  -2.54  -2.98  -3.06  -3.01  -3.09   
1955 -3.85  -3.51  -3.33  -3.35  -3.91   0.89   0.03   2.09  -0.16  -0.11  -0.44  -1.30   
1956 -1.64  -1.47  -1.10  -1.24  -1.38  -1.35   0.63   0.44   0.34   0.50   1.31   0.03   
1957 -0.33  -0.14  -0.26  -0.86  -1.64  -1.96  -2.96  -3.13   0.13   0.06   0.63   1.54   
1958 1.77   2.00   3.00   3.10   3.19   3.00   4.01   4.72   4.49   0.03   0.08  -0.51   
1959 -0.86  -1.08  -1.28  -1.45  -2.14  -2.17  -1.10  -1.09  -1.40  -1.00  -0.82  -0.64   
1960 -0.94  -0.68  -1.06  -1.28  -0.75  -1.47   1.05   0.93   2.63   2.22   1.83   1.68   
1961 1.44   2.01   2.12   2.16   1.64   2.33  -0.11  -0.39  -1.26  -1.50  -2.04  -2.09   
1962 -2.14  -1.41  -1.04  -0.82  -1.51  -1.44  -1.74  -2.39  -2.15  -2.79  -1.87  -1.78   
1963 -1.98  -2.07  -1.55  -2.34  -2.82  -2.24  -3.00  -2.78  -2.14  -3.13   0.72   0.47   
1964 0.88   1.06   0.67   1.46  -1.23  -1.89  -2.29  -2.86  -2.57  -2.86  -3.52  -3.20   
1965 -2.88  -2.81  -2.32  -2.48  -2.83  -3.15  -3.22  -3.13  -3.38  -3.61  -4.37  -5.19   
1966 -5.02  -4.18  -4.65  -3.89  -3.64  -3.88  -4.64  -5.04   1.12   2.10   1.71   1.80   
1967 0.83   0.62   0.66   0.22   0.41   0.83   0.68   2.25  -0.43  -0.59  -0.69   0.84   
1968 -0.32  -1.12  -0.70  -1.30   0.61   0.87  -0.61  -0.96  -1.10  -1.06  -0.90  -1.15   
1969 -1.56  -1.62  -2.01  -2.21  -2.02  -2.18   1.31   2.17   1.98   1.60   1.14   2.64   
1970 -0.66  -0.81  -0.54  -0.11  -0.71   0.68   0.68  -0.44  -1.33  -1.75  -1.67  -1.58   
1971 -1.53   1.34  -0.49  -0.81  -0.19  -0.75  -0.74   2.02   2.45   4.15   4.52   3.84   
1972 3.56   4.02   3.34   3.65   3.15   5.32   4.93   3.72   3.01   3.26   4.60   5.04   
1973 4.50   4.52   4.13   4.33   3.94   4.08  -0.52  -0.59  -0.75  -0.54  -1.17   0.83   
1974 0.77   0.12   0.50   0.17   0.53   0.83  -0.76   0.24   1.07  -0.20  -0.72   0.71   
1975 0.96   0.87   1.36   1.35   1.54   1.56   2.72   2.37   3.67   3.52   3.13   2.94   
1976 3.54  -0.68  -1.35  -2.09  -2.04  -2.44  -2.39  -2.54  -2.21  -0.76  -1.18  -1.16   
1977 -1.52  -2.21  -2.60  -2.63  -3.32  -3.00  -3.24  -3.17  -3.74   0.44   1.23   1.99   
1978 3.13   2.25   2.73   1.86   2.13   1.59   2.02   1.93  -0.47  -0.97  -1.33   0.45   
1979 1.95   2.79   1.81   1.40   0.81   1.18   1.38   1.77   2.83   3.42   3.47  -0.63   
1980 -0.77  -1.45  -0.78  -0.35  -0.60  -0.33  -0.22  -0.87  -0.80  -0.63  -0.84  -1.57   
1981 -2.39  -2.25  -2.71   0.04   0.57   0.76   0.89  -0.55  -0.41  -0.11  -0.98  -0.82   
1982 -0.84   0.25   0.17   0.75   0.76   1.11   1.16  -0.73  -1.01  -1.28  -0.87  -1.16   
1983 -1.51   0.25   1.43   3.10   3.76   3.78   2.40   1.29   0.76   0.88   1.36   2.93   
1984 2.16   2.50   3.06   3.05   3.21  -0.58  -0.13   0.00  -0.57  -0.81  -1.08  -1.80   
1985 -2.05  -1.76  -2.24  -3.17  -2.79  -2.93  -2.61  -2.61  -1.40  -1.29  -1.04  -1.68   
1986 -1.52  -0.99  -1.81  -2.03  -2.92  -3.44  -4.18  -3.66  -4.35  -4.13  -3.25  -1.79   
1987 -0.91  -1.19  -2.00  -2.32  -2.27  -2.50  -2.83  -3.71  -2.51  -2.50  -2.10  -2.09   
1988 -1.96  -1.32  -1.77  -1.85  -1.01  -1.79  -1.59  -1.53  -1.91  -1.96  -1.28  -1.90   
1989 -1.85   0.46   0.77   1.11   1.95   4.49   5.32   4.21   4.36   4.87   4.31   3.34   
1990 3.27   2.00   1.52   1.69   2.67   2.03   2.40   3.06  -0.33  -0.31  -0.85   0.67   
1991 0.70  -0.80  -0.34  -0.52  -1.34  -1.61  -1.56  -1.98  -1.51  -2.04  -2.91  -2.60   
1992 -3.18  -3.16  -2.45  -2.87  -2.47  -2.72   0.07  -0.08   0.42  -0.42  -0.41  -0.19   
1993 -0.52   0.09   1.05   1.55  -0.76  -1.34  -1.98  -2.71  -2.69  -2.56  -2.57  -0.02   
1994 0.77   1.25   2.86  -0.25  -0.29  -0.85  -1.12  -0.25  -0.38  -0.95  -1.41  -1.98   
1995 -1.69  -1.75  -2.20  -2.40  -1.82  -1.78  -2.43  -2.45  -2.29   1.70   2.51   2.09   
1996 2.29   1.81   1.93   1.93   2.24   3.93   4.55   4.22   4.15   4.67   4.26   5.64   
1997 4.84   4.38   4.80  -0.01  -0.46  -0.61  -1.53  -1.72  -1.94   0.13   0.70   0.35   
1998 1.04   1.25   1.86   1.64   1.61   1.90  -0.10  -0.41  -0.71  -1.30  -2.25  -2.98   
1999 -2.44  -2.13  -1.77  -1.89  -2.68  -2.77  -3.07  -2.93   3.66   3.58   3.03   2.42   
2000 2.27   1.71   2.22   2.53   1.88   1.91   2.79   2.70   3.36  -0.77  -0.95   0.11   
2001 0.08   0.13   0.85   0.14   0.64   0.36   1.09  -0.08  -0.09  -0.96  -1.82  -2.66   
2002 -2.99  -3.77  -3.31  -3.25  -2.84  -3.20  -3.53  -4.15  -3.78   1.38   2.21   2.76   
2003 2.07   3.43   3.53   3.10   3.72   4.88   5.22   4.88   5.91   5.88   5.77   5.60   
2004 -0.54  -0.84  -1.10  -0.58  -1.08  -1.66  -1.67  -2.02  -1.65  -2.08   0.22  -0.23   
2005 0.28  -0.37   0.28   0.66  -0.23  -0.47  -0.33  -1.03  -1.46   1.21   1.03   1.15   
2006 1.24  -0.64  -1.77  -1.62  -2.43   2.52   2.52   1.23   1.85   2.66   2.95   1.94   
2007 1.88   1.36   1.24   2.50  -1.00  -1.27  -2.26  -2.68  -3.64  -2.74  -3.24  -3.01   
2008 -3.16  -2.58  -2.65  -2.70  -1.20  -1.59  -1.49  -2.33  -1.87  -2.26  -2.14  -1.30   
2009 -1.62  -2.57  -2.73   0.58   0.98   1.27   0.66   0.84   1.20   2.41   2.62   3.56   
2010 3.15   3.59   3.89  -0.51  -1.33  -2.41   0.32   0.32   0.82   2.07  -0.07  -0.30   
2011 -0.44  -0.42   0.15   0.54  -0.63  -1.29  -1.91   1.73   2.81   2.74   2.54   2.56   
2012 -0.56  -1.29  -2.23  -2.36  -2.74  -2.74  -3.35   0.26   0.13   2.01   1.31   1.30   
2013 0.95  -0.85 -99.99 -99.99 -99.99 -99.99 -99.99 -99.99 -99.99 -99.99 -99.99 -99.99   
