1895 -0.02  -0.64  -1.08  -1.13  -1.61  -2.08  -2.21  -2.21  -2.55  -2.58  -2.38  -2.06   
1896 -2.54   1.23   2.05  -1.23  -1.81  -2.17  -1.90  -2.18  -1.47  -1.02  -1.38  -2.55   
1897 -2.44  -2.52  -2.26  -2.47   0.06   0.05   1.61   0.05  -0.49  -1.23   0.08   0.54   
1898 0.94   1.06  -0.81  -0.74  -0.51  -0.85  -1.54   0.73   0.38   1.13   1.65   0.99   
1899 0.58   0.74   1.80  -0.95  -1.70  -1.76  -1.50  -2.22  -2.07  -2.64  -3.22  -3.27   
1900 0.02   2.16   2.63  -0.96  -0.96  -1.10  -1.14  -1.33  -1.62  -1.64  -0.93  -1.30   
1901 -1.70  -2.58   0.80   2.05   2.64  -0.82  -0.55  -0.19  -0.32  -0.22  -0.64   1.03   
1902 0.39   0.54   0.83  -0.34  -0.90  -0.84   0.72   0.91   1.07   1.99  -1.14   0.32   
1903 0.06   0.30   0.86  -0.95  -2.11   1.17   1.06   1.61   1.06   1.71  -0.49  -0.60   
1904 -0.49  -0.97  -1.15  -0.99  -1.36  -1.38  -0.01  -0.01   0.75   0.69  -0.83  -1.12   
1905 -0.84  -1.50  -1.77  -2.10  -2.84  -2.34  -2.17  -1.80  -1.00  -1.02  -1.53  -1.69   
1906 -2.01  -1.97  -1.69  -1.92  -1.55  -1.67  -1.23  -1.16  -1.50  -0.60  -1.03  -1.10   
1907 -1.16  -1.73  -2.30  -2.13  -2.00  -1.80  -1.83  -2.31   1.27   2.65   2.78   2.58   
1908 2.07   2.63  -0.38  -0.77  -0.55  -1.40  -1.40  -1.19  -1.94  -2.57  -3.72  -4.17   
1909 -3.82  -2.29  -2.25  -1.68  -1.86  -2.15  -2.35  -2.26  -1.85  -2.20  -2.66  -2.70   
1910 -1.80  -1.18  -2.26  -2.47  -2.66  -2.63  -3.23  -3.27  -3.14  -3.56  -3.55  -3.73   
1911 -3.74  -3.53  -3.31  -4.03  -4.82  -4.52  -4.65  -4.13  -3.71  -2.15  -2.41  -2.52   
1912 -2.79  -2.90  -1.43  -1.29  -1.03  -2.01  -2.50  -2.58  -2.62  -2.85  -3.02  -2.66   
1913 -2.16  -2.35  -1.26  -1.46  -1.55  -2.13  -2.82  -3.29  -3.16  -1.33  -1.69  -1.93   
1914 -1.97  -2.03  -1.61  -1.16  -1.54  -1.84  -1.87  -1.70  -2.33  -2.67  -3.00  -2.91   
1915 -2.05  -1.05  -2.27  -3.17  -3.44  -3.48   2.00   2.68  -0.62  -0.72  -1.22  -0.72   
1916 -1.24   0.56  -0.27  -0.74  -0.82  -0.45  -1.02  -1.48  -1.30  -1.93  -2.36  -2.46   
1917 -2.45  -2.73  -2.37  -2.66  -2.17  -1.83  -2.14  -1.53  -1.99  -0.60  -1.31  -1.60   
1918 -1.62  -1.65  -2.17  -2.52  -2.98  -2.83  -2.79  -3.10  -1.69  -2.04  -2.25  -2.45   
1919 -2.68  -2.88  -1.98  -2.22  -1.62  -2.49  -2.55  -2.49  -2.08  -1.73  -1.06  -1.69   
1920 -1.95   0.63   0.61   1.39   0.94   1.18   1.25   0.91   1.35  -0.82   0.51   0.95   
1921 -0.67  -0.55  -0.83  -0.70  -1.01  -1.58  -0.84  -1.19  -1.57  -2.04  -1.24  -1.73   
1922 -2.19  -2.15   0.57   0.29   0.19   1.37  -0.14  -0.15  -0.39  -0.51  -1.33  -1.49   
1923 0.79  -0.66  -1.00  -1.19  -1.77  -1.97  -2.13  -2.52  -2.93  -2.15  -1.92  -1.69   
1924 -1.48  -1.80  -2.76  -1.60  -1.36  -1.81  -1.99  -1.93  -1.21  -2.07  -2.58  -3.10   
1925 -2.61  -2.35  -2.14  -2.46  -2.64  -2.47   0.82   0.36   0.46   1.13  -0.51  -0.76   
1926 -1.11   0.82  -0.29  -0.33  -1.06  -1.17  -1.33  -1.37  -1.62  -1.12  -1.03  -1.13   
1927 -1.43  -1.12  -1.88  -2.53  -2.09  -2.47   0.26   1.07   0.60   1.41   2.79   3.38   
1928 2.68   2.55   1.99   2.09   1.46   2.30   2.50   2.83  -0.06  -0.51  -1.16  -2.05   
1929 0.00   0.25   0.15   1.76  -0.06  -0.55  -1.32  -1.84  -2.30  -2.02  -2.38  -2.14   
1930 -2.17  -2.66  -2.35  -2.93  -2.96  -2.87  -2.72  -3.12  -3.60  -3.80  -3.61  -3.82   
1931 -3.69  -3.99  -4.01  -4.17  -3.55  -2.89  -2.21  -1.95  -1.86  -2.06  -2.75  -2.26   
1932 -1.29  -1.46  -1.26  -1.46  -1.99  -2.40  -2.15  -1.81  -2.23  -2.18  -1.33  -1.79   
1933 -1.88  -1.58  -1.11  -0.58  -1.44  -2.09  -2.80   0.79   1.70   1.53  -0.66  -0.65   
1934 -0.60  -0.77  -0.95  -0.72  -1.03   0.79   0.57   0.20   0.84   0.49   0.53   0.33   
1935 0.91  -0.19  -0.66  -1.23  -1.49  -1.04  -0.60  -1.36  -1.21  -1.80  -1.46  -2.17   
1936 0.54   0.03   1.45   1.52  -0.47  -1.07  -1.80  -0.91  -1.38  -1.28  -1.51   0.39   
1937 0.95   0.79   0.66   0.36   0.53   0.81   0.15   0.37   1.00   1.68  -0.04  -0.50   
1938 -0.21  -0.56  -1.22  -1.67  -1.77   0.65   1.90   1.68   3.75  -0.59  -0.92  -0.93   
1939 -1.07  -1.08  -1.07  -0.10  -1.11  -1.36  -2.11  -2.44  -2.48  -2.00  -2.58  -2.73   
1940 -2.98  -2.73  -2.01  -1.31  -1.02  -0.90  -0.98  -1.45  -1.08  -1.59  -1.02  -0.85   
1941 -1.32  -1.61  -2.12  -3.35  -3.32  -3.24  -2.59  -2.61  -2.74  -2.66  -3.07  -2.65   
1942 -2.71  -2.88  -1.76  -2.48  -2.34  -2.46   0.85   0.26   0.52   0.42   1.34   1.83   
1943 -0.25  -0.81  -0.82   0.33   1.27   0.74   1.46   1.50   0.63   0.99   1.68  -1.07   
1944 -1.57  -1.60  -1.02  -0.67  -1.57   0.35   0.90   0.35   0.84   0.52   0.58   0.32   
1945 0.38   0.50  -0.95   0.74   1.41   2.20   3.49  -0.13  -0.39  -0.39  -0.05  -0.39   
1946 -0.68  -0.61  -1.66  -2.01   0.63   0.76   0.91   0.85   1.28  -0.25  -1.18  -1.13   
1947 0.29   0.07   0.14   0.45   0.53   0.43   0.50  -0.67  -0.95  -1.66  -1.40  -1.79   
1948 -1.99  -1.98   0.09   0.13   1.17   2.31  -0.63  -1.12  -1.91  -2.53  -2.53   1.71   
1949 2.19  -0.01  -0.49  -0.55  -0.57  -1.23  -1.09  -1.50  -1.50  -1.93  -2.60  -2.63   
1950 -1.80  -1.32  -1.44  -1.60  -1.56  -1.49  -1.46  -1.36  -1.65  -2.16   0.65   0.51   
1951 0.38   1.11   1.65   1.35   0.89   0.86   1.21   0.94   0.78   1.34   1.82   1.93   
1952 1.99   1.64   1.35   1.33   1.47   1.78  -0.34   0.17   0.38  -0.70  -1.08   0.15   
1953 1.02   0.72   2.61   2.94   3.34  -0.24  -0.93  -1.79  -2.31  -2.22  -2.84   0.57   
1954 0.30   0.27   0.49   0.47   1.09  -0.37  -0.56   0.14   1.07   0.67   1.77   1.73   
1955 -0.84   0.33   0.53   0.65  -0.74  -1.16  -2.15   2.17   1.86   4.59   4.67  -0.96   
1956 -1.00   0.32   0.83   1.01  -0.37  -1.05  -0.98  -1.71  -0.79  -1.05  -0.94  -0.61   
1957 -1.06  -1.79  -2.46  -2.70  -2.43  -2.63  -2.44  -2.66  -2.80  -3.19  -3.07   0.78   
1958 1.16  -0.10  -0.42  -0.19  -0.42  -0.86   0.42   0.42   0.65   0.89   0.91  -0.87   
1959 -0.48  -0.80  -0.50  -0.74  -1.51  -1.62  -1.57  -1.48  -1.95   1.22   1.85   1.85   
1960 1.67   2.21   1.56   1.62   1.08   0.93   1.48   1.28   2.45  -0.31  -0.80  -1.43   
1961 -1.78  -1.61  -1.77  -1.12  -1.03  -1.10  -1.01  -1.42  -1.99  -2.76  -2.82  -2.77   
1962 -2.55  -2.01  -2.61  -2.34  -2.91  -3.15  -3.54  -3.25  -3.18  -2.84  -2.97  -2.78   
1963 -2.68  -2.53  -2.31  -2.77  -2.80  -2.64  -3.02  -3.17  -3.09  -4.08  -3.40  -3.48   
1964 -2.81  -2.93  -2.73  -2.65  -3.46  -3.74  -4.00  -4.16  -4.70  -5.19  -5.84  -5.53   
1965 -5.30  -4.94  -5.11  -4.93  -5.49  -5.35  -5.08  -4.69  -4.25  -4.06  -4.13  -4.13   
1966 -3.94  -3.76  -3.59  -4.10  -3.95  -4.19  -3.70  -4.02  -3.13  -2.43  -2.40  -2.35   
1967 -2.91   0.03  -0.11   0.18   0.46   0.72   1.06  -0.25  -0.79  -0.67  -0.90  -0.46   
1968 -0.93  -1.80  -1.33  -1.62   0.28   1.51  -1.15  -1.90  -2.06  -2.25   0.28   0.97   
1969 -0.47  -0.60  -0.99   0.76   0.42   0.39   1.43   1.34   1.02   0.62   1.73   2.57   
1970 -0.90  -0.39  -0.48  -0.38  -0.31  -0.82  -1.54  -1.53  -1.75  -2.01  -2.11  -1.75   
1971 -1.97  -1.45  -1.36  -1.86  -1.55  -1.89  -0.01   1.32  -0.14  -0.35   0.26   0.33   
1972 -0.38   0.55   0.86   0.95   1.64   3.69   3.25   2.61   1.61   1.68   2.88   3.60   
1973 3.42   3.00   2.53   2.62   3.27   3.66   3.25   3.39   2.70   2.45   1.87   3.74   
1974 3.42   2.98   3.00   2.42   2.61   2.27   2.16   2.45   3.15   2.77   2.46   2.30   
1975 2.51   2.63   2.53   2.04   1.58   2.10   3.63   4.51   5.26   5.29   5.12   4.95   
1976 5.12   4.78   4.08   3.58   3.85   3.06   2.51   3.84   3.34   3.98   2.70   2.03   
1977 1.52   1.36   2.71   2.76   2.39   2.11   1.83   2.07   3.03   3.94   3.72   4.08   
1978 5.23  -0.87  -1.02  -1.70  -1.46  -1.33  -1.67  -0.92  -1.23  -1.14  -1.70   0.08   
1979 3.01   2.68   2.50   2.78   3.25   1.93   1.81   2.03   2.57   2.96   2.74  -0.46   
1980 -1.31  -2.03   1.96   2.21  -0.84  -0.67  -0.71  -1.45  -1.90  -1.58  -1.46  -2.11   
1981 -2.89   3.07  -1.18  -1.45  -1.67  -1.78  -1.77  -2.26  -2.18   0.65  -0.61   0.28   
1982 0.57   1.07   0.73   1.34   0.69   2.66  -0.38  -1.00  -1.27  -1.70  -1.94  -2.29   
1983 0.59   1.14   1.99   4.09   4.13   3.44   2.58   2.22   1.24   1.20   1.86   2.72   
1984 2.04   3.36   3.55   3.56   5.88  -0.64  -0.15  -0.97  -1.58  -1.95  -2.08  -2.04   
1985 -2.63  -2.47  -2.61  -3.32  -3.23   0.33   0.00   0.52   1.41   1.18   1.96   1.26   
1986 1.66   1.74  -0.04  -1.17  -1.77   1.05   2.41   2.47   1.51   1.30   1.84   2.17   
1987 2.40   0.99   0.57   2.12   1.25   0.91   0.57   0.69   1.53   2.24  -0.40  -1.00   
1988 -1.18  -0.64  -1.01  -1.29  -1.21  -2.05   1.29   1.38   0.79   0.81   2.04  -0.73   
1989 -1.37  -1.51  -1.69   0.17   1.74   2.42   2.26   2.48   2.60   3.80   3.43   2.20   
1990 2.35   2.55   2.44   2.30   3.45   2.69   1.48   3.45   2.55   3.47   2.94   3.27   
1991 -0.26  -0.72  -0.38  -0.96  -0.65  -1.39  -2.05   0.87   1.55   1.60   1.57  -0.18   
1992 -0.55  -0.95  -0.55  -0.57  -1.13   0.99   1.26   2.00   1.61   1.44   1.86   2.50   
1993 1.98   1.85   2.90   3.14  -1.02  -1.39  -1.83  -2.35   0.24   0.43   0.80   1.16   
1994 1.79   1.40   2.00  -0.17  -0.10  -0.64   0.44   0.66  -0.04  -0.55  -0.59   0.59   
1995 0.67  -0.13  -0.64  -1.10  -1.51  -1.98  -2.23  -2.78  -2.75   2.51   3.10   2.44   
1996 4.17   3.78   3.21   4.13   3.98   3.44   4.59   3.71   4.42   4.81   4.36   5.14   
1997 4.79   4.16   3.90   3.82   3.74   2.29   2.42   2.38   1.59   1.02   1.82   1.53   
1998 2.01   1.92   1.83   1.16   0.80   2.51  -0.17  -1.10  -1.77  -1.42  -1.78  -2.26   
1999 1.29   1.05   1.75  -1.04  -0.64  -0.84  -1.32  -1.62   1.09   1.48  -0.21  -0.75   
2000 -0.68  -0.61  -0.56   0.32   0.53   2.32   2.90   3.17   3.08   2.71   2.05   2.20   
2001 1.35   1.46   2.92  -0.62  -0.80  -0.39  -0.48  -1.20   0.56  -0.66  -1.47  -1.45   
2002 -1.91  -2.03   0.28   0.02   0.59   0.82  -0.16  -0.41  -0.72   0.56   1.32   1.53   
2003 1.58   1.62   0.04  -0.32  -0.18  -0.06  -0.63   0.67   1.90   2.95   2.70   3.30   
2004 2.43   1.68   1.22   1.90   1.68   1.25   1.16   2.02   3.36   2.92   2.33   2.25   
2005 2.58   2.12   2.47   2.38  -0.43  -0.54  -0.84  -1.55  -2.29   4.20   4.38   3.95   
2006 4.80   3.92   2.46   2.22   2.70   3.48   2.76   2.17   2.13   2.95   2.63   1.82   
2007 1.78   1.53   2.25   3.32   2.32   2.15   2.64   1.72   0.99   1.17   1.00   1.97   
2008 1.30   4.59   5.43   4.84   3.77   4.95   5.98   5.43   5.81   5.57   4.58   6.10   
2009 5.54   4.65   3.88   2.79   2.67   3.63   5.36   5.75   4.50   4.84   3.94   3.78   
2010 3.37   4.08   4.80  -1.27  -1.88  -1.85  -2.22  -3.00  -3.75   1.91   1.39   1.84   
2011 1.39   1.46   2.18   2.55   2.07   2.79   1.91   4.94   6.60   6.63   5.47   5.46   
2012 5.05  -0.84  -1.83  -2.20  -1.66  -1.69  -2.19   0.25   1.01   1.74  -0.99   0.82   
2013 -1.16  -1.19 -99.99 -99.99 -99.99 -99.99 -99.99 -99.99 -99.99 -99.99 -99.99 -99.99   
