1895 -0.23  -0.96  -1.25  -1.35  -1.68  -1.96  -1.57  -1.76  -2.19  -2.10  -2.03  -2.13   
1896 -2.50  -2.30  -2.21  -2.70  -2.96  -2.71  -2.52  -2.74   1.14   1.92  -0.31  -0.28   
1897 -0.67  -1.14  -1.88  -1.89  -1.69  -1.57  -1.19  -1.30  -1.73  -2.50   0.38   0.49   
1898 0.46   0.89   0.00   0.62   1.07  -0.49   1.10   1.51   0.57   3.13   3.72  -0.45   
1899 -0.42  -0.32  -0.21  -0.85  -1.41  -1.61  -1.46  -1.70  -1.01  -0.66  -1.09  -1.86   
1900 -1.84   1.15  -0.49  -0.86  -0.37  -0.87  -1.20  -1.73  -1.99  -1.54  -1.82  -2.15   
1901 -2.67  -3.45  -3.10  -1.99  -0.82  -1.40  -1.38  -2.04  -2.39  -2.40  -2.84  -1.57   
1902 -2.26  -1.76  -1.91  -2.05  -2.66  -2.37  -2.30  -2.71  -2.98  -2.07  -2.63  -1.91   
1903 -2.02  -1.88  -1.92  -1.52  -2.28  -1.03  -0.88  -0.88  -1.48  -0.87  -1.16  -1.40   
1904 -1.39  -1.42  -1.97   1.67  -0.39  -0.18  -0.44  -0.58  -0.82  -1.16  -1.69  -1.88   
1905 -2.00  -2.57  -2.88  -3.17  -3.49  -2.65  -2.40  -2.27  -1.62  -1.79  -2.08  -2.05   
1906 -2.24  -2.35  -1.74  -2.28  -1.90  -1.67  -0.93  -1.10  -0.98  -0.74  -0.99  -0.92   
1907 -1.27  -1.62  -2.29  -2.28  -1.73  -1.83  -2.10  -2.67   0.79   1.14   1.56   0.00   
1908 -0.54  -0.84  -1.26  -1.90  -1.71  -2.15  -2.22  -2.09  -2.73  -1.65  -2.19  -2.15   
1909 -2.03  -1.57  -1.89  -1.47  -1.39  -1.70  -2.16  -2.54  -2.34  -2.43  -2.47  -2.53   
1910 -2.27  -1.93  -2.72  -3.42  -3.42  -2.87  -2.73  -2.89  -3.09  -3.17  -3.07  -3.26   
1911 -3.30  -3.51  -3.72  -3.11  -3.66  -3.74  -3.38  -2.80  -2.77  -2.52  -1.96  -2.14   
1912 -2.23  -2.54  -2.60  -2.55  -2.16  -2.90  -2.55  -2.83  -3.28  -3.58  -3.99  -3.49   
1913 -3.57  -3.50  -4.07  -3.42  -3.50  -3.87  -3.99  -4.11  -3.79  -2.55  -2.96  -2.88   
1914 -3.09  -2.88  -3.02  -2.60  -2.64  -3.10  -2.58  -2.55  -3.12  -3.47  -3.95  -3.71   
1915 -2.57  -2.75  -3.67  -4.02  -3.95  -4.01  -3.03  -2.53  -2.97  -2.43  -2.65  -2.23   
1916 -2.84  -2.35  -2.57   0.32   0.18   0.77   2.71  -0.58  -1.36  -1.63  -2.26  -2.43   
1917 -2.70  -2.78  -2.87  -2.83   0.45   0.91  -0.49  -0.64  -0.82   1.10  -0.76  -1.21   
1918 -1.56  -1.78  -2.18  -1.97  -2.63  -2.49  -2.35  -2.88  -2.08  -2.52  -3.14  -3.16   
1919 -3.06  -2.89  -3.23  -3.36  -2.77  -2.83   0.48   0.73   1.06  -0.22  -0.04  -0.59   
1920 -1.04   0.72   0.12   0.38   0.67   1.44  -0.18  -0.85  -1.69  -2.05  -2.01  -1.76   
1921 -2.17  -2.50  -3.36  -3.24  -2.76  -2.68  -1.26  -1.54  -2.29  -2.66  -1.61  -1.94   
1922 -2.39  -2.37  -2.78  -3.41   0.14   1.11   1.44   2.36  -0.07   0.13  -0.81  -0.95   
1923 -0.54  -1.20  -1.45  -0.83  -1.54  -1.82  -1.94  -2.50  -3.26  -2.59  -2.78  -2.35   
1924 -2.51  -2.62  -2.74  -2.65  -2.55  -2.80  -3.12  -2.53  -2.20  -3.02  -3.83  -4.36   
1925 -4.53  -5.13  -4.91  -4.92  -4.79  -4.62  -4.40  -4.59  -4.45  -3.24  -3.13  -2.57   
1926 -2.86  -2.19  -2.58  -3.02  -2.68  -2.93  -2.54  -2.54  -3.19  -1.63  -1.45  -1.58   
1927 -1.94  -2.04  -2.90  -3.36  -3.40  -0.01   0.33   1.54   1.55   2.31   2.12   2.13   
1928 -0.60  -0.80  -1.63  -1.11  -1.54   0.41   0.91  -0.49  -0.14  -0.08  -0.75  -1.04   
1929 -1.26  -1.20  -1.83  -1.04  -1.05  -1.53  -1.93  -2.35  -2.40  -2.37  -2.64  -2.51   
1930 -2.82  -3.00  -3.48  -3.96  -4.03  -4.23  -3.78  -4.10  -4.72  -3.68  -3.62  -3.65   
1931 -3.35  -3.06   0.64   0.32   0.65   2.01   2.21   2.46  -0.41  -0.16  -1.13  -1.18   
1932 0.56   0.04   0.54  -0.79  -1.23  -1.30  -1.33   0.12   0.73   1.79   2.24   1.44   
1933 0.81   0.90   1.61   2.76   2.14   1.50   1.27   1.03   3.24   3.70  -0.39  -0.37   
1934 -0.47  -0.27  -0.32  -0.22  -0.66  -0.56  -1.26  -1.74  -1.66  -1.26  -1.62  -1.67   
1935 -0.75  -0.91  -1.56   0.40  -0.46   0.73   0.76  -0.42  -0.17  -0.87  -0.49  -1.16   
1936 0.97   0.59   1.10  -0.16  -0.87  -0.73  -0.99   0.33   1.14   0.03  -0.59   1.46   
1937 0.03  -0.87  -0.84  -0.20  -0.58  -0.41  -1.05   0.11   0.28   0.46   0.56   0.53   
1938 0.50  -0.25  -0.67  -0.82   0.26   1.65   2.79   2.21   3.10   2.89   2.49   2.07   
1939 1.70   1.71   2.47   2.55  -0.54  -0.52  -1.07  -1.30  -1.70  -1.35  -2.07  -2.44   
1940 -2.82   0.76   0.75   1.68   0.04  -0.22   0.30  -0.73  -0.49  -0.92  -0.20  -0.50   
1941 -0.33  -0.96  -1.04  -1.51  -1.68   0.44   0.93  -0.16  -0.96  -1.42  -2.18  -2.47   
1942 -2.39  -2.17  -0.85  -1.82  -2.30  -2.34  -1.99  -1.36  -1.52  -1.41  -0.99  -0.81   
1943 -0.82  -1.39  -1.40  -1.42  -0.82  -1.36  -1.10  -1.32  -1.70  -1.52  -1.87  -2.56   
1944 -2.78  -3.07  -2.56  -2.16  -3.07  -2.69  -3.23  -3.98  -3.09  -3.23  -1.93  -2.00   
1945 -1.76  -1.39  -2.09  -2.75   0.29   0.86  -0.08  -0.25  -0.94  -1.03   1.04   2.09   
1946 0.00  -0.11  -1.12  -1.29   0.60   0.59   0.39   3.15  -0.16  -1.16  -2.21  -2.20   
1947 -2.33  -2.86  -3.10  -2.39  -1.68  -1.29  -0.78  -1.40  -1.51  -2.22  -2.28  -2.15   
1948 0.67  -0.37  -0.45  -0.51   1.52   1.56   1.84  -0.59  -1.32   0.81   1.04  -0.68   
1949 -0.77  -0.58  -1.03  -0.95  -0.97  -1.93  -2.66  -3.26  -2.93  -3.53  -3.71  -4.05   
1950 -3.83  -3.39  -3.09  -3.16  -3.22  -3.30  -3.49  -3.21  -3.20  -3.86  -3.31  -3.01   
1951 -2.89  -2.49  -2.29  -2.69  -2.21  -2.35  -2.47  -2.21  -2.74  -2.81  -2.18  -1.77   
1952 -1.41  -0.60  -0.66  -0.99  -0.87  -1.07  -2.09  -1.08  -1.51  -2.19  -3.07  -3.10   
1953 0.86   1.24   2.27   2.53   2.14   1.01   1.35   1.14   0.86   1.21   1.75   1.77   
1954 -0.15  -0.42  -0.73   0.03   1.28   0.99   0.70   1.47   2.53   1.99   2.09   2.38   
1955 -1.04  -0.87  -0.73  -0.64  -1.40  -1.55  -1.89   2.30   2.19   3.05   3.26   2.04   
1956 2.40   2.62   3.18  -0.27  -0.44  -0.82  -0.32  -0.65  -0.68  -0.71  -1.00   0.48   
1957 -0.33  -1.12  -1.12  -1.14  -1.53  -2.36  -2.88  -2.81  -3.57  -3.82  -3.69   0.18   
1958 1.74   1.79   1.59   2.86   3.16   2.66   2.72   3.35   3.73   3.55   2.95   1.97   
1959 1.22   1.24   1.77   1.48   0.64   1.52   2.32  -0.32  -1.16   0.51   0.75   0.69   
1960 0.36   0.90  -0.26  -0.34  -0.44  -0.76  -0.17  -0.78  -0.04  -0.31  -0.76  -0.32   
1961 -0.66   0.14   0.04   0.69   1.18  -0.61  -0.48  -0.51   0.59   0.92   0.75   0.55   
1962 0.64   0.88  -0.90  -0.77  -1.27   0.26   0.01   0.07   0.22   1.89   2.13  -0.02   
1963 -0.14  -0.16  -0.03  -1.00  -0.53  -1.02  -1.11  -1.29  -0.87  -1.38   0.31   0.03   
1964 0.15   0.52  -0.57   0.54  -1.03  -1.70  -1.69  -2.06  -1.89  -1.69  -2.32  -1.73   
1965 -1.96  -2.06  -2.57  -2.56  -3.05  -3.08  -3.59  -3.84  -3.96  -4.23  -4.64  -5.16   
1966 -4.68  -4.41  -4.68  -5.02  -3.82  -3.82  -3.95  -3.95  -3.22  -3.10  -2.60  -2.66   
1967 -2.97  -2.71   0.44   0.90   2.69   2.44   2.54   2.81  -0.09  -0.66  -0.63   0.73   
1968 -0.23  -1.12   1.43  -0.83   0.14   1.10  -0.62  -1.13  -1.86  -2.47   0.45   1.11   
1969 0.34   1.90  -0.01   0.07  -0.45  -1.09  -1.26  -1.67  -1.31  -1.74   1.02   2.91   
1970 -0.97   0.72   0.82  -0.22  -0.55  -0.22  -0.63  -0.08  -0.37  -0.50  -0.38  -0.03   
1971 -0.55   0.74   0.35   0.13   0.60  -0.71  -0.84  -1.22  -2.11  -2.71  -2.13  -2.27   
1972 -2.57   0.77   1.51   1.59   2.09   3.26   3.08   2.35   3.91   3.93   4.72   5.25   
1973 4.26   3.74   2.81   3.59   3.46   3.38   4.19   3.92   3.69   3.67   2.94   3.91   
1974 3.59  -0.23  -0.41  -0.57  -0.27  -0.14  -0.56  -0.97  -0.37  -0.47  -1.04  -1.08   
1975 0.81   0.81  -0.12  -0.25  -0.70  -0.51  -0.60   0.34   1.29   1.83   2.33   2.63   
1976 3.01  -0.49  -0.71  -1.57  -1.77  -2.38   0.32   1.07   0.57   1.39  -0.65  -0.67   
1977 -0.21  -0.60   0.39   0.27   0.01   1.09   0.81   0.79   1.32   2.42   1.73   2.66   
1978 4.19  -0.48  -0.75  -1.12  -0.25  -0.74  -0.56  -0.23  -0.69  -0.70  -1.07   0.14   
1979 2.23   2.44   1.63   1.72   2.12  -0.66  -1.04  -0.43  -0.40  -0.18  -0.23  -0.81   
1980 -1.40  -2.23  -1.38  -1.14  -1.60  -1.49  -1.64  -2.28  -2.98  -2.47  -2.41  -2.71   
1981 -3.26  -1.98  -2.87  -2.77  -2.94  -2.50  -2.09  -2.43  -2.30   0.12   0.11   0.95   
1982 0.99  -0.19  -0.71  -0.66  -0.93   2.09   2.04   1.82   1.72   1.79   1.52   0.77   
1983 0.75   1.41   3.16   4.25   3.92   3.10   2.15   2.21   1.18   1.14   2.18   2.40   
1984 1.72   2.51   3.22   3.11   3.54   4.08   4.75  -0.75  -1.09  -0.72  -1.44  -1.57   
1985 -2.29  -2.65  -2.86  -3.47   0.29   0.86   1.07   2.65  -0.09  -0.53   0.64  -0.83   
1986 -0.25  -0.31  -0.64  -1.23  -1.65   0.70   1.85   2.19   1.56   1.43   2.14   2.99   
1987 3.73   2.45   2.25   4.10  -0.32  -0.84  -1.50  -1.64  -0.51  -0.59  -0.53  -0.61   
1988 -0.91  -0.20  -0.35  -0.96  -0.82  -1.31   1.20  -0.70  -1.27  -1.20   0.96  -0.89   
1989 -1.74  -1.83  -1.73   0.32   0.53   0.67   1.64   2.11   2.42   3.13   3.37  -0.85   
1990 -0.48  -0.52  -1.20   0.39   1.35   0.59   1.27   1.32   0.84   1.08  -0.78  -0.71   
1991 -0.83  -1.42  -0.88  -0.80  -1.44  -1.81  -2.16   0.24   1.19   1.32   1.57  -0.29   
1992 -0.52  -0.95  -0.88  -1.18  -1.70   0.53   0.58   1.19   1.35   0.94   1.21   2.43   
1993 1.55   1.83   2.77   2.95  -0.82  -1.34  -1.78  -2.74  -2.51  -2.14  -2.20   1.04   
1994 1.48   1.13   2.32  -0.62  -0.20  -0.61  -1.23   0.42   0.71  -0.94  -1.06   0.50   
1995 0.54  -0.31  -0.86  -1.37  -1.39  -1.38  -1.47  -2.19  -2.23   0.51   1.40   0.89   
1996 1.68   1.42   1.12   1.63   1.32   0.66   1.32   1.12   2.84   5.22   4.25   4.57   
1997 -0.28  -0.90   0.36   1.06  -0.08  -0.65  -0.93  -0.77  -1.48  -2.02   0.48   0.35   
1998 1.22   2.39   2.51   2.35   2.41   4.43   3.91   3.67  -0.43   0.46  -0.61  -1.43   
1999 0.75   1.10   1.14  -1.08  -0.93  -1.93  -1.98  -2.39   0.85   1.61  -0.54  -1.04   
2000 -0.05   0.02   0.24   1.13   0.95   1.17   1.98   1.87   0.00  -0.14   0.06   0.15   
2001 -0.35  -0.73   2.75  -0.76  -0.92   0.67   0.81   1.00  -0.23  -1.03  -2.24  -2.60   
2002 -2.55  -2.82  -2.43  -2.38  -1.56  -1.08  -1.46  -2.05   0.22   0.25   1.05   1.73   
2003 1.10   1.62   2.09   2.48   2.22   2.88   2.67   2.78   2.33   2.98   2.33   2.74   
2004 -0.81  -1.27  -1.61   1.65   1.28   0.76   0.98   1.27   2.00   1.58   1.56   1.70   
2005 1.98   1.59   2.21   1.83   2.99   2.04   1.61   1.19   0.76   3.37   3.31   2.95   
2006 3.21  -0.39  -1.57  -2.06   2.64   5.00   4.59   4.10   3.36   3.37   3.69   2.73   
2007 2.27   1.51   1.95   3.29  -0.08  -0.46  -0.21  -1.14  -1.64  -2.13  -2.17   0.43   
2008 0.09   1.46   1.75   1.48   1.10   0.78   1.63   1.43   2.94   2.50   2.60   3.48   
2009 3.31   2.40   1.97   2.13   1.79   2.20   3.99   4.15   3.91   5.07   4.38   4.47   
2010 3.99   3.97   7.48   5.72   4.72   3.88   3.19   3.26   2.52   2.69   2.40   2.15   
2011 2.04   2.18   1.36   1.71   1.33   1.57   1.58   2.36   2.75   4.59  -0.04  -0.24   
2012 -0.39  -1.38  -2.27  -2.58   0.36   0.67   0.59   0.91   1.14   1.38   0.77   1.40   
2013 0.55   1.69 -99.99 -99.99 -99.99 -99.99 -99.99 -99.99 -99.99 -99.99 -99.99 -99.99   
