1895 0.42  -0.13  -0.88  -1.64  -1.21  -1.70  -2.40  -2.80  -3.10  -3.86  -4.27  -4.04   
1896 -3.94  -3.60  -3.35   1.17   1.07   0.61   0.68   0.62   1.27   1.73   2.15   1.77   
1897 2.35   2.10   2.09   1.88   1.57   1.83   1.69  -0.34  -1.26  -1.69  -2.10  -2.01   
1898 -1.95  -1.18  -1.12  -1.24  -1.77  -1.78  -2.26  -2.61  -3.25  -2.44  -2.49  -2.52   
1899 -2.39   0.00   0.50  -0.49   0.03   0.59   0.56   0.52  -0.03  -0.03  -0.52  -0.24   
1900 -0.53   0.51  -0.10  -0.51  -1.13  -2.13   1.32   1.51   1.85   2.98   2.84  -0.34   
1901 -0.55  -0.57  -0.07  -1.06  -1.45   0.11   0.55  -0.52  -0.51  -0.11  -0.45  -0.52   
1902 -0.91  -0.57  -0.57  -0.98   0.95   0.98   2.30   1.93   2.13   2.06   1.99   2.17   
1903 1.69   1.47   1.55   1.67   2.26   1.14   1.83   2.79   3.28   3.39   2.88   2.57   
1904 1.97   2.03   1.94   1.71   2.20   1.70   1.71   1.30   1.39   2.18  -0.73  -0.37   
1905 -0.31  -0.24  -0.28  -0.74   1.09   2.27   2.60   2.49   2.30   2.41   2.35   1.89   
1906 2.36  -0.08  -0.08  -0.67   0.65   0.85  -0.17  -0.26  -0.80   0.14   0.51   0.64   
1907 0.89   0.59   0.29   0.71   0.90   0.62   1.04   0.92   1.68   1.35   1.10   1.16   
1908 0.81   1.21   1.09   1.09   1.52   1.57  -0.03  -0.42  -1.36  -2.10  -2.85  -2.83   
1909 -2.61  -2.06  -2.17  -0.58  -0.72  -0.84  -0.87  -1.05  -1.43  -1.85  -1.76  -0.96   
1910 -1.08  -1.04  -2.22  -2.23  -2.26  -3.54  -4.19  -4.15  -4.20  -4.91  -5.51  -5.87   
1911 -5.93  -4.81  -4.76  -4.73   0.77  -0.39  -0.33  -0.65   0.10   1.49   1.86   2.05   
1912 -0.14  -0.35  -0.95  -1.25   1.51  -1.16   0.94   1.68   1.91   1.69   1.32   1.50   
1913 1.11   1.02   1.40   0.98   1.80   0.98   1.81  -0.23  -0.33   0.44  -0.26  -0.86   
1914 -0.61  -0.94  -1.03   0.37   0.59   2.07  -0.21   0.21  -0.24  -0.92  -1.51  -1.67   
1915 -1.58   0.95  -0.85  -1.96   0.22   0.85   1.31   1.33   2.13   1.91   2.30   1.69   
1916 2.13   1.91   1.97   2.04   2.25   2.98  -1.37  -1.89   0.15   0.36  -0.15  -0.16   
1917 -0.25  -0.33   0.03   0.36   0.31   0.79  -0.22  -0.51  -0.88  -0.03  -0.57  -0.70   
1918 -0.52  -0.25  -0.52  -0.71   1.05  -0.90  -1.49  -1.82  -2.04  -2.19  -2.42  -1.84   
1919 -2.10   0.59   0.57   1.09  -0.30  -0.39  -0.41  -1.09  -1.33   0.31   0.59   0.29   
1920 0.21   0.05   0.49   0.72   0.13   1.11   0.01  -0.54  -1.04  -1.67  -1.82  -1.08   
1921 -1.51  -1.50  -1.04  -0.71  -0.88  -1.86  -2.32  -2.47  -2.34  -2.52  -2.81   0.35   
1922 0.08   1.64   1.44   1.51  -0.40  -0.57   0.00  -0.74  -0.77  -1.34  -1.40  -1.60   
1923 -1.37  -1.37  -1.06  -0.87  -1.04  -1.01  -0.89  -1.25  -1.35  -1.52  -2.22  -2.19   
1924 -2.15   0.21  -0.28   0.44   1.02   1.13   1.45   2.39   2.63  -0.80  -0.93  -0.93   
1925 -1.39  -1.12  -1.37  -1.73  -2.15   0.62   0.95   0.31   0.53   0.68   0.46   0.51   
1926 0.20   0.57   0.47   0.14   0.47   0.49   0.35   0.33   1.19   1.53   1.70   1.68   
1927 -0.42  -0.48  -0.63  -0.80  -0.19  -0.61  -0.23  -1.00   0.27   0.49   0.86   1.21   
1928 0.89   1.01   0.76   1.16   0.85   1.01   0.98   1.91   2.27   2.93   2.61   2.11   
1929 2.60   2.34   1.98   2.58  -0.15  -0.45  -0.61  -1.43  -1.69  -1.97  -2.66  -2.76   
1930 -2.56  -2.04  -2.06  -2.23  -1.63  -1.38  -2.04  -3.25  -3.53  -3.75  -4.54  -5.08   
1931 -5.22  -4.80  -4.45  -4.64  -4.53  -4.01  -3.79  -3.79   0.18   0.43   1.04  -0.70   
1932 -0.47  -0.22  -0.34  -0.35  -0.12  -0.95   0.56   1.63  -0.56   0.14   0.05   0.40   
1933 0.04   0.57   0.24   0.55  -0.53  -1.57  -2.30  -3.29  -2.93  -2.50  -2.53  -2.22   
1934 -2.20  -2.25  -2.24  -1.83  -2.98  -3.36  -3.78  -3.97   1.39   1.20   1.96   2.04   
1935 2.31  -0.35  -0.74  -0.82  -1.40   0.51   1.03   0.03  -0.52   0.27   0.34   0.15   
1936 0.34   0.39   0.61  -0.31  -0.39  -0.91  -2.16  -1.51  -1.88  -2.22  -2.51  -2.58   
1937 -1.93  -0.63  -1.46  -1.35  -1.68  -2.79  -2.06  -2.61  -2.49   0.48   0.80   0.44   
1938 1.30   0.85   0.84   1.50   1.55   1.79   1.98   2.19   1.67   1.13   1.24   1.35   
1939 1.59   2.44   2.53   2.35   2.20   3.44  -0.55  -0.69  -1.50  -1.73  -3.02  -3.24   
1940 0.27   0.36   0.09   0.28   1.58   2.00  -0.31  -0.60  -1.39  -2.02  -1.50  -1.37   
1941 -1.30  -0.75  -1.23  -1.28  -1.67  -2.13  -2.26   1.10   1.68   2.51  -0.12  -0.16   
1942 -0.49  -0.77   0.81  -0.94   0.95   0.58   1.42   1.51   2.80   3.20   3.38   3.49   
1943 3.22   2.98   3.04   2.78   2.59   3.62  -0.70  -0.99  -1.65  -2.36  -2.64  -3.19   
1944 -3.28  -3.11   0.37   0.21   0.24   1.47   1.47  -0.26  -0.17  -0.70  -0.80   0.02   
1945 0.05   0.80   0.26   1.07   1.53   1.70   1.55   1.71   1.55   1.17   1.52   1.71   
1946 1.85  -0.07  -0.64  -1.45  -1.40   1.20  -0.59  -0.83  -0.72  -0.61  -0.55  -0.43   
1947 -0.94  -0.30  -0.81   1.00   1.16   1.28  -0.62  -1.25  -1.47  -2.88  -3.42  -3.81   
1948 -3.07  -2.78  -2.71  -2.30  -3.25  -3.48  -3.65  -4.02  -4.99  -5.70  -5.46  -5.45   
1949 -4.58  -4.22  -3.95  -4.74  -4.33   0.08   1.45   0.97   1.04   1.04   1.51   0.87   
1950 2.20   1.77   2.02   2.78   2.60   2.19   2.62   2.57   1.80   0.92   1.34   1.74   
1951 1.10   1.58   2.24   2.86   2.10   3.15   3.58   4.81   5.14   5.13   4.64   4.10   
1952 3.87  -0.50  -0.46  -0.87  -1.21   0.36   1.56   1.52  -0.95  -1.62  -2.20  -2.27   
1953 -2.14   0.81   0.80   1.23   1.61   2.32   3.09   3.06  -0.24  -1.09  -1.60  -1.24   
1954 -1.17  -1.25   0.38   1.45   2.41   2.47  -0.44  -1.04   0.64   1.20  -0.39  -0.98   
1955 -1.10  -1.30   0.72  -0.57  -0.34  -1.22  -0.96  -0.91  -1.21   0.22   0.35   0.68   
1956 -0.62  -1.32  -1.74  -1.78   0.52   0.15   0.79   0.85  -0.31  -1.46  -1.32  -1.33   
1957 -1.75  -1.64  -2.07  -2.16  -2.37  -2.60  -3.00  -3.35  -2.61  -3.02  -2.19  -2.32   
1958 -2.22  -2.30  -2.59  -3.10  -3.01   0.61   1.63   2.03  -0.32  -0.32   0.42   0.46   
1959 -0.56  -0.96  -0.99  -1.31  -1.15  -1.42  -1.38   1.03   2.15   3.26   2.88   2.63   
1960 2.28   1.97   1.20   2.68   3.45   3.21   3.16   3.09  -0.29  -0.33  -0.05  -0.57   
1961 -1.13  -0.87  -0.59  -0.44  -0.08  -0.63  -0.52  -1.56  -1.55  -1.64  -1.64  -1.48   
1962 -1.71  -0.98  -1.48  -1.46  -1.05  -1.40  -1.49  -1.26  -0.83  -1.14  -1.85  -1.74   
1963 -2.04  -2.27  -2.37  -2.30  -2.11  -1.88  -2.36  -2.53  -3.14  -4.42  -5.26  -5.73   
1964 -5.85  -5.59  -5.16   0.28   1.09   0.36   0.05   0.87   0.96  -0.42  -0.42  -0.19   
1965 -0.71   0.27   0.10   0.15   0.90  -0.45  -0.68  -0.78   0.59   0.22   1.22   1.49   
1966 -0.20  -0.68   0.75   0.73  -0.76  -1.17  -1.93   0.90   0.25   0.46   0.27   0.49   
1967 1.15   1.01   0.62   0.86   0.67   1.46   1.14   1.30  -0.80   1.16  -0.14  -0.47   
1968 -0.90  -0.79  -1.03   0.22   0.46   1.81   2.57   2.04   3.15   3.39   2.76   3.94   
1969 4.39  -0.42  -0.83  -0.89  -1.31  -0.80  -1.00  -1.89  -2.26  -1.41  -1.62  -1.39   
1970 -1.31  -1.70  -2.08  -2.28  -0.62  -1.44  -0.92  -2.20   0.55   0.92   1.05   1.17   
1971 1.86   2.74   2.84   1.88   1.96   1.91   1.84   1.18   0.73   0.66   0.66   0.94   
1972 0.94   0.82   1.49   1.69   1.02   0.83   1.43   2.17   2.81   2.63   2.78   3.10   
1973 2.53   2.09   2.34   2.17   3.61   3.07   2.99   2.77  -0.32  -0.74  -1.25  -0.62   
1974 -0.82  -1.03  -1.64   0.48   0.81   1.10   0.80   1.36   1.48   1.48   2.13   1.43   
1975 1.97   2.06   2.03   2.25  -0.31  -0.07  -0.99  -1.25  -1.04  -1.59   0.78   0.92   
1976 1.28   1.54   2.72  -0.67  -0.89  -1.43  -2.13  -3.43  -4.47  -4.97  -5.92  -6.45   
1977 -6.67  -6.11   1.34   1.59   0.23   0.15   0.44   1.07   1.96   1.99   1.97   2.46   
1978 2.28  -0.43  -0.99  -0.99  -0.51  -0.95   0.86   2.08   2.20   1.76   1.86   2.02   
1979 2.08   2.06   3.12   2.38   2.44   3.14   3.18   2.74   2.25   3.48   3.25   2.34   
1980 2.91  -0.36  -1.04  -1.02  -1.65  -1.79   0.53   0.86   2.26   2.48   1.85   1.68   
1981 1.26   2.01   1.59   1.88   1.67   2.64  -0.56  -0.85  -1.48  -0.68  -1.41   0.59   
1982 1.39  -0.57  -0.80   1.14  -0.35  -0.93   1.61   1.63   2.21   3.03   3.01   3.34   
1983 3.12   2.56   2.76   2.60   3.64   3.07   2.12   1.31   1.63   2.20   3.03   3.28   
1984 2.60   2.73   2.85  -0.38  -0.94  -1.04  -1.52   0.11   0.59  -0.18  -0.60   0.50   
1985 0.47   0.61   1.00   1.62   1.58   1.14   1.16   1.78   3.02   3.47   4.78   4.77   
1986 4.36   3.66   3.72  -0.63  -2.27  -2.47  -2.52  -2.37  -2.32  -1.81  -2.00  -2.46   
1987 -2.74  -3.02  -3.19  -3.83  -3.55  -4.23   0.42   0.54  -0.49   0.49   0.77   1.10   
1988 1.30   0.83   1.06  -0.81  -1.76  -2.82  -3.41   1.44   1.09   1.82   3.13   3.04   
1989 -0.01  -0.14  -0.26  -0.69  -0.95  -0.27  -1.14  -1.50  -2.65  -3.08  -3.56  -3.59   
1990 -3.56  -3.42  -3.28  -3.41  -3.07  -2.37  -2.27  -2.83   0.24   1.16  -0.55  -0.79   
1991 -1.00  -1.23   0.73   0.46   0.60   0.06   1.00  -1.22   0.06   0.67   2.16  -0.26   
1992 -0.44  -0.33  -0.62  -0.73  -1.33  -2.11   1.17   1.10   1.17   1.15   1.80   2.04   
1993 1.93  -0.63  -1.18   0.54   0.93   1.00  -0.43  -0.82  -0.76  -0.52  -0.47  -0.59   
1994 -0.31  -0.96  -1.12  -0.96  -1.33  -1.48  -0.93  -0.71  -0.61  -0.87  -1.09  -1.88   
1995 -1.89   0.07   0.21   0.48   0.85  -1.13  -0.93  -1.09  -1.07   1.23   1.48   1.77   
1996 2.79   2.96   3.04   4.10   3.20   3.39   4.06   3.32   2.63   2.69   2.77   3.79   
1997 5.09  -0.58  -0.28  -0.95  -0.47  -1.14  -1.21  -1.22  -1.68  -1.95  -2.43  -2.36   
1998 -2.06  -2.38  -1.45  -2.30  -3.07  -2.74  -2.99  -3.51  -3.93  -4.47  -4.79  -4.51   
1999 0.94   1.28  -0.71  -1.11   1.20   0.72   2.04  -0.06  -0.28  -0.18  -0.72  -0.79   
2000 -0.71  -0.70   0.72  -0.37  -1.30  -0.97  -0.78  -1.65  -2.08  -2.89  -3.14  -2.55   
2001 -1.95  -1.33  -1.46  -0.55  -0.64  -0.72  -0.68  -1.38  -1.81  -1.57  -1.81  -1.34   
2002 -1.73   1.04   1.76   2.79   2.67   2.23   2.10   1.80   2.19   3.56   2.84   1.93   
2003 1.64   1.51   1.83   2.02   2.51  -0.69  -0.72  -1.54  -1.66  -1.89  -1.91   0.01   
2004 0.15   0.33   1.08   1.36   2.04  -0.36  -0.35  -0.29  -1.36  -0.98  -1.34  -0.63   
2005 -0.79  -0.80  -0.98  -1.52  -1.56  -1.78  -2.05  -2.82  -3.10  -2.23  -1.43  -1.44   
2006 -1.40  -1.11  -0.93  -1.86  -1.05  -1.97  -1.94  -2.55  -3.15  -3.28  -4.26  -4.15   
2007 -3.86  -3.77  -3.02  -2.41  -3.03  -3.57  -4.06  -5.11  -4.13  -2.53  -2.48  -1.89   
2008 -1.81  -1.88  -2.17  -1.22  -1.19  -1.31  -0.91  -2.02  -2.29  -2.59  -2.97  -2.43   
2009 -2.41  -1.98  -2.41  -1.56  -1.89  -2.06  -2.04  -1.30  -2.18  -0.82  -1.57  -0.68   
2010 -0.79  -0.79  -1.72  -2.92  -4.01  -3.16  -2.71  -3.08  -1.16  -1.24  -1.28  -1.01   
2011 -0.98  -1.46  -1.78  -0.93  -0.72  -0.63  -1.33  -2.01  -1.86  -2.12  -2.76  -2.86   
2012 -2.28  -2.46  -2.80  -3.02  -2.91  -2.77  -2.13  -2.80  -2.78  -1.98  -1.75  -1.82   
2013 -1.29   1.26 -99.99 -99.99 -99.99 -99.99 -99.99 -99.99 -99.99 -99.99 -99.99 -99.99   
