1895 0.53  -0.09  -0.83  -1.61  -1.51  -2.82  -3.64  -3.86  -4.27  -5.11  -5.71  -5.13   
1896 -5.03  -4.53  -4.31  -3.28  -3.19  -3.36  -3.36   0.23   1.02   1.08   1.63   1.25   
1897 2.07   1.72   1.77   1.69   0.02  -0.57  -1.05  -1.46  -2.33  -2.84  -3.55  -3.73   
1898 -3.23  -2.21  -1.92  -2.00  -2.08  -1.98  -2.75  -3.23  -3.88  -3.18  -3.35  -3.06   
1899 -2.90  -2.53  -1.65  -2.38  -1.71  -1.74  -1.63  -1.88  -1.57  -1.51  -2.54  -2.23   
1900 -2.32  -1.28  -1.32  -1.99  -2.57  -2.80  -1.75  -1.86  -1.81  -1.65  -1.44  -1.75   
1901 -1.77  -1.52  -0.84  -1.61  -1.65  -2.06  -1.40  -1.75  -1.93  -1.76  -2.49  -2.33   
1902 -2.61  -2.17  -2.09  -2.36   0.24   0.93   1.90   1.35   1.67   1.74  -0.16   0.19   
1903 -0.22  -0.23   0.11   0.28   0.29  -0.67   0.45   1.40   1.73   1.86   1.46   1.35   
1904 1.01   1.33   1.50   1.36   1.78  -0.96  -1.18  -1.35   0.14   0.70  -1.06   0.08   
1905 0.19   0.27  -0.01  -0.51   0.50   0.98   1.79   1.70   1.45   1.28   1.06   0.77   
1906 1.45   1.33   1.34  -0.69  -0.33  -0.36  -0.76  -1.15  -2.14  -1.88  -1.88   0.20   
1907 0.56   0.24   0.10   0.53   0.97  -0.63  -1.13  -1.20   0.84  -0.22  -0.59  -0.46   
1908 -0.58   1.09   1.01   0.96   1.64  -0.90  -1.34  -1.68  -2.70  -3.77  -4.88  -5.30   
1909 -5.00  -4.00  -3.81  -1.92  -2.04  -1.95  -1.53  -1.83  -2.37  -3.08  -3.33  -2.66   
1910 -2.66  -2.63  -3.61  -3.36  -2.75  -3.86  -3.87  -3.51  -3.62  -4.41  -5.13  -5.42   
1911 -5.39  -4.32  -4.26  -4.50  -3.85  -3.75  -3.44  -3.85  -3.62   0.97   1.56   1.83   
1912 1.51   1.23   0.49   0.19   1.20  -1.07  -0.01   0.78   0.88   0.56   0.14   0.31   
1913 0.13   0.10   0.85   0.46   0.84  -0.79  -1.15  -1.43  -1.83  -1.69  -2.68  -3.20   
1914 -2.63  -2.80  -2.68  -2.04  -1.79  -1.21  -1.01  -0.81  -1.05  -1.77  -2.58  -2.63   
1915 -2.36  -1.18  -1.86  -3.04  -2.85   0.17   0.28   0.59   1.70   1.47   1.55   1.04   
1916 1.53   1.26   1.37   1.28   1.72   2.37  -0.88  -1.46   0.34   0.68  -0.17  -0.14   
1917 -0.45  -0.64   0.06   0.30   0.25   0.97   0.71   0.46   0.00   0.63  -0.74  -0.92   
1918 -0.73  -0.38  -0.55  -0.69   0.83  -0.84  -1.34  -1.82  -2.04  -2.06  -2.31  -1.97   
1919 -2.31   0.71   0.84   1.18   1.19  -1.18  -2.09  -2.94  -2.93  -2.87  -2.90  -2.78   
1920 -2.68  -2.59  -1.87  -1.50  -1.92  -1.42  -1.01  -1.33  -1.93  -2.83  -3.37  -3.08   
1921 -3.42  -3.27  -2.58  -2.16  -2.48  -3.29  -3.84  -3.50  -3.66  -3.89  -4.64  -4.29   
1922 -4.13  -2.04  -1.77  -1.44  -1.60  -1.80  -1.07  -1.62  -1.18  -1.57  -1.83  -2.03   
1923 -1.76  -1.64  -1.16  -1.08  -1.38  -1.94  -1.65  -1.76  -1.81  -1.99  -3.20  -3.27   
1924 -3.05   0.25   0.06   0.46   0.96   0.71   1.11   1.89   1.76  -1.06  -1.57  -1.45   
1925 -1.90  -1.63  -1.71  -2.06  -2.43  -3.13  -2.95  -3.26  -3.19  -2.92  -3.48  -3.23   
1926 -3.24  -2.55  -2.15  -2.24  -2.12  -1.84  -2.23  -2.20  -1.80  -1.51  -0.87  -0.71   
1927 -1.16  -1.21  -1.29  -1.40  -0.92  -1.60  -1.64  -2.28   0.34   0.21   0.36   0.69   
1928 0.49   0.56   0.38   0.79   0.32   0.59   0.12   0.57   1.04   1.55   1.47   1.26   
1929 1.92   1.48   1.21   2.43  -0.18  -0.33  -0.88  -1.53  -2.27  -2.26  -3.13  -3.32   
1930 -2.95  -2.34  -2.31  -2.56  -2.25  -2.32  -2.64  -3.53  -4.12  -4.56  -5.85  -6.81   
1931 -7.18  -6.77  -5.98  -6.11   0.54   0.59   0.80  -0.95   1.00   1.17   1.77   1.34   
1932 1.89   2.13  -0.19  -0.43   0.42  -1.06   0.66   1.03  -0.62   0.53   0.48   1.08   
1933 0.75   1.62   1.58   1.93   1.88  -0.87  -0.87  -1.79  -2.07   0.54   0.79   1.14   
1934 -0.04  -0.46  -0.49   0.48  -0.97  -1.40  -2.00  -2.24   0.49  -0.50   0.75   0.71   
1935 1.44  -0.42  -0.68  -1.15  -1.61   1.06  -0.10  -0.26  -0.57  -0.62  -0.31  -0.73   
1936 0.29   0.75  -0.17  -0.27  -0.14  -0.85  -2.00  -1.49  -2.00  -2.13  -2.60  -2.60   
1937 -1.92  -1.03  -1.81  -1.57  -1.94  -2.91  -2.04  -3.11   0.14   0.23   0.26   0.27   
1938 1.34   1.47   1.78   1.85  -0.10   0.12  -0.56  -0.67  -0.69  -1.22  -1.73   0.40   
1939 0.80   1.41   1.88   1.90   1.66   2.61  -0.90  -0.63  -0.73  -0.62  -1.68  -1.78   
1940 0.90   0.62   0.36   0.35   0.93   1.59  -0.31  -0.81  -1.36  -1.60  -1.40  -1.21   
1941 -1.42  -1.12  -1.67  -1.88  -1.67  -1.91  -1.89   0.66   1.28   2.64   2.58   2.74   
1942 -0.18  -0.40   0.42  -1.08  -1.09  -1.55  -1.54  -2.26   0.54   0.85   1.03   1.80   
1943 1.34   1.44   1.81   1.68   1.83   4.21  -0.72  -0.90  -1.66  -1.95  -1.88  -2.06   
1944 -2.48  -2.62   0.38  -0.07  -0.48   0.30   1.10   0.65   1.33   0.88   1.06   1.19   
1945 1.12   1.54   0.71   1.22   1.95  -0.18  -0.43  -0.56  -0.72  -0.73   0.58   0.44   
1946 0.81   0.75  -0.57  -1.20   0.67   0.65  -0.45  -0.04  -0.21  -0.56  -0.57  -0.35   
1947 -0.78  -0.40  -0.70   1.09   2.26  -0.15  -0.43  -1.60  -1.52  -3.11  -3.72  -4.36   
1948 -3.84  -3.49  -3.37  -3.36  -3.87  -3.88  -3.91  -4.08  -5.23  -5.47   0.87   0.36   
1949 0.78   0.78   0.79  -1.09   0.05   0.91   1.99   1.50   1.53   1.40   1.70   1.23   
1950 1.97   1.84   2.26   3.03  -0.37  -0.28  -0.37  -0.17  -0.94  -1.63  -1.58  -1.20   
1951 -1.56   0.74   1.33   0.04  -0.62   0.32   1.77   2.57   3.17   3.82   3.48   3.15   
1952 2.99   2.05   1.85   0.92   0.74   0.73   2.20   3.14   2.51   1.70   1.54   1.27   
1953 1.29   2.05   1.95   2.95   2.44   2.74   2.86  -0.32  -0.51  -1.54  -2.66  -2.68   
1954 -2.68   0.10   0.08   1.79   1.81   1.94   1.38   0.55   1.79   2.30  -0.75  -1.73   
1955 -2.00  -2.07  -1.20  -1.62  -2.03  -2.63  -3.46  -3.72  -4.64  -4.21  -4.20  -3.74   
1956 -4.11  -4.31  -4.12   0.00   0.55   0.59   1.75   1.71   1.84  -0.94  -0.63  -0.91   
1957 -1.44  -1.46  -1.75   0.17   0.68   0.40   0.53   0.29   0.51  -0.49   1.06   1.05   
1958 -0.35  -0.62  -1.32  -1.58  -1.73   0.00   0.81   1.10  -0.02  -0.47   0.26   0.69   
1959 -0.38  -0.85  -0.40  -0.40  -0.35  -0.68   0.24   1.25   2.28   3.98   3.59   2.96   
1960 2.57   2.47   1.77   3.21   5.11   5.18   5.56   5.18   5.06   4.65   4.55  -0.54   
1961 -1.22  -1.27  -0.85  -1.10  -1.34  -0.21  -0.59  -1.33  -0.97  -1.23  -1.52   0.54   
1962 0.44   1.06  -0.59  -0.35  -0.34  -1.07  -1.86  -1.07  -1.09  -1.72  -3.12  -3.49   
1963 -3.78  -3.57  -3.35  -3.39  -3.05  -3.26  -3.15  -2.75  -3.09  -4.56  -5.19  -5.05   
1964 -4.54  -4.47  -4.16  -3.57  -3.01  -3.28   0.01   0.75   1.16   0.80   1.27   1.35   
1965 1.13   1.36  -0.51  -0.55   0.64   0.19   0.40   0.40   2.00   2.06   2.84   2.41   
1966 1.97   1.65   2.27  -0.32  -0.29  -0.66  -1.63  -1.56  -2.19   0.06   0.70   0.53   
1967 1.13   1.18  -0.41  -0.11  -0.24  -0.29  -0.79  -0.22  -1.40   0.71   0.57   0.44   
1968 0.10   0.76   0.10   0.62   0.77   1.63   1.55   2.02   2.17   2.74   2.17   3.00   
1969 3.31   2.31   1.71   1.89   1.37   3.16  -0.41  -1.20  -1.96  -0.79  -0.98  -1.12   
1970 -0.96  -1.30  -1.58  -1.83   1.27  -1.12   1.13  -1.00   1.60   2.28   2.25   1.99   
1971 2.69   3.25   3.45   2.48   2.80   2.38   2.52   2.27   1.56   1.10   0.84   1.47   
1972 1.35   1.66   2.04   2.37  -0.49  -1.24   0.12   1.01   1.23   0.89   0.70   1.26   
1973 0.97   0.47   0.04   0.42   1.80   1.85   2.46   2.95  -0.29  -0.63  -0.77  -0.43   
1974 -0.57  -0.68  -1.11   0.51   0.65   1.28   1.27   1.99   2.31   2.43   2.47   1.74   
1975 2.21   2.17   2.04   1.95   1.60   1.73   1.53   1.52   1.83   0.98   0.85   0.83   
1976 0.96   1.15   2.41  -0.63  -0.43  -1.34  -1.90  -2.84  -3.83  -4.27  -5.14  -5.71   
1977 -5.28   0.33   2.12   1.89   0.52   0.57   1.10   1.74   2.05   1.72   2.87   3.20   
1978 3.03   2.23   1.26   1.10   1.18   0.80   1.53   2.48   3.30   3.18   2.88   2.85   
1979 2.97   2.86   4.00   4.05   3.82   4.39   4.89   4.65   3.68   4.83   4.83  -0.43   
1980 0.49  -0.52  -1.26  -1.00  -1.98  -1.49  -1.67  -1.72  -1.50  -1.69  -2.20  -1.87   
1981 -2.16  -1.51  -1.90  -1.30  -1.90  -0.96  -1.69  -1.81  -2.46  -1.53  -2.31   0.05   
1982 1.40  -0.73   0.29   0.60  -1.20  -1.46   0.28   0.71   1.40   1.84   2.10   2.90   
1983 2.12   1.36   1.50   1.33   2.34  -1.06  -1.61  -1.95  -2.00   0.37   0.38   1.00   
1984 -0.63  -0.75  -0.80  -1.24  -1.86   0.37  -0.20  -0.37   0.76   1.12   0.98   1.33   
1985 1.10   1.33   1.20   1.53   1.38   0.82   0.72   1.08   0.99   0.70   1.69   1.82   
1986 -0.49  -1.01   0.46  -0.81  -2.01  -1.95   0.48   0.53   1.12   1.19  -0.48  -1.19   
1987 -1.53  -2.06  -2.27  -2.97  -3.17  -3.21  -2.85  -2.37  -2.47  -1.90  -1.69  -1.36   
1988 -1.39  -1.69  -1.55  -1.71  -2.68  -3.90  -4.30   1.31   0.90   1.66   3.40   3.21   
1989 -0.17  -0.42  -0.43  -0.94  -0.96  -0.90  -1.71  -1.69  -2.91  -3.22  -3.40  -3.70   
1990 -3.54  -3.36  -3.08  -3.63  -2.62  -1.52  -1.68  -2.06  -1.56  -0.85  -1.26  -1.45   
1991 -1.80  -2.30  -1.59  -1.39  -1.28  -2.16  -1.38  -2.66  -2.20  -1.42  -0.63  -0.72   
1992 -0.86  -0.99  -1.20  -1.15  -1.84  -1.85   1.13   0.86   1.29   1.36   2.08   2.11   
1993 -0.20  -1.12  -1.95   0.78   1.43   1.56   2.09   1.66   1.64   2.46   0.01  -0.40   
1994 -0.75  -1.34  -1.51  -1.57  -1.65  -2.00  -1.36  -0.60  -1.15  -1.46  -2.24  -3.38   
1995 -2.88  -2.79  -2.75  -1.66  -1.45  -2.43   0.26   0.14   0.14   1.58   1.86   2.80   
1996 3.69   3.84   3.47   4.50   3.25   2.84   4.28   3.76   4.11   4.64   4.53   5.00   
1997 5.33  -0.52  -0.12  -0.78  -0.02  -0.91  -1.17  -1.21  -1.74  -2.31  -3.19  -4.13   
1998 -3.81  -3.98  -2.81  -3.14  -3.75  -3.36  -3.72  -3.77  -4.06  -4.33  -4.46  -4.35   
1999 -3.00  -2.23  -2.83  -3.02  -2.80  -2.94  -1.17  -1.06  -1.19  -0.56  -1.56  -1.61   
2000 -1.19  -1.45  -1.22  -1.76  -2.48  -1.95  -2.22  -3.23  -3.27  -3.94  -4.41  -4.71   
2001 -4.54  -3.46  -3.87  -3.36  -2.68  -2.75  -3.05   0.11   0.67   2.18   2.26   2.04   
2002 0.92   1.20   2.27   2.83   3.28   3.19   3.11   3.39   2.58   3.55  -0.24  -0.76   
2003 -0.60  -0.69  -0.47   0.00  -0.18  -0.75  -0.23  -0.66   0.17   0.13   1.05   1.32   
2004 1.14   1.11   1.87   1.63   2.42   2.12   2.18   2.45   1.02   2.19   2.33   3.27   
2005 -0.46  -0.61  -1.28  -1.73  -2.05  -2.99  -3.47  -3.43  -3.61  -3.86  -3.38  -3.39   
2006 -2.90  -2.09  -2.52  -3.10  -2.32  -3.20  -3.70  -3.88  -3.51  -2.87  -3.04  -2.20   
2007 -2.14  -2.28  -1.63  -1.23  -2.05  -2.63  -2.93  -3.81   0.16   0.99   0.79   0.96   
2008 1.98   2.06   1.63   2.55   2.62   2.22   2.70  -0.86  -1.46  -1.62  -1.82   1.60   
2009 -0.39   0.39  -0.55  -0.71  -0.37  -0.73   0.36   1.03  -1.29   1.81  -0.89  -0.16   
2010 -0.79  -1.27  -2.46  -3.43  -4.49   1.56   1.57   1.49   3.74   3.53   0.04  -0.21   
2011 -0.77  -1.42  -1.68   1.64   1.36   1.63  -0.34  -1.01  -0.97  -0.95  -1.18  -1.34   
2012 -1.20  -1.73  -1.87  -2.51  -2.98  -2.29  -2.12  -2.86  -2.95  -1.75  -1.93  -1.63   
2013 -0.93   1.93 -99.99 -99.99 -99.99 -99.99 -99.99 -99.99 -99.99 -99.99 -99.99 -99.99   
