1895 0.55  -0.13  -0.82  -1.59  -1.47  -2.96  -3.77  -3.82  -4.14  -4.82  -5.53  -4.55   
1896 -4.43  -4.09  -4.18  -3.58  -3.71  -4.00  -4.37   0.33   1.42   1.07   1.18   0.47   
1897 1.59   1.12   1.34   1.51   1.92  -0.68  -0.39  -1.01  -2.14  -2.63  -3.42  -3.72   
1898 -2.86  -1.98  -1.48  -1.64  -1.91  -1.74  -2.53  -2.97  -3.33  -2.91  -3.21  -3.15   
1899 -2.98  -2.68  -1.84  -2.44  -1.98  -2.36  -2.28  -3.51  -3.23  -3.26  -4.58  -5.00   
1900 -4.99  -3.53  -3.49  -3.55  -3.49  -3.50  -2.52  -2.66  -2.56  -2.80  -2.67  -3.07   
1901 -2.83  -2.42  -1.86  -2.73  -2.66  -3.42  -2.74  -3.11  -3.49  -3.42  -4.28  -4.40   
1902 -4.63  -4.01  -3.79  -3.98   0.10   1.09   2.28  -0.75  -0.21  -0.17  -0.59  -0.39   
1903 -0.56  -0.44  -0.88  -0.40  -0.58  -0.92   0.52   1.57   1.88   1.52   1.21   1.28   
1904 1.05   1.34   1.71   1.53   1.95  -1.07  -0.99  -1.07   0.30   0.50  -1.16  -1.59   
1905 -1.61   0.20   0.23  -0.38   0.86   1.04   1.99  -0.15  -0.36  -0.58  -1.28  -1.63   
1906 -0.80  -0.61  -0.55  -1.13  -0.82  -0.85  -1.07  -1.61  -2.38  -2.19  -2.42   0.07   
1907 0.88   0.42   0.52   1.21   1.46  -0.74  -1.40  -1.79  -0.96  -1.36  -1.89   0.10   
1908 -0.17   1.08   1.17   1.15   1.83  -1.09  -1.48  -1.66  -2.87  -4.03  -5.02  -5.80   
1909 -5.58  -4.58  -4.36  -2.02  -2.04  -2.28  -2.02  -2.76  -3.20  -3.94  -4.39  -4.19   
1910 -3.89  -3.70  -4.73  -4.33  -3.52  -4.43  -4.86  -4.47  -4.37  -4.83  -5.27  -5.72   
1911 -5.47  -4.38  -4.39  -4.23  -3.44  -3.56  -3.28  -3.72   0.55   1.35   1.95   1.85   
1912 1.39   1.27   0.44   0.09   1.54  -1.04  -1.18   0.72  -0.03  -0.13  -0.34  -0.55   
1913 -0.55   0.04   0.72  -0.14  -0.05  -0.81  -1.20  -1.73  -2.19  -2.26  -3.40  -4.63   
1914 -4.08  -4.04  -3.98  -3.21  -2.61  -2.39  -2.17  -1.81  -1.99  -2.47  -3.11  -3.41   
1915 -3.32  -2.36  -2.80  -3.86  -3.92   0.11   0.39   1.04   2.25   1.79   1.65   1.18   
1916 1.72   1.41   1.57   1.39   2.06   2.66  -0.78  -1.49  -1.12  -0.49  -0.47  -0.27   
1917 -0.78  -1.01  -0.01   0.34   0.59   1.56   0.00  -0.22  -0.64  -0.20  -1.08  -1.29   
1918 -1.34  -0.83  -1.00  -1.15  -0.59  -1.18  -1.59  -2.30  -2.34  -2.23  -2.48  -2.11   
1919 -2.53   0.47   0.68   1.22   1.33  -1.22  -1.80  -2.57  -2.44  -2.29  -2.46  -2.78   
1920 -2.83  -2.77  -2.21  -1.46  -2.22  -2.23  -1.82  -1.94  -2.56  -3.47  -4.02  -3.90   
1921 -4.16  -3.95  -3.04  -2.29  -2.70  -3.45  -4.02  -3.22  -2.98  -2.85  -3.58  -3.53   
1922 -3.57  -1.84  -1.52  -0.85  -1.09  -1.10  -0.66  -1.26  -0.90  -1.26  -2.02  -2.64   
1923 -2.60  -2.40  -1.79  -1.69  -1.44  -2.12  -2.06  -2.09  -1.93  -1.79  -2.85  -3.27   
1924 0.11   0.35   0.25   0.17   1.02   0.65   1.10   1.54  -0.14  -1.31  -1.82  -1.91   
1925 -2.43  -2.08  -2.17  -2.58  -2.98  -3.75  -3.75  -4.07  -3.91  -3.40  -4.07  -4.27   
1926 -4.18   0.49   0.66   0.64   0.43   0.76   0.18   0.02   1.00   1.26   2.01  -0.22   
1927 -0.63  -0.85  -1.03  -1.11   0.61  -0.78  -0.93  -2.03   0.54   0.27   0.41   0.91   
1928 0.69   0.81   0.56   1.03   0.77   1.25   1.06   0.96   1.26   1.76   1.86   1.51   
1929 2.02   1.62   1.14   2.54   2.66   0.00  -0.58  -1.56  -2.49  -2.34  -3.16  -3.46   
1930 -3.13  -2.61  -2.69  -2.73  -2.26  -2.13  -2.51  -3.74  -4.33  -4.69  -6.21  -7.82   
1931 -8.07  -7.87  -7.49  -7.70  -6.31  -6.26  -6.58  -6.87   0.81   1.67   2.53   2.38   
1932 2.52   2.84   2.08   1.49   1.83   1.43   1.58   1.64  -1.05   1.14  -0.15   0.16   
1933 -0.40   0.25   0.10   0.37   0.72  -0.37  -1.10  -1.96  -2.55  -1.72  -1.96  -1.39   
1934 -1.67  -2.08  -1.70  -1.51  -2.31  -2.19  -2.93  -3.26  -2.40  -2.34  -1.00  -1.40   
1935 -1.59  -1.72  -1.73  -2.43  -2.82  -2.61  -2.87  -2.14  -2.12  -2.44  -2.34  -2.57   
1936 -2.40  -2.12  -2.47  -2.36  -2.39  -2.73  -3.58  -3.09  -3.01  -2.41  -2.71  -1.91   
1937 -1.50  -1.29  -1.96  -1.80  -2.36  -2.55   0.70   0.09   0.67   1.13   1.44   1.03   
1938 1.98   2.54   2.36  -0.94  -0.55  -0.90  -1.15  -0.69  -0.60  -1.50  -2.26  -2.50   
1939 -2.17  -1.87  -2.25  -2.24  -2.11   0.46  -0.56   1.59  -0.25  -0.04  -0.64  -0.77   
1940 -0.39  -0.72  -1.19   0.15   0.94   1.27   1.05   2.14   1.71   1.49   1.86  -0.24   
1941 -0.29  -0.40  -0.88  -1.23  -1.54  -2.37  -2.85  -2.96   0.20   1.77   1.90  -0.33   
1942 -0.32  -0.75   0.83  -0.86   1.38   1.35   1.46  -0.87   1.11   0.97   0.87   1.77   
1943 1.57   1.80   2.42   2.30   2.34   3.22  -0.10  -0.17  -1.10  -1.22  -0.50  -0.97   
1944 -1.33   0.10   0.34   0.38  -0.50   0.81   0.92  -0.74  -0.06  -0.40  -0.26  -0.50   
1945 -0.88  -0.64  -1.34   0.27   1.59   1.95   2.35   2.97   3.69   3.99   4.73   4.09   
1946 4.15   0.04  -0.53  -1.49  -1.11  -0.85  -0.93  -1.36  -1.62  -2.63  -2.93   0.02   
1947 0.00   0.06  -0.10   0.73   2.59  -0.46  -0.49  -1.82  -1.33  -2.54  -2.83  -3.17   
1948 -3.24  -2.78  -1.82  -1.30  -1.35  -1.23  -0.63  -1.28  -2.42  -2.83  -2.61  -2.33   
1949 -1.69  -1.12  -0.92  -1.25  -1.61  -1.04  -0.72  -1.46  -1.93  -2.75  -2.98  -3.17   
1950 0.98   0.95   1.16   1.84   1.19   0.79   1.38   2.05   1.77   1.22   1.16   1.02   
1951 0.80   1.00   1.25   2.01  -0.69  -1.10   0.84   0.71   0.64   1.86   2.37   2.49   
1952 2.85   2.11   2.34   1.87   1.31   1.01   2.79   2.69  -0.91  -1.64   0.13   0.26   
1953 0.46   1.64   1.51   1.88   1.60   1.55   1.94  -0.38  -0.82  -1.95  -3.08  -3.63   
1954 -3.62  -3.09  -3.07   1.26   1.27   3.02   2.71   1.68   1.83   2.69  -0.65  -0.95   
1955 -1.11  -1.35  -1.37  -1.64  -1.88  -2.18  -2.85  -3.78  -4.88  -4.88  -5.05  -5.13   
1956 -5.40  -5.26  -4.45  -3.52  -2.99  -3.05  -1.79  -1.00  -1.54  -2.54  -2.69  -2.79   
1957 -2.89  -3.05  -3.21  -2.86  -1.86  -1.15  -0.55  -0.57  -0.80  -1.11  -0.79  -0.78   
1958 -1.37  -1.63  -2.22  -2.49  -2.74   0.09   0.20   0.63   0.71   0.54   0.83   0.71   
1959 0.34   0.75   1.00   1.65  -0.15  -1.16  -1.76   1.22   1.08   2.05   2.07   1.78   
1960 1.67   1.96   1.61   2.11   2.97   3.01   3.37   3.27  -0.05  -0.41  -0.16  -0.43   
1961 -0.93  -0.87  -0.59  -0.86  -1.19   0.32   0.75   0.27   1.85   1.85   1.85   1.70   
1962 2.24   2.49  -0.47  -0.87  -1.41  -1.33  -1.49  -1.08  -1.13  -1.40  -2.53  -2.62   
1963 -2.47  -2.63  -1.80  -2.35  -1.31  -1.93  -1.69  -1.51  -1.78  -2.97  -3.16  -3.05   
1964 -2.70  -2.93  -2.42  -1.66  -1.68  -2.52   0.34   0.28   0.83   0.42   0.27   0.20   
1965 0.60   0.52   0.34   1.24  -0.02  -0.27  -0.63   0.14   1.90   1.79   2.17   2.24   
1966 1.91   1.90   2.05   1.91  -0.67  -1.75  -2.78  -3.09  -3.46  -3.51   1.10   1.27   
1967 1.60   1.64   1.09   1.97   1.89   2.54   1.90   1.96   1.36   1.43   1.79   2.13   
1968 1.51   1.80   0.92   0.80   0.70   1.46   1.46   1.42   1.32   1.34   1.24   1.99   
1969 2.25   1.39   0.77   0.98   0.87   3.47   3.82   2.48   1.86   3.19   3.15  -0.44   
1970 -0.35  -0.68  -0.71  -1.20  -1.16  -1.66  -1.03  -2.04   1.57   1.39   1.72   1.97   
1971 2.23   2.89   2.86  -0.40  -0.07  -0.90  -0.74  -0.60  -1.41  -2.48  -2.64   1.08   
1972 0.81   0.72   1.09   1.08  -0.31  -0.50   1.24   2.51   2.94   2.97   2.33   2.89   
1973 -0.25  -0.35  -0.87   0.02   0.61   0.67   1.04  -0.51  -0.94  -1.21  -2.00   0.11   
1974 0.51   0.22   0.05   0.33   0.26   1.34   1.98   2.27   2.19   2.11   1.81   1.41   
1975 1.67   1.47   1.77   1.74   1.68   1.47   1.96   3.24   3.41   2.59   2.66   2.24   
1976 2.06   2.44   3.85   3.07   3.36  -0.84  -1.37  -2.03  -2.79  -3.29  -4.07  -5.01   
1977 -4.94  -3.98  -2.43  -2.62  -3.83  -4.27   0.04   1.11   1.26   1.16   1.53   2.02   
1978 2.02  -0.44  -1.17  -1.16  -0.92  -1.23  -1.43   0.33   1.50   1.84   1.47   1.39   
1979 1.64   1.36   2.26   2.62   2.37   2.23   1.87   2.24  -1.60   0.43   0.54   0.32   
1980 0.58  -0.33  -0.87  -0.22  -0.87  -0.19  -0.18  -0.79  -0.68  -0.79  -1.59  -1.58   
1981 -2.15  -1.49  -1.91   1.23  -0.58  -0.37  -1.17  -1.04  -1.53  -1.09  -1.80  -1.81   
1982 0.80   0.07   0.36   0.68  -1.03  -1.19  -0.92  -1.14   0.02   0.06   0.53   1.69   
1983 1.07   0.69   1.01   0.81   2.83  -0.84  -1.50  -1.42   0.24   0.94   1.07   1.58   
1984 1.11   0.62   0.49   0.18   0.26   0.51   0.50   0.59   1.18   1.83   1.82   2.31   
1985 2.34   3.30   3.20   3.09   2.77   2.20   2.50   3.27   3.93   3.75   4.40   4.69   
1986 3.73   3.03   2.90   1.97   1.11   2.08   2.37   2.21   4.29   4.59  -0.41  -0.81   
1987 -1.23  -1.72  -2.18  -2.74  -3.12  -3.28  -4.02   1.25   1.02   1.35   1.50   1.96   
1988 1.93   1.69   1.65   1.79  -1.19  -2.19  -2.44  -2.33  -2.67   1.07   2.50  -0.03   
1989 -0.21  -0.48   0.53  -0.60   0.41   0.65  -0.92  -0.98  -2.00  -2.38  -2.59  -2.95   
1990 0.89   0.60   0.86   0.04   0.60   2.27  -0.04  -0.14  -0.17   0.37   0.37  -0.13   
1991 -0.55  -0.90   0.99   0.99  -0.15  -1.31   0.71  -0.91   0.15   2.22   2.03   2.08   
1992 1.78   1.76   1.56   1.72  -1.09  -1.38  -1.04  -1.26   0.75   1.06   2.66   2.52   
1993 2.27   1.58   0.73   1.97   1.78   2.35   2.42   2.70   2.92   2.73   2.77   2.48   
1994 2.50   2.59   2.19   2.17   1.58   0.96   2.55   3.76   3.40   3.08   2.94   1.69   
1995 1.99   1.74   1.36   1.85   1.56   0.85   0.71   1.33   0.79   1.33   2.00   2.10   
1996 2.22   2.38   1.93   2.77   2.26   2.64   3.20   2.52   2.53   2.89   2.60   3.21   
1997 4.41   4.63   4.09   2.90   3.65  -0.93  -0.99  -0.57  -1.43  -1.79  -2.45  -3.23   
1998 -2.22  -2.62  -0.77  -1.04  -1.69  -1.49  -2.18  -2.20  -2.41  -2.52  -2.62  -2.29   
1999 -1.23  -1.36  -1.97  -2.35  -2.23   0.35   2.09  -0.21  -0.35  -0.45  -1.52  -1.38   
2000 -1.32  -1.24  -1.78  -2.28   0.25   0.10   0.14   0.10   0.42  -0.73  -0.46  -0.35   
2001 -0.66  -0.03  -0.69  -0.67   1.10  -0.06  -0.70  -0.84   0.56   2.08   1.70   2.01   
2002 1.12   1.71   2.17   2.51   3.33   3.12   2.58   3.06  -1.35  -1.07  -1.92  -2.69   
2003 -2.90  -2.81   0.02   0.78   0.77   0.30   1.09   1.05  -0.45   0.20   1.39   1.41   
2004 1.70   1.76   2.53   2.41   3.75   3.22   2.84   2.74   0.92   1.45   1.21   2.22   
2005 2.36   2.24  -0.32  -1.17  -1.51  -2.53  -2.40  -1.72  -2.00  -2.99   0.41   0.39   
2006 1.18   1.24   0.88   0.35   0.98   0.68   0.37   0.52   0.45   1.85   1.27   1.86   
2007 1.36   1.12   1.53   1.58  -0.79  -1.12  -1.71  -2.31  -2.91  -3.08  -3.72  -3.90   
2008 1.28   1.70   1.17   1.86   2.05   3.18   3.08  -0.72  -1.07  -1.39  -1.65   2.20   
2009 1.74   2.15   1.95   1.56   1.50   1.39   1.18   2.03   1.44   2.68  -0.66  -0.11   
2010 -0.81  -1.26  -2.23  -2.61  -2.72   1.32   1.32   1.05   1.80  -0.26  -0.94  -0.97   
2011 -1.03  -1.29  -1.30   1.94   1.81   2.54   1.55   0.97   0.72   0.86   1.14   0.86   
2012 1.15   0.58   0.74   0.63   0.79   1.35   1.80   0.90   0.58   1.90   1.06   1.38   
2013 2.37   2.68 -99.99 -99.99 -99.99 -99.99 -99.99 -99.99 -99.99 -99.99 -99.99 -99.99   
