1895 0.55  -0.30  -0.90  -1.56  -1.39  -2.76  -3.29  -3.13  -3.36  -3.98  -4.83  -3.63   
1896 -3.64  -3.35  -3.66  -3.52  -3.54  -3.83  -4.00   0.17   1.18   0.69   0.69   0.05   
1897 1.40   1.12   1.28   1.58   1.85  -0.52  -0.71  -1.28  -2.36  -2.77  -3.59  -3.88   
1898 -2.91  -1.98  -1.36  -1.59  -1.78  -1.60  -2.49  -2.66  -3.13  -2.77  -3.17  -3.32   
1899 -3.17  -2.85  -1.98  -2.63  -1.98  -2.31  -2.17  -3.63  -3.24  -3.28  -4.71  -5.17   
1900 -5.38  -3.76  -3.73  -3.79  -3.86  -3.74  -3.08  -3.21  -3.03  -3.73  -3.95  -4.89   
1901 -4.81  -4.30  -3.72  -4.34  -4.10  -4.50  -3.61  -3.72  -4.11  -3.88  -4.64  -4.65   
1902 -4.97  -4.59  -4.21  -4.30   0.13   0.92   1.94   1.11   1.50   1.48   0.98   1.02   
1903 0.73   1.15  -0.72   0.38   0.28   0.07   0.39   1.34   1.70   1.32   1.12   1.17   
1904 1.08   1.48   1.84   1.75   2.06  -1.00  -0.99  -0.85  -0.49  -0.36  -1.45  -1.89   
1905 -1.87   0.09   0.17  -0.19   0.93   1.18   2.21  -0.39  -0.45  -0.64  -1.14  -1.41   
1906 -0.64  -0.60  -0.66  -1.15  -0.69  -0.69  -1.05  -1.71  -2.77  -2.61  -3.15  -3.12   
1907 1.00   0.38   0.70   1.52   1.75  -0.71  -1.61  -2.13  -1.09  -1.32  -1.83   0.19   
1908 -0.18   1.43   1.52   1.35   2.15  -0.98  -1.39  -1.36  -2.52  -3.76  -4.97  -5.80   
1909 -5.80  -4.43  -4.18  -1.92  -1.93  -2.24  -1.82  -2.67  -3.25  -3.94  -4.72  -4.73   
1910 -4.37  -3.86  -4.79  -4.41  -3.64  -4.57  -4.45  -4.10  -4.21  -4.62  -5.34  -5.94   
1911 -5.95  -4.97  -4.92  -4.59  -3.82  -3.76  -3.57  -3.79  -3.62  -2.89  -2.29  -1.88   
1912 -2.03  -1.79  -2.29  -2.33  -0.76  -1.90  -2.38  -1.80  -1.70  -1.83  -2.23  -2.53   
1913 -2.19  -1.99  -1.12  -1.06  -0.85  -1.60  -2.69  -3.24  -3.72  -3.80  -5.20  -6.76   
1914 -6.56  -6.37  -6.32  -5.32  -4.51  -3.93  -3.45  -2.99  -3.21  -3.69  -4.34  -4.70   
1915 -4.54  -3.57  -3.85  -4.65  -4.38   0.20   0.40   1.01   2.07   1.66   1.43   1.09   
1916 1.76   1.38   1.59   1.31   2.07   2.73  -0.67  -1.31  -0.93  -0.34  -0.41  -0.22   
1917 -0.80  -1.16  -1.15   0.44   0.56   1.39  -0.07  -0.25  -0.79  -0.27  -0.94  -1.34   
1918 -1.46  -0.92  -1.06  -1.18  -0.61  -1.19  -1.58  -2.24  -2.26  -2.15  -2.47  -2.28   
1919 -2.78  -2.21  -1.67  -0.93  -0.62  -1.75  -2.68  -3.14  -3.10  -2.99  -3.42  -4.15   
1920 -4.35  -4.29  -3.77  -2.75  -3.26  -3.09  -2.50  -2.43  -2.73  -3.64  -4.40  -4.13   
1921 -4.45  -4.21  -3.13  -2.59  -2.88  -3.52  -4.01  -3.30  -3.42  -3.38  -4.28  -4.27   
1922 -4.34  -2.68  -2.25  -1.54  -1.64  -1.48  -0.81  -1.18  -0.72  -0.88  -1.51  -2.06   
1923 -2.03  -1.88  -1.29  -1.16  -1.05  -1.72  -1.54  -1.63  -1.56  -1.41  -2.49  -2.78   
1924 0.15   0.39  -0.12  -0.45   0.71   0.19   0.70   0.81  -0.17  -1.38  -2.19  -2.56   
1925 -3.05  -2.66  -2.65  -2.99  -3.30  -3.84  -3.77  -4.02  -3.84  -3.25  -3.84  -4.10   
1926 -4.06  -3.10  -2.50  -2.01  -2.01  -1.59  -2.14  -2.25  -1.73  -1.57  -1.02  -1.09   
1927 -1.43  -1.49  -1.67  -1.67  -1.02  -1.79  -1.92  -2.54   0.66   0.32   0.30   0.78   
1928 0.56   0.69   0.48   1.03   0.62   1.04  -0.43  -0.82   0.41   0.75   0.90   0.63   
1929 1.27  -0.25  -0.49   1.47   1.51  -0.24  -0.92  -1.85  -2.94  -2.68  -3.49  -3.78   
1930 -3.43  -2.82  -2.84  -2.76  -2.24  -2.19  -2.50  -3.63  -4.29  -4.73  -6.32  -7.94   
1931 -8.45  -8.51  -8.39  -7.83  -6.43  -5.60  -5.74  -5.83   0.60   1.09   1.73   1.65   
1932 2.00   2.09   1.24   1.13   1.77   1.78   2.30   2.21   1.35   2.79   2.56   2.73   
1933 2.26   2.33   2.11   2.56   2.91  -0.72  -1.40  -2.56  -3.12  -1.93  -1.95  -1.26   
1934 -1.57  -1.96  -1.65  -1.66  -2.65  -2.68  -3.20  -3.48  -2.37  -2.17  -1.31  -1.39   
1935 -1.30  -1.28  -1.22  -1.95  -2.49  -1.78  -2.16  -1.56  -1.67  -1.89  -2.00  -2.49   
1936 -2.18  -1.78  -2.08  -1.61  -1.46  -1.99  -2.72  -2.38  -2.07  -1.11  -1.21  -1.03   
1937 -0.80  -0.95  -1.78  -1.25  -1.97  -2.53  -1.78  -2.40   1.17   1.39   1.69   1.14   
1938 1.87   2.59   2.74  -0.81  -0.57  -0.71  -0.93   0.86   0.81  -0.68  -1.55  -1.65   
1939 0.26   0.66   0.21   0.44   0.64   0.84  -0.79   1.27  -0.22  -0.19  -0.94  -1.17   
1940 -0.91  -1.02  -1.49   0.00   0.34   0.65   0.71   1.94   2.23   2.54   3.29   3.30   
1941 0.04  -0.21  -0.68  -0.97  -1.05  -2.06  -2.08   0.06   0.36   1.64   2.21   2.01   
1942 1.70   0.93   1.76  -1.07   0.58  -0.27  -0.10  -0.90  -0.28  -0.53  -0.92   0.69   
1943 0.63   0.97   1.70   1.62   1.54   2.54   0.00  -0.23  -0.81  -1.13  -0.74  -1.20   
1944 -1.57  -1.60  -1.21  -1.12  -1.48   0.53   0.83  -0.59  -0.23  -0.64  -0.67  -1.00   
1945 -1.37  -1.13  -1.82   0.23   1.56   1.89   1.63   1.51   1.99   2.59   3.15   2.77   
1946 2.95   2.80  -0.68  -1.50  -0.97  -0.47  -0.28  -0.42  -0.57  -1.59  -2.01   0.01   
1947 0.19  -0.27  -0.35   0.80   2.43  -0.44  -0.22  -1.24  -0.56  -1.81  -1.95  -2.38   
1948 -2.54  -2.28  -1.22  -0.94  -1.23  -0.58  -0.62  -1.57  -2.97  -3.65  -3.62  -3.83   
1949 -2.93  -2.20  -2.21  -2.34  -2.52  -1.83  -2.02  -2.54  -2.91  -3.57  -4.24  -4.46   
1950 1.12   1.74   1.75   2.30   1.33   0.94   1.27   1.67   1.72   1.26   1.13   1.07   
1951 1.27   1.44   1.70   2.30   1.55   1.38   2.54   2.37   2.54   3.78   4.08   4.18   
1952 4.38   3.65   3.62   3.13   2.27   1.79   3.07   2.86  -0.97  -1.87  -1.82  -1.69   
1953 0.11   1.07   1.08   1.49   1.95   1.52   1.73  -0.36  -0.20  -1.07  -2.10  -2.58   
1954 -2.57   0.08  -0.14   1.35   1.49   2.65   1.95   1.10   1.81   3.00   2.79   0.03   
1955 -0.28  -0.36  -0.15  -0.58  -0.98  -1.65  -2.66  -2.96  -4.32  -4.43  -4.63  -4.80   
1956 -5.08  -4.65  -0.01   0.67   0.62   0.27   1.20   1.94  -0.32  -1.29  -1.33  -1.40   
1957 -1.58  -1.89  -2.09   0.45   0.97   2.07   2.27  -0.61  -0.60  -0.58  -0.19  -0.09   
1958 -0.40  -0.80  -1.49  -1.98  -2.55  -2.42  -2.39  -2.52  -2.43  -2.26  -1.97  -2.08   
1959 -2.09   0.35   0.49   1.42   1.63  -1.07  -1.22   0.60   0.42   1.35   2.04   2.19   
1960 1.92   1.98   1.63   1.95   2.69   2.68   2.86  -0.42  -0.85  -1.28  -1.27  -1.84   
1961 -2.51  -2.21  -1.79  -1.81  -2.12   0.44   1.16   1.04   2.14   1.86   2.10   1.86   
1962 1.84   2.26  -0.49  -0.85  -0.79  -0.57  -0.63  -0.40  -0.38  -0.66  -1.62  -2.09   
1963 -2.29  -2.48  -1.76  -2.20  -0.93  -1.00  -0.90  -0.56  -0.98  -2.29  -3.01  -3.62   
1964 -3.72  -4.01  -3.42  -2.89  -2.88  -3.64   0.52   0.51   0.65  -0.51  -0.68  -0.70   
1965 0.62   0.72   0.48   1.13  -0.02  -0.41  -1.01   0.88   2.11   2.16   2.67   2.83   
1966 -0.15  -0.35   0.48   0.46  -0.62  -1.56  -2.66  -2.99  -3.53  -3.69   0.98   1.43   
1967 1.68   1.55   0.94   1.69   1.36   2.40   1.97   1.94   1.24   1.22   1.45   1.88   
1968 -0.45  -0.06  -0.82  -1.27   0.33   0.90   0.76   1.18   1.38   1.28   1.52   2.01   
1969 2.19   1.28   0.88   0.70   0.88   2.79   2.74  -1.03  -1.96   1.25   1.30  -0.40   
1970 -0.55  -1.10  -1.03  -1.38  -1.32  -1.32   1.26  -0.95   1.11   1.18   1.67   2.03   
1971 2.07   2.99   2.86   2.41   2.23   1.65   2.07   2.17  -0.68  -1.84  -2.22   1.35   
1972 0.76   0.59   1.11   0.02  -0.47  -0.82   0.47   1.75   1.82   2.07   1.82   3.02   
1973 2.62   2.25   1.58   0.99   1.92   1.87   2.37   2.10   1.55   1.39   1.00   1.26   
1974 2.18   1.92   1.35   1.62   1.58   2.04   2.57  -0.16  -0.21  -0.42  -0.85  -1.06   
1975 0.66   0.71   0.94   0.91   0.77   1.13   2.47   3.36   3.55   2.88   2.77   2.36   
1976 2.27   2.64   4.20  -0.90  -0.57  -0.73  -0.89  -1.62  -2.45  -2.64  -3.65  -4.67   
1977 -5.09  -4.29  -3.56  -3.81  -4.72  -5.11  -4.79   1.21   1.78   1.70   2.18   2.52   
1978 2.91  -0.49  -1.04  -1.03  -1.16  -1.34  -1.73  -1.87   1.37   1.25   1.15   1.63   
1979 1.84   1.45   1.95   2.44   2.26   2.09   2.06   2.41  -1.50  -1.12  -1.14  -0.85   
1980 -0.90  -1.25  -1.59   1.10  -0.61   0.61  -0.39  -1.15  -1.22  -1.51  -2.36  -2.51   
1981 -2.92  -2.14  -2.52  -1.51  -2.04  -1.80  -2.29  -2.22  -2.63  -2.25  -2.88  -3.41   
1982 -2.43  -2.80  -2.24  -2.08  -2.68   0.39   0.60   0.58   0.85   0.69   0.84   1.70   
1983 1.48   1.15   1.52   1.54   4.20   2.74   1.36   1.11   1.10   1.86   1.74   2.01   
1984 1.45   1.04   1.12   0.98   0.95   0.85   0.86   1.30   1.67   1.94   1.97   2.48   
1985 2.52   3.07   3.37   2.94   2.50   1.61   1.43   2.19   2.34   2.33   3.24   3.48   
1986 2.75   2.47   2.49   1.32   0.98   1.39   1.90   1.46   4.00   4.20  -0.18  -0.48   
1987 -0.75  -1.10  -1.60  -2.50  -3.22  -3.23  -3.86   1.44   1.27   1.27   1.14   1.50   
1988 1.42   1.18   1.48  -0.05  -1.28  -2.41  -2.37  -1.82  -2.19   0.91   2.12  -0.10   
1989 -0.31  -0.46   0.52  -0.40  -0.74  -0.53  -1.84  -1.92  -2.83  -3.26  -3.39  -3.89   
1990 0.79   0.61   0.73   0.08   0.47   1.01   1.14   1.36   0.89   1.45   2.03   2.02   
1991 1.65   1.06   1.98   2.54   3.22  -1.48  -0.85  -1.50  -1.66   2.01   2.11   2.09   
1992 1.83   1.90   1.63   2.16  -1.15  -1.37   0.20   0.01   0.14   0.36   1.63   1.58   
1993 1.54  -0.44  -1.19   1.03   0.89   1.77   1.12   1.80   1.56   1.53   1.56  -0.40   
1994 0.27   0.39   0.24   0.35  -0.41   0.12   2.05   3.55   2.92   2.48   2.85   1.90   
1995 2.09   1.36   0.95   1.91   1.27   0.63   1.11   1.59   1.16   1.18   2.31   2.22   
1996 2.07   2.04   1.17   1.78   1.19   1.28   2.15   1.43   1.94   2.24   1.93   2.92   
1997 3.79   4.47   0.01  -0.81  -0.05  -1.30  -0.70  -0.03  -0.17  -0.61  -1.30  -2.29   
1998 0.70   0.21   2.19  -0.50  -1.08  -1.08  -1.94  -2.49  -3.12  -2.82  -3.17  -3.14   
1999 -2.06  -1.88  -2.35  -2.95  -3.40  -1.82  -1.28  -1.81  -2.07  -2.14  -3.40  -3.58   
2000 -3.33  -2.85  -3.39  -3.36  -2.39  -1.79  -1.61  -1.49  -1.61  -2.53  -2.58  -2.52   
2001 -2.54  -1.63  -2.24  -1.99  -1.36  -1.40  -2.07  -2.22   0.59   1.59  -0.14  -0.24   
2002 -0.74   0.92   1.40   1.80   2.44  -0.04  -0.08  -0.09  -1.48  -1.46  -2.35  -3.27   
2003 -3.76  -3.79  -3.60   0.61   1.02   0.74   1.42  -0.40  -0.96  -1.19   1.09   1.22   
2004 1.68   1.70   1.84   1.67   3.15   2.63   2.66  -0.25  -1.86  -1.55  -1.86   0.60   
2005 1.32   1.29  -0.26  -0.92  -1.28  -1.51  -1.36  -0.75  -0.93  -1.86   0.12   0.29   
2006 1.29   1.71   1.53   0.96   1.29   0.95   0.79   0.96   0.95   2.04   2.25   2.56   
2007 2.47   1.84   2.06   2.70  -0.62  -0.33  -0.65  -1.24  -2.14  -2.41  -3.26  -3.25   
2008 1.28   1.76   1.14   1.32   1.17   2.64   2.87   2.27   2.06   1.63   1.16   2.77   
2009 2.22   2.96   2.56   2.62   2.37   2.37   2.53   3.28   2.70   3.96  -0.42   0.49   
2010 -0.68  -1.18  -2.12  -2.45  -2.65   1.76   2.45   2.01   2.36  -0.18  -0.75  -1.08   
2011 -1.27  -1.50   0.11   2.42   2.21   2.65   1.71   1.43   1.45   2.11   2.38   1.87   
2012 2.06  -0.27  -0.22  -0.64  -0.79  -0.38  -0.43  -0.81  -1.51  -0.70  -1.54   0.30   
2013 1.38   1.71 -99.99 -99.99 -99.99 -99.99 -99.99 -99.99 -99.99 -99.99 -99.99 -99.99   
