1895 0.66  -0.41  -1.00  -1.48  -1.69  -3.05  -4.36  -4.33  -4.50  -4.76  -4.81  -3.13   
1896 -3.04  -2.68  -3.07  -3.48  -3.45  -3.62   0.06   0.05   1.08  -0.45  -0.37  -0.90   
1897 1.09   0.98   1.24   1.45   1.66  -0.81  -0.72  -1.39  -2.58  -2.88  -3.16  -3.09   
1898 -2.29  -1.33  -0.82  -1.21  -1.22  -1.17  -1.84  -1.83  -2.19  -1.67  -1.85  -1.91   
1899 -1.74  -1.51  -0.81  -1.80  -1.50  -2.34  -2.28  -3.27  -2.80  -2.71  -3.82  -3.92   
1900 -4.17  -2.38  -2.32  -2.83  -2.70  -2.60  -1.52  -1.12  -1.51  -2.41  -2.29  -3.04   
1901 -3.06  -2.74  -2.29  -2.41  -2.46  -3.17  -2.64  -2.77  -3.44  -3.19  -3.86  -3.73   
1902 -4.19  -4.40  -3.82  -3.79   0.01   1.38   2.67   2.33   2.61   2.49   1.84   1.81   
1903 1.64   2.61   1.72   1.73   1.24   1.61   2.04   3.01   2.52   1.99   1.29   1.17   
1904 1.24   1.66   1.83   1.80   1.98  -0.99  -1.00  -0.91  -0.82  -1.03  -2.36  -2.98   
1905 -3.30  -3.29   0.06  -0.10   1.07   1.06   1.78  -0.40  -0.51  -0.54  -1.07  -1.44   
1906 -1.05  -0.78  -0.97  -1.40  -1.43  -1.43  -1.29  -1.71  -2.80  -2.55  -2.82  -2.61   
1907 0.86   0.22   0.15   0.75   1.03  -0.56  -0.80  -1.41   0.88   0.69   0.31   0.81   
1908 0.59   2.12   2.02   1.62   2.58  -1.10  -1.37  -1.54  -2.78  -3.69  -4.37  -4.73   
1909 -4.70  -3.24  -3.13  -1.34  -1.27  -1.56  -1.49  -2.18  -2.84  -3.08  -3.63  -3.34   
1910 -3.01  -2.15  -3.43  -3.41  -2.59  -3.20  -3.69  -3.64  -3.77  -3.66  -4.15  -4.47   
1911 -4.46  -3.82  -3.95  -3.75  -3.49  -3.44  -3.38  -3.48  -3.70  -3.17  -2.95  -2.84   
1912 -2.71  -2.28  -2.69  -2.55  -1.21  -2.07  -1.66  -1.24  -1.17  -1.24  -1.44  -1.76   
1913 0.26   0.34   0.74   0.73  -0.19  -1.11  -1.17  -1.83  -2.41  -2.28  -3.16  -4.29   
1914 -4.19  -4.07  -4.07  -3.20  -2.87  -3.08  -3.04  -2.72  -3.43  -3.74  -4.53  -4.98   
1915 -5.18  -4.96  -5.30  -5.90  -5.36   0.38   0.97   1.54   2.01   1.44   0.70   0.36   
1916 0.85   0.56   0.88   0.68   1.41   2.00  -0.96  -1.67  -1.49  -1.22  -1.83  -1.89   
1917 -2.17  -2.57  -2.58   0.21   0.57   1.58   1.50  -0.31  -1.12   0.46  -0.91  -1.42   
1918 -1.73  -0.99  -1.44  -1.51  -0.98  -1.30  -1.83  -2.41  -1.93  -1.64  -1.74  -1.25   
1919 -1.66  -1.65   0.09   0.54   0.87  -1.37  -1.91  -2.45  -2.62  -2.13  -2.46  -3.14   
1920 -3.46  -3.73  -3.14  -2.16  -2.64  -2.99  -2.50  -2.81  -2.83  -3.52  -4.23  -3.67   
1921 -4.00  -3.82  -2.86  -2.58  -3.09  -3.68  -4.28  -3.97  -4.18  -3.91  -4.21  -3.83   
1922 -3.84  -3.07  -2.55  -1.92  -1.93  -1.46  -0.78  -1.14  -1.03  -1.15  -1.89  -2.46   
1923 -2.50  -2.26  -1.46  -1.50  -1.04  -1.87  -1.76  -2.22  -2.16  -1.89  -2.83  -3.18   
1924 -2.85  -2.15  -2.38  -2.41  -1.46  -1.62  -1.04  -0.75  -0.63  -1.60  -2.40  -2.50   
1925 -2.89  -2.42  -2.60  -2.96  -3.55  -4.49  -4.28  -4.75  -4.41  -3.61  -3.82  -3.87   
1926 -3.74   0.67   0.75   0.80  -0.38  -0.05  -0.35  -0.56   0.17   0.26   0.48  -0.19   
1927 -0.50  -0.37  -0.75  -0.89   0.93  -0.72  -0.58  -1.24   0.41   0.07   0.26   0.67   
1928 0.63   0.70   0.54   1.08   0.60   1.53   1.44   1.51   1.47   1.55   1.44   1.13   
1929 1.56   1.09   0.73   2.40   2.95  -0.14  -0.49  -1.52  -2.55  -1.95  -2.53  -2.46   
1930 -2.16  -1.68  -1.72  -2.00  -2.07  -2.21  -3.00  -4.34  -4.84  -5.02  -5.84  -6.77   
1931 -7.08  -7.57  -7.50  -7.43  -6.64  -6.11  -5.89  -6.10  -5.69  -5.92  -5.57  -5.38   
1932 0.88   0.86  -0.53  -0.55  -0.43  -0.77   0.67   0.43   0.46   1.35   1.31   1.39   
1933 0.85   0.82   0.59   0.85   1.43  -1.01  -1.74  -2.50  -2.88  -1.88  -1.75  -1.61   
1934 -1.82  -2.24  -2.33  -2.50  -3.40  -4.12  -4.89  -4.82  -4.37  -4.51  -4.57  -4.85   
1935 -4.53  -3.60  -3.35  -3.71  -2.92  -1.21  -1.60  -1.98  -2.11  -2.50  -1.75  -1.90   
1936 -1.75  -1.65  -2.19  -1.79  -2.63  -3.11  -4.19  -4.70  -4.37  -4.28  -5.02  -5.23   
1937 -5.17  -5.03  -5.07   1.09   0.67   1.30   1.56   1.71   1.39   1.31   1.15   1.02   
1938 1.03   2.39  -0.19  -0.98  -0.75  -1.07  -1.40  -1.14  -1.55  -2.45  -3.62  -3.92   
1939 -3.90  -3.24  -3.32  -2.32  -2.59  -1.97  -2.21  -2.58  -2.84  -2.80  -3.70  -4.41   
1940 -4.83  -4.92  -4.82  -4.52   0.47   0.91   0.29   1.19   0.62   0.78   1.07   1.44   
1941 -0.07  -0.42  -0.97  -1.64  -2.03  -2.57  -3.05  -3.13   0.12   1.30   1.64   1.46   
1942 1.31   0.75   1.69  -1.21   0.95   1.12   1.42   1.27   1.78   2.40   2.57   2.57   
1943 2.41   2.28   2.24   2.43   3.00   3.19   3.07   3.52  -0.11   0.01   0.25  -0.61   
1944 -0.85  -0.71  -0.48  -0.72  -1.00  -1.09  -1.26  -1.47  -1.71  -2.31  -2.55  -3.19   
1945 -4.00  -4.05  -4.69   0.27   2.12   3.25   3.32   3.27   4.14   4.16   3.74   3.69   
1946 3.91   3.89  -0.81  -1.90  -1.20  -1.25  -1.60  -2.09  -2.72  -3.27  -3.83   0.01   
1947 0.29  -0.30   0.10   0.92   1.84   1.73   2.41  -0.78  -0.53  -1.40  -1.75  -2.07   
1948 -2.16  -0.02   1.57  -0.40  -0.44   0.40  -0.46  -1.14  -2.27  -2.68  -2.82  -3.13   
1949 -2.27  -1.48  -1.50  -1.55  -1.98  -1.85  -1.13  -1.33  -1.61  -1.90  -2.23   0.34   
1950 1.16   2.10   1.88   2.34   1.48   1.16   2.74   2.14   2.35   1.89   2.08   2.07   
1951 2.78   2.66   2.68   3.08   2.21   2.03   1.48   1.80   1.57   2.00   2.42   2.71   
1952 3.10   2.76   2.60   2.19   2.32   0.82   2.38   0.01  -0.70  -1.40  -1.24  -1.31   
1953 -1.24  -1.40   0.39   0.80   0.92   0.59   1.11   1.12  -0.41  -0.72  -1.52  -1.80   
1954 -1.97   0.82   1.09   1.07  -0.49   0.89  -0.37  -1.29  -1.30   1.73   1.81   1.88   
1955 -0.33  -0.16  -0.27  -0.93  -0.97  -1.25  -1.38  -1.10  -2.12  -1.85  -1.74  -2.06   
1956 -2.20   0.30   0.46   1.22   2.31   1.85   2.32   3.14  -0.72  -1.66  -2.20  -2.36   
1957 -2.43  -2.12  -2.20   0.39   0.84   1.31   2.15   1.29   1.70   2.19   2.48   2.47   
1958 -0.10  -0.48  -1.33  -1.44  -2.14  -1.86  -1.59  -1.51  -1.66  -1.81  -1.60  -2.23   
1959 0.37   0.78   0.73   1.24   1.29   0.56   1.08   1.46   1.03   1.59   2.41   3.21   
1960 3.15   3.10  -0.44  -0.85  -0.56  -0.49  -0.65  -1.09  -1.57  -1.93  -2.30  -3.22   
1961 -4.08  -3.72   0.65   1.24   0.69   0.63   1.08   2.08   1.98  -0.24  -0.36  -0.59   
1962 0.40   0.60  -0.51  -0.55  -0.75   0.56   0.62   0.30   0.09   0.87  -0.50  -0.47   
1963 -0.88  -1.45  -1.32  -1.36  -1.18  -1.63  -1.27  -1.12  -1.09  -2.03  -2.29  -2.66   
1964 -2.94  -3.31  -3.10  -2.78  -3.23  -3.68  -3.39  -2.53  -2.49  -2.90  -3.46  -3.73   
1965 -3.10  -2.48  -2.01  -1.47  -1.70  -2.28  -2.89   0.59   0.85   0.49   0.44   0.99   
1966 0.69   0.37   0.74   1.02  -0.42  -1.35  -2.04  -1.47  -1.85  -2.36   0.41   0.54   
1967 0.98   0.77   0.42   1.63   1.25   2.47   2.53   2.36   1.89   2.21   2.41   2.86   
1968 2.90   2.76   2.05   1.18   1.77   2.25  -0.40  -0.82  -0.91  -1.25   0.05   0.44   
1969 0.75  -0.69  -1.17   0.24   0.58   1.28   1.89  -0.97  -1.92  -1.18  -1.02  -1.28   
1970 -1.47  -1.84  -1.51  -1.48  -1.52  -1.48   0.85   0.40   0.81   0.93   0.95   1.10   
1971 0.76   1.00   1.16  -0.67  -1.11  -2.07  -2.11  -2.08  -2.56  -2.89  -3.48   0.74   
1972 0.60   0.41   0.65  -0.20  -0.93   0.46   0.69   1.90   1.11   1.61   1.34   3.19   
1973 2.61   2.25   2.71   2.06   2.67   3.03  -0.22  -0.86  -1.49  -1.50   0.27   0.42   
1974 1.22   1.60   1.90   1.44   1.87   1.85   2.16  -0.40  -0.44  -0.78  -0.93  -1.14   
1975 0.78   0.86   0.85   1.05  -0.49   0.15   0.07   1.29  -0.07  -0.94  -1.02   0.39   
1976 0.72   1.24   3.18   3.17   3.37   3.36   3.41  -0.75  -1.20  -1.01  -1.62  -2.21   
1977 -2.50  -2.49  -2.16  -2.48  -3.35  -3.38  -3.34   1.37   2.10   2.50   2.84   2.69   
1978 3.16  -0.45  -0.93  -1.36  -1.27  -1.32  -1.67  -2.27   0.90   0.41   0.12   0.14   
1979 0.85  -0.56  -0.59  -0.28  -0.72  -0.62  -0.82  -1.01  -2.26  -2.11   0.31   0.43   
1980 -0.19  -0.40   0.12   0.83   0.39   0.65   1.75   1.06   1.66   2.11   1.80   2.19   
1981 1.59   1.92   0.88   1.35   1.45   1.31   1.35   2.33   4.39   4.77   4.53   3.71   
1982 3.78   3.10   3.19   2.45   1.72   2.60   2.48   2.57   2.16   1.13   1.75   2.39   
1983 2.03   1.61   1.87   2.40   3.71   3.13   2.21   2.19   2.36   2.34   2.49   2.72   
1984 2.20   1.61   2.05   2.32   2.83   2.94   2.51   2.36   2.36   2.34   2.47   3.26   
1985 3.59   4.29   5.37   5.10   4.47   3.69   3.50   4.08   4.70   4.84   6.13   5.42   
1986 4.69   4.74   4.11   3.20   2.88   2.81   2.52   2.58   7.67   7.24  -0.39  -0.25   
1987 -0.34  -0.89  -1.32  -1.68  -2.37  -2.38  -3.02   0.71   1.36   1.67   1.88   2.24   
1988 -0.07  -0.03  -0.20  -0.02  -1.14  -2.33  -2.56  -2.85   0.52   1.46   2.78   2.34   
1989 1.92   1.35   1.33   0.99   1.42   2.13   1.38   1.47   1.00   0.70   1.22   1.05   
1990 1.19   1.67   1.23   0.75   1.14   0.66   0.56   1.62   1.67   3.07   4.17   4.21   
1991 3.64   2.96   3.55   5.42   5.25   3.96   3.90   3.57   2.35   2.62   2.58   2.25   
1992 2.17   1.83   1.65   2.90   1.90   1.68   2.73   3.50   3.46   3.41   4.60   4.17   
1993 4.69   3.87   2.92   3.47   2.98   3.00   2.79   2.90   3.14   3.47   3.09   2.21   
1994 2.44   1.89   1.36   1.64   1.38   2.61   3.42   4.03   3.32   2.90   3.69  -0.36   
1995 -0.05  -0.64  -0.82  -0.29  -0.79  -1.43  -1.71  -1.37  -1.80  -1.75   1.11  -0.18   
1996 0.22   0.24  -0.57   0.82   2.24   3.25   3.60   3.41   4.04   4.10   3.84   4.34   
1997 4.19   5.65   5.28   4.20   4.77   3.32   3.22   3.69   3.99   3.47   2.85   2.14   
1998 3.14   2.98   3.68  -0.41  -1.14  -1.72  -2.07  -2.50  -2.99  -3.15  -3.72  -3.91   
1999 -3.06  -3.00  -3.40  -2.76  -2.86  -2.87  -1.80  -1.93  -1.71  -1.87  -2.67  -2.71   
2000 -2.75  -2.23  -2.84   0.04   1.47   2.08   2.82   3.33   3.47   2.94   2.83   3.44   
2001 2.93   3.44  -0.71  -1.06  -1.10  -0.57  -1.08  -1.26   0.88   2.19   1.76   1.59   
2002 1.13   1.46   1.61   1.89   2.46   2.40   2.84   2.72  -1.25  -1.27  -1.54  -2.00   
2003 -2.51  -2.71  -0.01  -0.04   1.07   1.08   1.53  -0.75  -0.69  -0.88   1.18   1.16   
2004 1.30   0.90   1.03   0.63   2.64   2.58   2.63   2.46  -1.30  -1.24  -1.25   0.73   
2005 1.78   1.74  -0.53  -1.04  -1.07   0.54   1.21  -0.50  -0.21  -0.70   0.53   0.98   
2006 1.98   2.18   2.28   1.92   2.12   1.80   2.42   2.32   2.06   2.95   3.26   3.39   
2007 3.60  -0.55   0.17   0.64   0.62  -0.77  -1.02  -0.48  -0.93  -0.87  -1.36   0.20   
2008 1.05   1.90   1.13   0.97   0.75   1.83   2.59   3.02   3.62   3.53   3.51   4.66   
2009 4.01   4.49   4.36   5.24   4.65   5.03   5.20   5.09   3.88   4.46  -0.55  -0.38   
2010 -0.79  -0.81  -1.58  -1.93   0.22   1.25   1.55  -0.69  -0.39  -0.44  -0.34  -0.57   
2011 0.03   0.25   0.71   2.26   2.92   2.63   2.35   2.38   1.78   2.25   2.29   2.18   
2012 2.16  -0.12  -0.54  -1.21  -1.19  -1.72   0.44   1.15   0.66   1.44   0.69   1.09   
2013 2.19   2.45 -99.99 -99.99 -99.99 -99.99 -99.99 -99.99 -99.99 -99.99 -99.99 -99.99   
