1895 0.53  -0.47  -1.00  -1.63  -1.91  -2.94  -3.81  -3.79  -4.11  -4.49  -4.30  -2.27   
1896 -2.28  -2.11  -2.27  -2.86  -2.87  -2.72   0.93   1.45   2.51   1.89   1.90   0.98   
1897 2.07   1.81   2.18   2.44   2.61  -0.63  -0.90  -1.50  -2.83  -3.21  -3.03   0.02   
1898 0.85   1.39   1.80  -0.68  -0.63  -0.66  -1.26  -1.45  -1.43   0.52   0.34   0.30   
1899 0.26   0.31   0.90  -1.05  -0.63  -1.08  -1.11  -2.58  -2.70  -2.72  -3.80  -3.85   
1900 -4.09  -2.28  -2.21  -2.74  -2.36  -2.22  -1.12  -0.64  -0.98  -1.72  -1.48  -2.20   
1901 -2.11  -1.85  -1.64  -2.07  -2.17  -2.57  -2.69  -3.00  -3.75  -3.41  -4.03  -3.60   
1902 -3.92  -4.07  -3.59  -3.80  -3.60   1.27   2.05   1.25   1.73   1.57   1.00   0.89   
1903 0.81   1.74  -0.82  -0.38  -0.86   0.08   0.30   0.76  -0.22  -0.57  -1.19  -1.25   
1904 0.33   0.78   1.45   1.30   1.47  -0.65  -0.69  -0.77  -0.48  -0.72  -1.95  -2.39   
1905 -2.54  -2.37  -2.17  -2.03   0.94   1.05   1.52  -0.43  -0.46  -0.22  -0.60  -0.80   
1906 -0.44  -0.22  -0.40  -0.98  -1.27  -1.22  -1.25  -1.44  -1.77  -1.59  -1.70   0.21   
1907 1.26  -0.65   0.12   0.58   0.86   0.59   0.89  -0.59  -0.27  -0.41  -0.77   0.54   
1908 0.32   2.16   2.14   1.92   2.91  -0.79  -1.05  -0.97  -2.27  -3.27  -3.91  -4.22   
1909 -4.01   1.22   0.88   2.34   2.09   2.03   2.05  -0.66  -1.00  -1.16  -1.62  -1.31   
1910 -1.09  -0.68  -2.21  -1.84  -1.02  -1.46  -1.61  -1.85  -1.64  -1.33  -1.73  -1.90   
1911 -1.73  -1.31  -1.69  -1.35  -1.47  -1.56  -1.94  -1.92   0.61   1.18   1.48  -0.21   
1912 -0.40  -0.21  -0.64  -0.62   0.96   0.52   1.13   1.46  -0.04  -0.20  -0.46  -0.98   
1913 0.50   0.46   1.12   0.01  -0.45  -1.02  -1.03  -1.60  -1.98  -1.78  -2.34  -3.22   
1914 -2.83  -2.52  -2.65  -2.20  -2.04  -2.13  -2.50  -1.94  -2.30  -2.63  -3.48  -3.75   
1915 -3.78  -3.45  -3.82  -4.65   0.18   0.52   1.39   2.00   2.47   1.90   1.31   1.19   
1916 1.89   1.32   1.61   1.31   1.95   2.49  -1.21  -1.74  -1.70  -1.52  -2.14  -2.07   
1917 -2.35  -2.84  -2.77   0.33   0.79   1.62  -0.11  -0.53  -1.14   0.68  -0.82  -1.24   
1918 -1.48  -0.90  -1.45  -1.42  -1.07  -1.35  -1.86  -2.36   0.37   0.43   0.13   0.64   
1919 -0.61  -0.61   0.28   0.65   1.10  -1.07  -1.80  -2.03  -2.25  -1.29  -1.30  -1.84   
1920 -2.04  -2.43  -2.32  -1.25  -1.73  -1.61  -1.34  -1.23  -1.46  -2.15  -2.82  -2.15   
1921 -2.44  -2.52  -1.67  -1.33  -2.06  -2.66  -3.59   0.35   0.48   0.40   0.19   0.52   
1922 0.11   0.43   0.78   1.50  -0.23  -0.40  -0.03  -0.60  -0.99  -1.20  -2.03  -2.37   
1923 -2.42  -2.20  -1.59  -1.76  -1.11  -1.60  -1.58  -1.53  -1.38  -1.14  -1.87  -1.80   
1924 0.31   0.55  -0.33  -0.55   0.72   0.90   0.95  -0.37  -0.30  -1.49  -2.35  -2.13   
1925 -2.49  -2.11  -2.27  -2.78  -3.42  -4.29  -3.98  -4.35   0.12   0.61  -0.14  -0.44   
1926 -0.57   0.55   0.71   0.83   0.26   0.55   0.30   0.37   1.81   2.21   2.50  -0.40   
1927 -0.59  -0.60  -0.88   0.19   1.25  -0.22  -0.02  -1.47   0.52   0.03   0.31   0.58   
1928 0.52   0.55   0.30   0.62   0.28   1.17   0.01  -0.33  -0.50  -0.27  -0.26  -0.49   
1929 0.50  -0.46  -0.87   1.56   2.48   2.43  -0.01  -0.97  -1.65   0.50   0.01   0.27   
1930 0.57   0.77  -0.36  -0.81  -1.13  -1.33  -2.42  -3.85  -4.02  -4.34  -5.17  -5.94   
1931 -6.22  -6.46  -6.68  -6.82  -6.43  -5.27  -5.61  -6.01  -5.25  -5.26   0.14   0.19   
1932 1.08   1.07   0.94   0.36   0.59   0.09   0.43   0.71   0.87   1.75   1.78   2.24   
1933 1.70   1.58   1.35   1.29   1.67  -0.80  -1.23  -1.78  -1.62  -0.88  -0.93  -1.21   
1934 -1.36  -1.82  -1.79  -1.79  -2.53  -3.77  -4.75  -5.17  -4.43  -4.55  -4.42  -4.52   
1935 -4.04  -3.44  -3.15  -3.28  -1.97  -1.42  -1.54  -1.06  -1.23  -1.70  -0.82  -0.98   
1936 -1.03  -0.75  -1.53  -1.33  -2.35  -2.67  -3.76  -4.18   1.66   1.94   1.80   1.73   
1937 1.88   1.50   0.67   1.88   1.65   3.18   0.01  -0.09  -0.68  -0.82  -1.04  -1.25   
1938 -1.23   1.38  -0.04  -0.87   0.81   0.73   1.18   1.47  -0.33  -1.29  -2.22  -2.27   
1939 0.11   1.10   0.86   1.46  -0.95  -0.22  -0.81  -0.10  -0.88  -0.93  -1.78  -2.45   
1940 -2.53  -2.65  -2.56  -2.63   0.47   1.60   0.72   2.40  -0.78   0.22   0.55   0.82   
1941 0.75  -0.45  -0.79  -1.37  -1.37  -1.31  -1.94  -2.58  -2.93   1.55   1.87   1.39   
1942 1.50   1.21   2.20   0.91   1.16   1.71   2.38   2.84   2.90   3.19   3.38   3.45   
1943 3.24   2.70   2.86   2.63   4.53   3.95   3.93  -0.47  -0.05  -0.31  -0.44  -1.18   
1944 -1.30  -0.95  -0.19  -0.09  -0.14  -0.31  -1.08  -1.48  -1.89  -2.55  -3.16  -3.67   
1945 -4.18  -4.25  -4.57   0.19   1.80   1.74   1.98   1.74   2.65   2.80  -0.04  -0.24   
1946 -0.21  -0.15  -0.47  -1.44  -0.99  -1.32  -2.20  -2.78  -3.01  -3.11  -3.39   0.00   
1947 0.57   0.06   0.21   2.10   3.13   3.10  -0.10  -0.18   0.22  -0.73  -0.96  -1.08   
1948 -1.17   0.28   1.63   1.16   1.58   1.56  -0.29  -1.06  -1.61  -2.21  -2.37  -2.19   
1949 0.84   1.25   1.38  -0.52  -0.62   0.48   0.72  -0.38  -0.37  -0.43  -0.87   0.97   
1950 2.17   2.85   2.94   4.21   2.93   3.44   4.10   3.37   3.68   2.79   2.91   2.65   
1951 2.75   2.63   2.33   2.43   1.97   2.08   2.13   2.26   2.06   2.57   2.88   3.12   
1952 3.15   2.68   2.56   2.27   2.64  -0.87  -0.74  -0.50  -1.10  -1.61  -1.53  -1.66   
1953 -1.31  -1.42  -1.33  -1.01  -1.59  -1.89  -2.30  -2.56  -3.16  -3.62  -4.51  -4.92   
1954 -4.89   0.89   1.57   1.51   0.71   1.29   1.15   0.68   0.03   1.81   1.87   1.81   
1955 -0.18  -0.14  -0.09  -0.84  -1.38  -1.23  -1.52  -1.26  -1.99   0.42   0.85  -0.55   
1956 -1.02   0.40   0.50   1.16   1.86  -0.41   0.34   0.44  -1.04  -2.15  -2.75  -3.25   
1957 -3.06  -2.80  -2.79   0.45   0.84   0.77   1.79   1.62   0.92   1.47   1.77   1.98   
1958 -0.25  -0.70  -1.59  -1.95  -2.57   0.03   0.89   1.37   1.31  -0.18  -0.39  -1.09   
1959 0.57   0.84   0.74   1.21  -0.50  -1.44   0.57   0.24   0.11   0.88   1.43   1.42   
1960 2.04   2.37  -0.60  -0.93   0.23   0.71   0.95   0.86  -0.70  -1.13  -1.73  -2.57   
1961 -3.25  -3.20  -2.72  -1.61  -2.03  -2.21  -1.97  -1.58  -1.11  -1.29  -1.53  -1.72   
1962 -1.07  -0.87  -1.28  -1.82  -2.18  -2.34  -1.85  -2.43  -2.51  -2.62  -3.48  -4.03   
1963 -4.32  -4.73  -4.65  -4.65  -4.29  -4.26  -3.71  -3.59  -3.88  -4.60  -5.06  -5.49   
1964 -5.62  -5.86  -5.19  -4.76  -4.49  -4.15  -3.72  -2.84  -2.87  -3.24  -3.65  -3.76   
1965 0.84   1.11   1.44   1.30  -0.96  -1.15  -1.72   0.50   1.34   1.04   0.96   1.94   
1966 -0.44  -0.49   0.19   0.60   0.55  -0.49  -0.94  -0.61  -1.18  -1.72   0.55   1.00   
1967 1.39  -0.12  -0.71   0.71   0.26   0.97   0.64   0.50   0.32   1.01   1.36   2.16   
1968 1.92   1.92   1.06   0.59   0.93   2.21   2.44   2.09   2.11   1.58   2.02   2.33   
1969 2.49   1.53   0.98   1.39   1.33   1.97   2.83  -1.06  -1.86  -1.42  -1.15  -1.59   
1970 -1.83  -2.08   0.35   0.42   0.28   0.40   1.45   0.86   1.28   1.68   2.13   2.03   
1971 -0.53   0.50  -0.14  -0.95  -1.52  -2.11  -1.45  -2.03  -1.51  -1.76  -2.24   0.91   
1972 0.72   0.30   0.63   1.14   0.85   0.70   0.92   1.70   2.27   2.63   2.94   3.73   
1973 3.17   2.69   2.80   2.50   2.96   2.42   2.45   1.52   1.24   0.70   0.79   1.22   
1974 1.87   2.18   3.10   2.45   2.75  -0.17  -0.97  -1.01  -1.10  -1.53  -1.75  -1.82   
1975 0.68   0.92   0.81   1.83   1.50   1.64   0.93   3.44   3.11   2.37   2.34   2.80   
1976 2.55   2.73   3.46   3.36   3.33   3.16   2.94  -0.90  -1.25  -1.02  -1.48  -2.01   
1977 -2.31  -2.44  -1.87  -1.95  -3.16  -2.78  -3.07  -2.66  -1.80  -1.81  -1.96  -1.54   
1978 -0.82  -1.33  -1.32  -1.55  -1.75   0.40  -0.28  -0.50   0.35   0.34   0.10   0.39   
1979 0.83  -0.47  -0.60  -0.30  -0.84  -0.39  -0.67  -0.04  -1.46  -1.40   0.36   0.64   
1980 -0.43  -0.63  -0.46  -0.39  -0.62   0.54   1.38   2.22   2.72   2.82   2.18   2.52   
1981 -0.60  -0.48  -1.31   0.85   1.22   1.39   1.92   2.24   3.46   4.08   3.50   2.91   
1982 2.98   2.50   2.93  -0.58  -0.89   0.21   0.75  -0.25  -0.34  -1.06   0.75   1.30   
1983 -0.39  -0.75   0.32   1.12   1.83  -0.26  -0.14  -0.58  -0.59  -0.60  -0.51  -0.20   
1984 -0.69  -0.98   0.36   0.20   0.83  -1.39  -1.78  -2.36   0.31   0.55   0.66   1.33   
1985 1.61   2.49   2.98   2.21   1.62   0.86   1.27   1.71   1.51   1.96   3.08   2.58   
1986 1.92   2.32   1.61   0.95   0.70   1.69   2.31   2.48   4.45   4.68  -0.12  -0.39   
1987 -0.43  -1.09  -1.64  -2.17  -2.55  -2.93  -2.96   1.46   1.77   1.89   2.00   2.59   
1988 -0.20  -0.24  -0.54  -0.34  -1.34  -2.93  -3.32   0.01   1.28   2.14   2.95   2.47   
1989 2.04   1.40   1.26   0.78   1.93   1.90   1.60   2.11   2.16   1.60   1.89   1.41   
1990 1.24   2.17   1.65   1.16   1.51   1.11   1.41   1.27   1.31   2.44   3.85   4.15   
1991 3.48   2.71   2.89   3.10  -0.66  -1.44  -1.06  -0.96  -1.37   1.15   1.83   1.79   
1992 -0.21  -0.44   0.25   0.43  -0.61  -1.09   1.76   2.06   2.81   2.99   3.75   3.55   
1993 4.17   3.46   2.92   3.17   2.15   3.16   3.03   3.46   4.54   4.87   4.21   3.38   
1994 3.22   2.65   1.94   1.92   1.12   2.14   2.55   3.49   2.92   2.71   3.57   3.08   
1995 3.18  -0.36  -0.78  -0.49  -0.37  -0.97  -0.89  -0.58  -1.17   0.06   0.68  -0.40   
1996 -0.50  -0.64  -1.22   0.35   0.58   1.39  -0.40  -0.80  -0.82   0.17   0.15   0.48   
1997 0.77   1.93   2.01   1.25   1.61   1.16   0.96   1.38   1.78   1.51   1.31   0.91   
1998 1.99   2.02   2.61  -0.03  -0.89  -1.36  -1.60  -1.36  -2.06  -1.98  -2.68  -3.10   
1999 -1.87  -1.91  -2.02  -0.57  -1.18  -1.12  -0.72  -0.85  -1.31  -1.72  -2.68  -2.75   
2000 -2.84  -2.68  -3.30   0.34   1.85   1.90   2.36   2.26   3.07   2.80   3.01   3.26   
2001 2.48   3.07   1.85   1.60   2.49   2.24   1.87   1.70   2.11   3.70   3.35   2.98   
2002 2.67   2.58   2.29   1.86   2.30  -0.94  -0.66  -1.00  -2.16  -2.24  -2.55  -2.83   
2003 -3.26  -3.44  -3.16  -2.92   0.73  -0.57  -0.69  -0.52  -0.45  -0.53   1.31  -0.12   
2004 -0.14  -0.63  -0.19  -1.40   2.02   1.68   2.50   2.92   1.64   1.45   1.80   1.79   
2005 2.91   3.05  -0.44  -1.49  -1.87  -1.89  -0.94  -1.89  -1.84  -2.75   0.17   0.08   
2006 1.21   1.18   1.20  -0.76   0.78   0.29   0.89   0.76   0.94   1.70   2.00   2.13   
2007 2.74  -0.42  -0.49  -0.36  -0.58  -0.83  -1.59   1.82   1.36   1.51   1.18   1.55   
2008 2.44   3.10   2.57   1.81   1.09   1.27   1.86   1.03   3.56   3.36   2.97   3.66   
2009 3.10   3.23   3.39   4.02   3.57   3.66   3.21   3.89   2.79   3.58  -0.58  -0.43   
2010 -0.79  -0.58  -1.43  -1.64   0.82   1.60   1.72  -1.05  -0.97  -1.30  -1.50  -1.99   
2011 -2.07   0.69   0.98   2.00   3.04   2.30   3.05   2.90   2.66   2.78   3.30   3.16   
2012 3.28  -0.10  -0.46  -0.73  -1.33  -2.25  -2.80  -2.32  -2.53  -1.53  -2.27  -2.15   
2013 -0.73   1.35 -99.99 -99.99 -99.99 -99.99 -99.99 -99.99 -99.99 -99.99 -99.99 -99.99   
