1895 0.87  -0.54  -1.03  -1.48  -1.76  -2.79  -3.63  -3.60  -4.02  -4.23  -3.85  -2.47   
1896 -2.36  -1.97  -1.91  -2.61  -2.91  -3.01   0.73   0.67   1.79  -0.43  -0.26  -0.77   
1897 0.80   0.81   1.42   1.67   2.21  -0.54  -0.60  -0.97  -2.22  -2.64   0.26   0.24   
1898 1.00   1.53   2.02  -0.62  -0.53  -0.64  -1.19  -1.18  -1.29   0.42   0.25   0.08   
1899 0.29   0.39   0.93  -1.17  -0.75  -1.26  -1.24  -2.31  -2.13  -2.19  -3.18  -3.22   
1900 -3.64  -2.08  -1.90  -2.55  -2.33  -2.40  -1.88  -1.54  -2.24  -3.08  -2.75  -3.35   
1901 -3.43  -3.30  -2.76  -2.68  -2.50  -2.83  -2.88  -3.00  -3.76  -3.56  -4.27  -3.94   
1902 -4.42  -4.79  -4.64  -4.55  -4.45   0.99   1.44   0.74   1.42   1.37   0.93   0.99   
1903 1.07   2.05  -0.40  -0.07  -0.68   0.30   0.25   0.71  -0.59  -0.88  -1.52  -1.75   
1904 0.05   0.54   1.29   1.36   1.49  -0.68  -0.73  -0.81  -0.89  -1.21  -2.50  -2.68   
1905 -3.00  -3.08  -2.96   0.05   1.10   1.35   1.85  -0.20   0.02   0.34   0.20   0.07   
1906 0.34   0.32   0.38  -0.55  -0.79  -0.76  -0.66  -0.86  -1.66  -1.47  -1.61   0.22   
1907 1.26  -0.70  -0.69   0.51   0.88  -0.32  -0.28  -0.96   0.54   0.55   0.19   0.78   
1908 0.65   2.59   2.47   2.07   3.05  -0.74  -0.99  -1.06  -2.34  -3.19  -4.01  -4.44   
1909 -4.67  -3.05  -2.89  -1.28  -1.03  -1.10  -0.67  -1.00  -1.61  -1.54  -1.99  -1.79   
1910 -1.54  -0.93  -2.38  -2.28  -1.33  -1.90  -1.89  -2.08  -1.99  -1.47  -1.84  -2.03   
1911 -1.87  -1.47  -1.73  -1.41  -1.61  -1.68  -2.16  -2.00  -1.94   0.47   0.45   0.21   
1912 0.25   0.34   0.19   0.21   1.08  -0.77  -0.51  -0.25  -0.29  -0.52  -1.08  -1.66   
1913 0.42   0.31   1.17   1.20  -0.53  -1.24  -1.58  -2.19  -2.67  -2.43  -2.84  -3.70   
1914 -3.62  -3.45  -3.30  -2.54  -2.24  -2.12  -2.43  -1.96  -2.65  -2.81  -3.68  -3.94   
1915 -4.21  -3.93  -4.33  -5.00  -4.60   0.34   1.10   1.29   1.80   1.33   0.76   0.76   
1916 1.36   0.91   1.09   0.84   1.71   2.24  -0.91  -1.45  -1.41  -1.35  -2.12  -2.15   
1917 -2.50  -3.10  -3.16   0.27   0.77   1.54   1.42  -0.30  -0.98  -0.05  -0.84  -1.27   
1918 -1.46  -0.96  -1.53  -1.53  -1.34  -1.64  -2.07  -2.44   0.54   0.56   0.14   0.72   
1919 0.28   0.23   0.40   0.76   1.31  -1.10  -1.83  -1.94  -2.23  -1.16  -1.05  -1.53   
1920 -1.66  -2.06   0.19   1.12  -0.74  -0.82  -0.50  -0.55  -0.73  -1.43  -2.02  -1.53   
1921 -1.78  -1.89  -1.20  -1.17  -1.80  -2.49  -3.35  -3.16  -3.13  -2.95   0.10   0.42   
1922 0.17   0.56   1.12   1.57   1.33   1.42   1.53  -0.28  -0.33  -0.46  -1.18  -1.22   
1923 -1.21  -0.03   0.43   0.14   0.61  -0.64  -0.66  -0.99  -0.92  -0.85  -1.59   0.09   
1924 0.44   0.62  -0.33  -0.63   0.79  -0.13  -0.10  -0.36  -0.17  -1.28  -2.24  -1.97   
1925 -2.49  -2.34  -2.43  -2.86  -3.29  -3.89  -3.69  -4.09  -3.74   0.59   0.58   0.12   
1926 0.01   0.57   0.57   0.70  -0.61  -0.37  -0.71  -0.68   0.80   1.28   1.29  -0.17   
1927 -0.21  -0.20  -0.34   0.06   0.95  -0.47  -0.52  -1.39  -0.88  -1.40   0.38   0.56   
1928 0.67   0.74   0.48   0.93   0.49   1.23  -0.02  -0.14  -0.34  -0.28  -0.52  -0.93   
1929 -0.40  -0.77  -0.98   1.65   2.57  -0.08  -0.17  -0.93  -1.78   0.58   0.19   0.51   
1930 0.90   1.09  -0.25  -0.79  -0.99  -1.17  -2.17  -3.31  -3.73  -4.06  -4.87  -5.61   
1931 -6.12  -6.42  -6.82  -6.80  -6.30  -5.80  -6.01  -6.32  -5.73  -5.77  -5.63  -5.27   
1932 0.95  -0.10  -0.27  -0.69   0.86   0.07   0.73   0.52   1.45   1.97   2.16   2.54   
1933 -0.09  -0.09  -0.14   0.02   0.35  -1.26  -1.76  -2.14  -2.06  -2.01  -2.25  -2.58   
1934 -2.91  -3.40  -3.27  -2.94  -3.84  -4.89  -5.80  -5.93  -5.28  -5.40  -5.82  -6.05   
1935 -6.03  -5.76  -5.60  -5.47  -4.47  -3.62  -3.79  -3.40  -3.57  -3.83  -3.37  -3.51   
1936 -3.47  -2.85  -3.26  -2.85  -3.56  -3.48  -4.15  -4.68   0.67   0.84  -0.43  -0.68   
1937 0.00  -0.08  -0.65   1.04   0.90   1.82   2.51   3.09   2.57   2.46   2.20   1.89   
1938 1.60   2.65   3.01  -0.54  -0.14  -0.54  -0.33  -0.48  -0.83  -1.60  -2.55  -2.87   
1939 -2.81  -1.57  -1.51  -0.87  -1.47  -0.96  -1.42  -2.17  -2.50  -2.44  -3.29  -4.05   
1940 -4.51  -4.72  -4.91  -0.05   0.31   1.19   0.74   1.78   1.13   1.37   1.57   1.96   
1941 -0.04  -0.60  -1.00  -1.40  -1.75  -1.79  -2.05  -2.10  -2.90   0.77   0.62   0.29   
1942 0.52   0.53   0.95  -0.99   0.08   0.38   1.05   1.39   1.52   2.01   2.54   2.76   
1943 2.82   2.47   2.40   2.62   4.68   4.01   4.51  -0.32  -0.15  -0.36  -0.38  -1.18   
1944 -1.43  -1.21  -0.69  -0.32  -0.24  -0.14  -0.68  -1.04  -1.51  -2.25  -2.81  -3.25   
1945 -4.00  -4.22  -4.22   0.16   2.28   2.70   2.64   2.53   3.35   3.87   3.65   3.29   
1946 3.05   2.97  -0.46  -1.49  -0.95  -0.16  -0.81  -0.96  -1.42  -1.42  -1.90  -1.81   
1947 0.53  -0.55   0.32   2.05   3.30   3.16   3.32   3.66   3.89   3.37   3.06   2.75   
1948 2.48   2.66   3.22   2.52   3.01   3.04   2.81  -0.83  -1.06  -1.42  -1.18  -1.23   
1949 0.61   1.12   1.11  -0.39  -0.48  -0.92  -0.87   0.22   0.32   0.66   0.30   0.82   
1950 2.26   3.31   3.32   4.25   3.37   2.95   2.98   2.38   2.93   2.90   3.83   3.68   
1951 3.74   3.87   3.79   3.39   3.13   2.91   3.28   2.80   2.21   2.80   3.33   3.93   
1952 4.32   3.82   3.74   3.36   3.14  -1.30  -1.55  -2.02  -2.57  -2.80  -2.76  -2.95   
1953 -2.79  -2.94  -2.41  -1.93  -2.20  -2.25  -2.11  -2.45  -2.71  -3.39  -4.37  -4.74   
1954 -4.89  -3.72  -2.26  -2.17  -2.56  -2.11  -2.49  -2.84  -2.93   1.76   1.67   1.57   
1955 1.52   1.62   1.57  -0.77  -1.22  -1.59  -2.04  -2.07  -2.75  -2.14  -1.66  -2.03   
1956 -2.13   0.30   0.73   1.48   2.38   2.41   2.22   3.27  -0.75  -1.66  -1.83  -1.97   
1957 -1.82  -1.60  -1.90   0.55   0.74   0.74   1.95   1.62   1.49   2.16   2.31   2.83   
1958 -0.35  -0.86  -1.73  -2.21  -2.70  -2.35  -1.84  -1.84  -1.58  -1.80  -1.85  -2.61   
1959 0.29   0.51   0.64   1.20  -0.05  -0.93  -1.02   0.72   0.60   1.45   2.02   2.27   
1960 2.76   2.71  -0.50  -0.86  -1.04  -0.11  -0.11  -0.28  -1.08  -1.31  -2.11  -3.05   
1961 -4.09  -4.02  -3.99   1.34   0.95   1.01   1.06   1.93   2.36  -0.36  -0.25  -0.56   
1962 0.31   0.57  -0.55  -1.29  -2.13  -1.48  -1.27  -1.06  -0.75  -0.75  -1.23  -1.80   
1963 -2.33  -2.85  -2.77  -2.74  -2.55  -2.73  -2.95  -3.21  -3.54  -4.50  -5.17  -5.79   
1964 -5.98  -6.44  -6.38  -5.30  -5.42  -5.04  -5.07  -3.69  -3.79  -4.21  -4.97  -5.09   
1965 -4.26  -3.34  -2.68  -2.52  -3.04  -3.39  -3.32  -2.59  -2.52  -2.01  -2.26  -1.35   
1966 -1.60  -1.73  -1.53  -1.34  -1.42  -1.53  -1.52  -1.02  -1.35  -1.75   0.22   0.93   
1967 1.23  -0.17  -0.79  -0.42  -0.91   1.15   1.10   0.98   0.62   1.38   1.74   2.93   
1968 2.95   2.72   2.17   1.31   2.26   3.46   3.87   3.91   3.38   2.55   2.66   2.99   
1969 3.26   2.20   1.69   2.04   2.17   2.44   3.82  -0.53  -1.40  -1.38  -1.18  -1.56   
1970 -1.74  -1.97  -1.60  -1.58  -1.52  -1.29  -0.56  -1.15  -1.21  -1.25  -1.11  -1.34   
1971 -1.64  -0.77  -0.90  -1.67  -2.18  -2.88  -3.28  -3.64  -3.62  -4.16  -4.81  -4.13   
1972 -4.13  -4.24   0.16   0.56   0.20   0.21   0.03   0.46   0.91   1.28   1.82   2.40   
1973 2.20   1.68   2.19   1.23   1.57   1.87   2.36   1.91   1.28   0.87   1.24   1.64   
1974 2.11   2.16   2.85   2.37   2.75  -0.40  -1.27  -1.71  -1.86  -2.43  -2.41   0.16   
1975 0.70   0.94   0.85   1.17  -0.37  -0.10  -0.55   1.85   2.19   1.65   1.64   2.26   
1976 2.30   2.51   3.06   2.74   2.77   2.60   2.42  -0.73  -0.46  -0.17  -0.62  -1.24   
1977 -1.64  -1.73   0.55   0.84  -1.08   0.13  -0.03  -0.14   0.56   0.41   0.49   0.83   
1978 1.74  -0.59  -0.53  -0.64  -0.54  -0.65  -1.18  -1.89  -1.76  -1.75  -1.99  -1.95   
1979 -1.59  -1.96  -1.82   0.97   0.84   0.76   1.18   1.22  -0.93  -1.12   0.67   0.96   
1980 0.59   0.21   0.96   1.34   1.03   1.49   2.35   3.43   3.76   3.61   3.20   3.28   
1981 2.56   2.97   1.92   2.20   2.08   1.89   2.42   2.32   4.27   5.37   4.95   4.57   
1982 4.85   4.28   4.38   3.63   2.69   2.89   2.84   2.06   1.82   0.85   1.82   2.07   
1983 1.63   1.20   0.94   1.70   2.30   2.22   2.50   1.68   1.18   1.29   1.79   2.28   
1984 1.71   1.38   1.98   1.65   1.95  -0.98  -1.54  -1.47  -1.14  -1.35  -1.37  -0.02   
1985 0.52   1.44   2.27  -0.66  -0.95  -1.21   0.36   1.46   1.72   2.21   3.67   3.19   
1986 2.64   2.95   2.40   1.87   1.07   1.67   1.73   1.85   3.98   4.21   4.12   3.87   
1987 3.66  -0.65  -0.81  -1.34  -1.75  -1.47  -1.49   1.22   1.32   1.46   1.74   2.67   
1988 -0.16   0.15  -0.52  -0.92  -1.88  -3.28  -3.32  -3.31   0.03   0.69   1.53   1.48   
1989 1.33   0.82   0.65   0.37   0.85   1.55   1.83   1.76   2.34   2.10   2.45   1.97   
1990 1.90   3.04   2.49   1.91   2.23   2.13   1.57   1.96   2.53   3.25   3.66   4.40   
1991 -0.01  -0.28  -0.61  -0.71  -0.50  -1.23  -1.70  -1.32  -2.09   0.67   0.88   0.78   
1992 1.06   0.84   1.05   1.38  -0.66  -0.84   1.81   2.16   3.13   3.28   4.54   4.34   
1993 5.09   4.49   4.04   3.94   2.78   3.34   2.88   2.09   3.02   2.91   2.60   1.86   
1994 2.24   1.88   1.56   1.67   0.78   1.35   1.48   1.78   1.18   0.93   0.95   0.89   
1995 1.50  -0.38  -0.75  -0.25  -0.22  -0.99  -0.87  -0.58  -1.32   0.41   1.03   0.61   
1996 1.02   0.83   0.64   1.21   1.12   1.41  -0.07  -1.13   0.68   0.67   0.76   1.17   
1997 1.44   2.27   2.55   1.71   2.58   2.17   2.32   2.60   2.79   2.50   1.99   1.68   
1998 2.25   2.32   2.87  -0.28  -1.06  -1.48  -1.78  -1.37  -2.21  -2.48  -3.28  -3.84   
1999 -3.10  -2.96  -3.10  -2.10  -2.50  -1.83  -1.03  -1.21  -1.42  -1.68  -2.36  -2.29   
2000 -2.30  -2.31  -3.03   0.16   1.04   1.87   3.04   3.40   4.24   4.09   4.01   4.35   
2001 3.83   4.20   3.12   2.58   2.64   2.34   1.37   0.83   1.55   3.52   3.60   3.29   
2002 3.42   3.23   2.74   2.68   2.90  -0.85  -0.66  -1.41  -1.91  -2.16  -2.38  -2.74   
2003 -3.29  -3.42  -3.24   0.03   0.80   0.44   0.34   0.44   1.16   1.26   1.86   2.07   
2004 2.05  -0.50  -0.18  -1.34   1.79   2.03   2.91   3.05   1.90   1.76   1.90   2.43   
2005 3.38   3.57  -0.46  -1.05  -1.36  -2.04  -0.90  -1.61  -1.46  -2.37   0.39   0.43   
2006 1.45   1.71   1.73   1.19   1.89   1.81   2.41   2.32   2.33   3.40   3.64   4.02   
2007 4.82   3.95   3.70   3.23   2.82   2.08   1.52   2.95   2.00   1.62   1.21   1.62   
2008 2.38   3.30   3.27   2.13   1.73   2.49   3.16   2.32   3.81   3.44   3.89   4.65   
2009 4.22   4.24   4.74   5.00   4.48   4.78   4.17   4.39   3.40   3.82   2.90   2.83   
2010 2.26   2.05   1.22   0.64   1.63   2.17   2.96  -0.80  -0.54  -0.85  -0.72  -1.18   
2011 -1.15   0.65   1.43   2.56   3.65   2.58   3.13   2.93   3.78   3.87   5.25   5.13   
2012 5.12  -0.24  -0.61  -1.26  -1.49  -2.27  -2.20  -2.21  -2.33  -1.84  -2.53  -2.37   
2013 -1.12  -0.65 -99.99 -99.99 -99.99 -99.99 -99.99 -99.99 -99.99 -99.99 -99.99 -99.99   
