1895 -0.03  -0.02  -0.54  -0.86   0.07   0.65   0.81  -0.56  -0.13  -0.60  -0.46  -0.88   
1896 0.12   0.08   0.67   2.82   3.59  -0.01  -1.45  -2.20  -2.46   0.32   1.47   1.50   
1897 2.04   2.51   2.78   1.97   1.04   1.70   4.14  -0.07  -0.68  -0.78  -1.23  -1.60   
1898 -2.15  -1.93  -1.90  -1.98  -1.80  -1.52  -1.28  -1.15  -1.46   1.16   1.43   1.16   
1899 1.10   1.23   1.22   0.77   1.33   2.18   1.86   3.02   2.39   3.04  -0.12   0.13   
1900 0.09   0.01   0.24  -0.94  -2.35  -3.86   0.15   1.62   4.01   4.37   4.00   3.68   
1901 -0.10  -0.18   0.29  -0.18  -1.26  -0.48  -0.31  -0.79  -0.37  -0.30  -0.45  -0.48   
1902 -0.59   0.09   0.48   0.41   1.24   0.90   0.81   1.36   1.01   1.01   1.18   1.83   
1903 1.67   1.55   1.62   1.82   2.45   1.43   2.29   2.89   4.46   5.10   4.50   4.42   
1904 3.85   3.70   3.79   3.56   2.51   2.40   2.63   2.14   2.08   2.88   2.38   2.27   
1905 2.05   1.83   1.72   1.43   2.36   3.33   3.96   3.95   4.22   4.33   5.41   4.64   
1906 4.52   3.84   3.29   2.61   4.08   4.14   3.71   3.83   3.43   3.36   4.05   3.90   
1907 3.89   3.58  -0.05  -0.18   0.02   0.37  -0.35   0.28   0.35  -0.19  -0.52  -0.66   
1908 -0.92   0.40   0.65   0.68   2.04   3.21   2.83   2.14   1.65   1.19   1.05   0.99   
1909 1.43   1.84   1.30   1.11   1.66   1.28   1.39   1.84   1.73   1.52   1.92   2.34   
1910 0.04   0.04  -0.73  -1.25  -1.74  -2.94  -3.74  -4.29  -4.36  -4.93  -5.64  -6.02   
1911 -6.18  -6.42  -7.47  -7.29  -6.87  -6.57   0.33   1.04   1.37   2.72   2.64   2.73   
1912 2.34   1.86   1.31   1.19   1.80   0.85   1.47   1.79   2.02  -0.43  -0.76  -0.62   
1913 -0.79  -0.81  -0.81  -0.98  -0.95  -1.33   1.78   1.81   2.15   2.77   2.46   1.90   
1914 1.92   1.67   1.61   1.74   1.35   3.32   2.69   2.88  -0.04  -0.38  -0.75  -1.06   
1915 -1.33  -0.71  -1.01  -1.51   0.43   2.14   2.01   1.18   0.80   0.77   1.10   1.10   
1916 2.09   1.89   2.08   2.47   2.87   3.21   2.78   2.85   2.57   2.23   1.52   1.52   
1917 1.77   1.78   1.78   1.99  -0.66  -1.01  -0.91  -1.52  -1.77  -1.40  -1.80  -1.82   
1918 -2.06  -2.24  -2.52  -2.24  -1.93  -2.58   0.05   0.61  -0.64  -0.66   0.65   1.27   
1919 1.07   1.61   1.51   1.48   1.15   1.71   2.67   2.47   1.60   1.71   2.22   1.99   
1920 2.16   1.88   1.94   1.81   1.62   2.42  -0.05  -0.85  -0.47  -0.80  -1.21  -1.35   
1921 -1.63  -1.62  -1.41  -1.79  -1.41  -1.86  -1.63  -2.36  -1.38  -1.99  -2.16  -2.43   
1922 -2.57  -1.51  -1.31  -1.39  -1.48  -2.17  -3.23  -4.17  -4.35  -4.93  -4.09  -4.00   
1923 -3.69  -3.40  -3.47  -2.94  -3.07  -2.86  -2.93  -3.31  -3.44  -3.88  -4.42  -4.71   
1924 -5.17  -5.55  -6.25   0.22   0.02   0.42   0.20   0.70   1.57   1.46   1.16   1.28   
1925 1.11   1.02   0.70   0.55   0.20   1.75   1.68  -0.81   0.85   0.74   0.69   0.59   
1926 0.58  -0.03  -0.21  -0.88  -1.60  -1.85  -2.16   0.12   1.33   1.83   2.18   2.30   
1927 2.15   2.13   2.13   2.10   2.73   0.05   0.05   0.05  -0.34  -0.65  -0.69   0.60   
1928 0.46   0.50   0.22   0.64  -0.97  -0.97   0.47   1.79   1.74   1.92   1.45   1.38   
1929 1.61   0.00  -0.16  -0.35  -0.20  -1.14  -1.73  -2.49  -1.94  -1.69  -2.03  -2.08   
1930 -2.14  -1.58  -1.88  -2.37  -1.39  -1.44  -1.51  -2.58  -2.06  -2.04  -1.15  -1.23   
1931 -1.41  -1.46  -1.13  -1.98  -2.11  -1.99  -2.06  -2.32  -2.86  -3.20  -2.61  -2.79   
1932 -2.64  -2.04  -1.99  -1.78  -1.36  -1.88  -2.07  -2.04  -2.70   0.01   0.44   0.17   
1933 0.59   0.79   1.16   1.18   1.55  -1.28  -2.65  -3.61  -4.13  -3.84  -3.86  -3.26   
1934 -3.32  -3.30  -3.47  -3.35  -3.98  -3.36  -3.73  -4.23  -4.37  -4.02  -4.30  -4.10   
1935 -3.53  -3.63   0.25   0.65   0.27   0.75   1.31   1.79   1.20   1.21   1.30   1.27   
1936 1.30   1.65   0.02  -0.10  -0.63  -1.57  -3.36  -4.07  -4.42  -5.01  -5.53  -5.01   
1937 -4.56  -3.91  -4.15   1.26   1.55   0.47   1.70   1.97   2.15   1.57   1.27   1.14   
1938 1.05   1.10   0.95   1.61   3.27  -0.83  -1.39  -2.20  -2.77  -3.78  -3.24  -3.38   
1939 -2.97  -1.99  -1.80  -2.02  -2.69  -1.93  -2.83  -2.36  -2.59  -2.35  -3.06  -3.42   
1940 -3.84  -3.74  -3.44  -1.71  -2.03  -2.49  -2.50  -2.97  -3.84   0.01   0.42   0.00   
1941 0.18   0.03   0.10   0.24   0.08   0.54  -0.76   0.63   1.87   1.86   1.45   1.23   
1942 0.83   0.65   1.16   0.70   1.28   1.01   0.73   2.60   2.45   2.26   2.08   2.17   
1943 2.06   2.27   2.20   1.80   2.69   3.10  -0.65  -0.03  -0.63  -0.88  -1.26  -1.81   
1944 -2.25  -2.70  -3.00  -3.09   0.89   2.50   3.04   4.62   4.62   3.58   4.00   3.36   
1945 3.18   3.32   3.51   3.68   2.79   2.22   1.85   1.69   2.39   1.81   1.65   1.63   
1946 1.43   1.64   1.92   1.27   1.19   1.87   1.40   0.90   1.19   2.19   2.51   2.73   
1947 2.23   1.95   1.42   1.74   1.57   1.93  -1.06  -0.94  -0.12  -0.73  -0.58  -0.68   
1948 -0.64   0.40   0.48   0.85  -0.99  -1.31  -0.95  -1.49  -2.49  -3.31  -3.66  -3.62   
1949 -3.37  -3.31  -3.56  -4.23   0.84   0.92   3.62   3.22   2.36   3.02   3.05   3.05   
1950 3.66   3.15   3.28   3.68   4.39   4.22   4.00   3.30   3.22   3.05   2.91   2.84   
1951 2.48   2.93   3.47   3.21   2.42   2.01   1.18   2.05   2.67   3.14   3.18   4.05   
1952 3.87  -0.24  -0.15  -1.17  -2.30  -0.04   1.37   1.63  -0.97  -1.58  -1.71  -2.12   
1953 -1.95  -1.91  -0.03   0.44   1.45   1.87   2.58   3.44   3.51   2.53   2.49   2.80   
1954 2.99   3.28   2.99   2.91   3.10  -0.91  -0.81  -1.36  -1.35  -1.68  -2.17  -2.79   
1955 -3.10  -2.49  -2.47  -2.86  -2.47  -2.49  -1.51  -2.32  -2.03  -2.34  -2.29  -2.21   
1956 -2.00  -1.98  -1.72  -1.39  -1.04  -2.34  -2.33  -2.05  -2.52  -3.00  -3.11  -3.10   
1957 -3.36  -3.27  -3.16   0.69   0.23   1.92   1.96  -0.63  -0.16  -0.37  -0.39  -0.61   
1958 -0.67  -0.87  -1.25  -1.96  -2.44  -1.89  -1.51  -1.68  -1.89  -2.29  -1.62  -1.62   
1959 -1.75  -1.75  -2.09  -2.61   0.75   0.66   1.10   1.47   1.53   1.70   1.66   1.74   
1960 0.02  -0.28  -0.79  -0.03  -0.05  -0.13  -0.37  -0.34  -0.88  -1.40  -1.85  -1.84   
1961 -2.29  -2.57  -3.22  -2.41  -2.32  -3.61  -3.10  -3.68   1.41   0.93   0.56   0.56   
1962 0.65   1.24   0.84   1.07   3.16   2.76   3.56   3.37   3.72  -0.49  -0.78  -0.78   
1963 -1.06   0.12   0.18   0.60   0.94   0.90   1.11   1.02  -0.67  -1.96  -2.30  -2.45   
1964 -2.79  -3.08  -3.54   0.75   0.31   1.23   0.78   1.60   2.40   1.75   1.71   1.82   
1965 1.43   1.19   1.67   1.50   2.10   2.38   1.91   1.63   3.41   3.33   4.13   4.46   
1966 4.16   3.96   4.91   4.95   4.07   2.95   2.68   3.80   2.80   2.77   2.28   2.24   
1967 2.62   2.34   2.24   2.87   2.14   2.53  -0.71  -1.64  -2.46  -2.63  -3.38  -3.25   
1968 -3.43  -3.92  -3.93   0.53   0.32   1.51   1.63   1.49   2.01   2.60   2.21   3.00   
1969 4.37   3.87   2.90   2.15   2.29   2.07   2.71   1.75   1.72   2.73   2.66   2.95   
1970 2.57   2.21   2.08   2.63   0.00  -0.35  -1.21  -2.41  -2.86   0.95   0.92   1.33   
1971 1.36   1.54  -0.10  -0.45  -0.42  -0.49  -0.22  -1.06   0.47   2.73   3.01   2.66   
1972 2.67   2.53   2.35   2.11   1.62   0.59   1.62   1.66   1.56   1.55   1.19   1.49   
1973 -0.29  -0.51  -0.51  -0.74  -1.04  -1.30   0.87   0.73   2.16   3.22   3.35   3.20   
1974 2.94   2.57   2.15   2.39   3.00   2.37   1.78   2.60   1.68   1.37   1.45   1.42   
1975 2.73   2.46   2.62   2.98   2.25   2.91   2.88   2.26   2.13   1.91   1.77   1.54   
1976 1.66   1.50   1.74  -0.88  -2.17  -1.36  -1.81  -2.67  -3.64  -4.16  -5.18  -5.64   
1977 -6.06  -5.99  -6.22  -6.49  -5.91  -5.66  -5.54   0.54   1.92   2.17   3.76   3.80   
1978 3.28   2.89   2.20   1.73   1.46   0.92   2.12   3.04   3.00   2.28   2.30   2.27   
1979 2.11   2.62   3.25   3.19   3.04   3.06   2.83  -0.39  -1.15   0.85   0.91   0.62   
1980 1.00   1.07  -0.04  -1.21  -2.74  -3.31  -4.12  -2.95  -2.64  -2.47  -2.47  -2.59   
1981 -2.91  -2.84  -2.72  -2.45  -2.71   1.26   1.23   1.59   1.62   2.54   2.15   2.14   
1982 2.36   2.15   2.45   2.17   2.49   1.89   2.38   1.58   1.44   2.43   2.74   2.26   
1983 2.21   1.99   2.02   1.18   0.76   1.39   1.21   1.42   1.38   1.70   2.42   2.52   
1984 2.17   2.26  -0.34  -0.85  -1.11   1.09  -0.62  -1.45  -1.71   1.72   1.60   1.81   
1985 1.40   1.30   1.43   1.60   2.75   3.09   3.13   3.66   3.75   3.64   4.15   3.83   
1986 3.45   3.28   2.55   3.11   2.02   1.80   2.02   1.69   2.32  -0.58  -0.25  -0.42   
1987 -0.33  -0.38  -0.30  -1.76  -0.88  -2.41  -1.17  -1.24  -1.17  -1.56  -1.93  -2.00   
1988 -1.88  -2.17  -1.56  -2.43  -3.31  -4.24  -4.83   1.02   1.62   1.18   1.65   1.86   
1989 2.32   1.90   1.73   1.35   1.30   1.88  -0.81   0.63   0.84  -0.27  -0.52  -0.76   
1990 -0.84  -0.72  -0.09  -0.23  -0.97  -0.45  -1.13  -2.02  -2.65  -2.02  -2.60  -2.55   
1991 -2.68  -2.37  -2.18  -1.75  -1.49  -1.65  -1.28  -1.94   1.05   1.04   1.46   1.40   
1992 1.22   1.40   1.39  -0.12  -1.07  -1.17   0.48   1.36   1.46  -0.55   0.02   0.43   
1993 0.63   0.26   0.07   0.18   0.55   0.85   2.25   2.72   2.65   2.31   2.61   2.51   
1994 2.38   2.18   1.81   1.77   0.92   2.05   2.65   2.35   2.31   2.67   2.99   2.59   
1995 2.52   2.43   2.41  -0.14  -0.48  -1.91   1.23   1.46   1.48   2.88   3.13   3.37   
1996 3.75   3.92   3.32   3.00   2.48   1.92   2.24   1.36   1.51   2.44   3.55   3.66   
1997 3.97   3.35   3.17   2.56   2.20   2.32   2.72   1.92   1.83   2.02   2.08  -0.23   
1998 0.06   0.36  -0.03  -0.81   0.45   1.06  -0.11  -0.90  -1.67   0.76   1.08   1.16   
1999 1.17   1.11   1.48   1.15   2.67   2.47   3.57   3.97   4.95   4.37   3.45   2.88   
2000 2.69   2.79   2.58   2.16   1.97   2.48   1.95   2.64   2.50   2.66   4.24   3.92   
2001 3.49   3.75   2.85   3.81   4.21   3.62   3.47   3.29   2.63   3.01   2.86   2.71   
2002 2.21   1.75   1.51   1.28   1.19   2.65   2.62   3.06  -0.42   0.38  -0.24  -0.29   
2003 -0.54  -0.65  -0.85  -1.19  -1.27  -0.82  -0.65  -1.48  -1.72  -2.03  -2.27  -2.47   
2004 -2.39  -2.34  -2.04  -2.43   1.09   0.08   0.68   0.46   2.09   3.12   2.68   3.04   
2005 3.68   3.32   2.76   1.69   2.41   2.93   2.09   1.51   0.88   1.30   2.73   2.68   
2006 2.29   2.37   2.80  -0.62  -0.72  -1.60  -2.68  -3.25  -3.28  -3.33  -3.80  -3.84   
2007 -4.40  -4.30  -3.94  -3.16  -3.00  -2.76  -2.80  -3.55   0.38   1.35   1.04   1.54   
2008 1.04   0.92   0.47   1.72   1.48   1.85  -0.17  -1.29   0.41   1.31   2.09   2.71   
2009 2.49   2.68   4.31  -0.20  -0.49  -0.88  -0.96  -1.09  -2.08   0.99   0.79   1.31   
2010 1.36  -0.11  -0.57  -1.53   0.06   0.27   1.17   1.48   3.15   3.29   3.48   3.70   
2011 3.88   3.27   2.49   2.74   2.53   2.96  -0.37  -0.25  -0.78  -1.42  -2.10  -2.75   
2012 -3.09  -3.20  -3.03  -2.46  -2.04  -1.50  -1.17  -1.65  -2.53  -2.37  -2.74  -2.85   
2013 -2.50  -1.99 -99.99 -99.99 -99.99 -99.99 -99.99 -99.99 -99.99 -99.99 -99.99 -99.99   
