1895 0.01  -0.14  -0.75  -1.47  -1.18  -0.90  -0.92  -1.54  -1.13  -1.58  -1.73  -2.04   
1896 -1.96  -2.05   0.50   2.36   2.91  -0.16  -1.23  -1.84  -1.79   0.51   1.26   1.20   
1897 1.94   2.21   2.48   1.73   0.77   1.60   3.19  -0.11  -0.63  -0.83  -1.24  -1.53   
1898 -1.89  -1.52  -1.29  -1.52  -1.47  -1.49  -1.48  -1.38  -2.01   0.70   0.66   0.21   
1899 0.21   0.37   0.52   0.02   0.50   1.45   1.13   1.98   1.48   1.93  -0.29  -0.04   
1900 -0.15  -0.15  -0.16  -0.85  -2.37  -3.82   0.85   1.65   2.85   3.36  -0.03  -0.13   
1901 -0.33  -0.47  -0.01  -0.59  -1.45   0.72   0.85  -0.78  -0.25  -0.30  -0.48  -0.70   
1902 -0.83  -0.76  -1.27  -1.41   1.12   0.58   1.14   1.24   0.97   0.78   1.04   1.87   
1903 1.52   1.37   1.80   1.96   2.71   1.42   2.39   2.65   3.79   4.29   3.64   3.33   
1904 2.75   2.65   2.67   2.28   1.79   1.68   1.91   1.48   1.75   2.73   1.98   1.93   
1905 1.76   1.52   1.33   0.82   2.15   3.52   3.82   3.86   3.72   4.03   4.75   3.92   
1906 3.92   3.25   2.90   2.03   3.22   3.29   2.73   3.09   2.95   3.22   3.57   3.33   
1907 3.45   3.02   2.60   2.26   1.94   1.86   1.78   2.10   2.40   2.10   1.83   1.59   
1908 1.19   1.50   1.55   1.59   3.15   3.95  -0.08  -0.95  -1.39  -1.75  -2.07  -2.21   
1909 0.21   0.74   0.23   0.60  -0.01  -0.42  -0.50   0.48   0.48   0.37   1.16   1.56   
1910 1.61  -0.12  -1.39  -1.85  -2.33  -3.78  -4.75  -4.98  -4.97  -5.42  -6.17  -6.74   
1911 -6.81  -6.80  -7.79  -7.92  -7.17  -6.94   0.21   0.59   0.85   2.31   2.34   2.75   
1912 -0.18  -0.47  -1.02  -1.14  -0.19  -1.45   0.95   1.46   1.36  -0.53  -1.04  -0.90   
1913 -1.09  -1.08  -0.96  -1.17  -0.62  -1.19   1.92   1.39   1.49   1.81   1.47   0.90   
1914 0.93   0.72   0.60   0.80   0.57   2.75   2.18   2.43   0.03  -0.13  -0.59  -0.92   
1915 -0.90   0.95  -0.46  -1.36   0.55   1.92   1.85   1.29   1.17   1.12   1.47   1.22   
1916 2.21   1.87   1.92   2.18   2.71   3.36  -0.63  -0.59  -0.36  -0.41  -0.93  -0.98   
1917 0.41   0.40   0.84   0.98  -0.48  -0.60  -0.60  -0.97  -1.10  -0.75  -1.25  -1.55   
1918 -1.50  -1.51  -1.65  -1.63  -0.79  -1.88  -1.98  -1.74  -2.21  -2.08   0.33   0.80   
1919 0.53   1.19   0.96   1.09  -0.48   0.62   1.49   1.29   0.66   0.87   1.53   1.12   
1920 1.24   0.93   1.33   1.28   1.09   2.36  -0.30  -1.12  -1.46  -1.78  -2.03  -2.09   
1921 -2.33  -2.42  -2.18  -2.22  -1.97  -2.83  -2.76  -3.39  -2.76  -3.24  -3.69  -4.01   
1922 -4.06  -2.76  -2.46  -2.21  -2.41  -2.71  -3.20  -4.09  -4.42  -4.92  -4.15  -4.27   
1923 -3.85  -3.63  -3.63  -3.30  -3.64  -3.17  -3.16  -3.59  -3.92  -4.25  -5.01  -5.32   
1924 -5.65  -5.81  -6.34   0.09   0.16   0.38   0.27   1.67   2.09  -0.54  -0.83  -0.67   
1925 -0.69  -0.62  -1.01  -1.29  -1.81   1.56   1.70  -0.81  -0.33  -0.42  -0.56  -0.62   
1926 -0.42  -0.36  -0.36  -1.01  -1.67  -1.79  -1.85   0.25   1.33   1.69   2.09   2.22   
1927 1.99   1.80   1.93   1.83   1.85  -0.20   0.19  -0.87  -0.82  -1.15  -1.28   0.55   
1928 0.29   0.43   0.12   0.39  -1.09  -1.04   0.29   1.72   1.92   2.33   1.82   1.66   
1929 2.04   0.02  -0.20  -0.15  -0.54  -1.32  -1.75  -2.39  -1.74  -1.61  -2.08  -2.38   
1930 -2.38  -1.90  -2.08  -2.60  -1.62  -1.54  -1.73  -3.09  -2.58  -2.70  -2.00  -2.31   
1931 -2.58  -2.40  -1.98  -2.63  -2.53  -2.04  -2.56  -2.27  -2.67  -2.62  -1.66  -1.75   
1932 -1.24  -1.27  -1.36  -1.34  -1.34  -2.21  -2.69  -2.99  -3.79  -3.78  -3.39  -3.48   
1933 -3.26  -3.04  -3.08  -2.97  -1.62  -2.73  -3.26  -4.44  -4.56  -4.24  -4.57  -4.44   
1934 -4.34  -4.51  -5.00  -5.33  -6.51  -6.34  -6.90  -6.95   0.54   0.75   0.52   0.62   
1935 0.94   0.57   0.84   0.78   0.32   0.77   0.99   1.48   0.84   1.33   1.34   1.38   
1936 1.35   1.68   1.82   0.04  -0.52  -1.69  -3.59  -4.19  -4.42  -4.82  -5.40  -4.94   
1937 -4.53  -4.22  -4.73  -3.96  -3.08  -3.39  -3.45  -3.01  -3.11  -3.22  -3.49  -3.63   
1938 -3.55  -3.40   0.03   0.85   3.09   2.49   2.66   1.96   2.30   1.34   1.59   1.49   
1939 1.88   2.48  -0.34  -0.37  -0.64  -0.07  -0.77  -0.76  -1.50  -1.64  -2.60  -3.12   
1940 -3.61  -3.54  -3.57  -2.80  -2.77  -3.01  -3.28  -2.57  -3.34  -3.07   0.49   0.34   
1941 0.49   0.64   0.49   0.62   0.64   0.67   0.12   1.04   2.19   2.81   2.31   2.10   
1942 1.52   1.20   1.46   1.02   2.17   1.75   1.72   1.87   2.27   1.79   1.33   1.45   
1943 1.53   1.40   1.55   0.93   2.38   2.80  -0.04  -0.36  -0.70  -0.73  -0.69  -1.16   
1944 -1.22   0.13   0.07   0.24   1.14   3.49   3.36   3.99   3.43   2.37   2.28   1.89   
1945 1.78   2.17   2.49   2.87   2.04   2.77   3.09   3.30   3.53   2.75   2.73   2.69   
1946 2.48   2.49   1.74   0.82   0.76   2.21  -0.52  -1.40   0.41   1.43   1.84   1.87   
1947 -0.10  -0.38  -0.81   0.79   0.73   0.95  -1.03  -1.15  -1.46  -2.27  -1.89  -2.29   
1948 -2.44  -1.55  -1.12  -0.94  -2.14  -2.23  -2.30  -2.33  -3.34  -3.96  -3.81  -3.66   
1949 -2.92  -2.86  -2.11  -2.57  -2.56  -2.55  -1.50  -2.07  -2.26   0.73   0.64   0.79   
1950 1.55   1.27   1.89   2.86   3.57  -0.98  -1.19  -2.28  -2.62  -2.57  -2.68   0.23   
1951 -0.30   0.54   1.24   1.14   0.68   1.27   2.04   2.61   3.48   3.80   3.82   4.04   
1952 4.05   3.75   3.95   2.68   1.55   1.70   3.17   3.76  -1.00  -1.57  -1.84  -2.20   
1953 0.06   0.52   0.52   1.22   1.82   2.60   2.82   3.85   2.84   1.62   1.50   1.75   
1954 1.64   1.47   1.52   2.65   2.98   3.03   3.04   2.50   2.70   2.56  -0.25  -0.50   
1955 -0.48   0.72  -0.23  -1.13  -2.10  -2.66   1.56   1.91   1.79   1.51   1.44   1.70   
1956 0.04  -0.25  -0.18  -0.38  -0.35  -0.77   0.30   0.66  -0.56  -0.75  -0.72  -0.92   
1957 -1.21   0.21   0.23  -0.27   0.11   1.27   1.54   1.57   1.88   1.52   1.69  -0.22   
1958 -0.31  -0.65  -1.03  -1.16  -1.84  -1.60  -1.15  -0.81  -0.83  -1.17  -1.00  -1.25   
1959 -1.51  -1.53  -2.00  -2.59  -1.39  -2.19  -2.50   0.40   0.44   0.70   0.19   0.59   
1960 0.63  -0.27  -0.76   0.43   0.69  -0.20  -0.87  -0.71  -1.11  -1.82  -2.16  -2.45   
1961 -2.94  -3.15  -3.32  -2.31  -1.86  -2.75  -2.61  -3.64  -3.15  -3.00  -2.97  -2.66   
1962 -2.60   0.60   0.49   0.20   1.56   0.94   1.46   1.49   1.61  -0.42  -0.95  -1.30   
1963 -1.57  -1.62  -1.42  -1.17  -0.66  -0.92  -1.09  -1.19  -0.99  -1.93  -2.49  -2.67   
1964 -2.95  -3.39  -3.76  -3.06  -2.72  -2.82  -3.26   0.83   1.47   0.75   0.66   0.91   
1965 0.65   0.98   2.24   2.39   2.81   2.97   3.07   2.83   4.27   3.87   4.44   4.74   
1966 4.32   4.31   4.59   4.21  -0.45  -0.81  -0.85  -0.18  -0.85  -0.67  -1.07  -1.00   
1967 1.07   1.03  -0.34  -0.28  -0.86   1.13  -0.61  -0.85  -1.76  -2.12  -3.06  -3.26   
1968 -3.40  -3.85  -4.20   0.74   0.99   2.09   2.17   1.03   1.96   3.48   3.04   3.90   
1969 4.80  -0.15  -0.64  -0.81  -1.45  -1.66  -1.20  -2.52  -2.75  -2.57  -2.96  -2.11   
1970 -2.15  -2.23  -1.79  -0.99  -0.69  -1.31  -1.42  -2.39  -2.55   1.48   2.75   2.65   
1971 2.58   3.16   2.71   1.98   1.90   1.49   1.55   1.06   0.66   2.48   3.26   3.00   
1972 2.99   2.66   2.47   2.07   1.53   0.97   3.46   3.97   3.85   3.92   3.80   3.95   
1973 3.47   2.89   2.39   1.74   1.93   1.16   1.13   1.55   1.57   1.99   2.39   2.35   
1974 -0.24  -0.10  -0.47   0.17   0.26   0.34  -0.34   0.50  -0.60  -0.98   0.22   0.05   
1975 1.57   1.33   1.56   2.50   1.73   2.65   2.04   2.18   1.83   1.08   1.93   1.62   
1976 1.78   1.67   2.07  -0.96  -1.95  -1.81  -2.46  -3.69  -4.46  -4.93  -5.89  -6.43   
1977 -6.66  -6.66  -6.11  -6.04  -5.64  -5.36   0.58   1.58   2.28   2.67   3.26   3.42   
1978 2.81   2.27   1.65   2.03   1.71   1.57   2.79   3.93   3.60   2.74   2.54   2.52   
1979 2.42   2.84   3.59   2.76   3.17   3.24   2.88   2.84   2.12   2.47   2.30   1.79   
1980 2.00  -0.04  -0.31  -1.33  -2.21  -2.21  -2.33   0.39   1.23  -0.08  -0.43  -0.70   
1981 -0.98   0.80   0.47   0.98   0.14   0.82   0.59   0.89   0.39   1.40   1.19   1.33   
1982 1.86  -0.24   0.29   0.06   0.27  -0.51  -0.66  -1.19   0.46   1.48   2.25   3.16   
1983 3.07   2.56   2.61   2.41   2.01   1.96   1.97   1.33   1.62   1.77   3.06   3.15   
1984 2.77   2.79   2.17   2.09   1.64   2.78   2.16   1.22   1.38   2.80   2.33   2.90   
1985 2.38   2.00   2.63   2.51   2.21   2.21   2.27   2.49   3.78   3.89   4.02   3.84   
1986 3.47   3.33   2.98   4.07   3.76   3.88   4.19   4.41   6.25  -0.24  -0.06  -0.29   
1987 -0.39  -0.70  -1.28  -2.66  -2.95  -4.15  -2.92  -2.97  -3.14  -3.35  -3.50  -3.43   
1988 -3.23  -3.44  -3.15  -3.78  -4.08  -5.12  -5.65  -4.95  -4.11  -4.21  -3.38  -3.07   
1989 -2.57  -2.39  -1.93  -1.73  -1.30  -1.62  -2.19  -1.74  -1.62  -2.02  -2.34  -2.74   
1990 -3.11  -3.08   0.50   1.03   0.63   1.49   2.10   1.84   1.66   2.24   1.92   1.78   
1991 1.46   1.58   2.01   2.03   3.14   2.75   3.46   2.63   3.87   3.70   5.28   4.79   
1992 4.33   3.80   3.39   3.25   1.92   1.48   1.87   1.83   1.77   1.48   1.77   1.85   
1993 2.09   1.62   1.28   1.28   1.78   2.40   2.91   3.51   3.19   2.71   3.24   2.97   
1994 3.02   2.76   2.11   3.13   1.90   1.36   1.63   1.35   1.56   2.12   2.28   1.94   
1995 1.79   1.58   2.18   2.19   1.85   0.87   1.67   2.87   2.45   3.56   3.34   3.33   
1996 3.79  -0.10  -0.18  -0.41  -0.42  -0.54  -0.29  -1.29  -1.64   0.55   2.32   2.79   
1997 3.38   2.71   2.60   1.67   0.89   0.57   2.33   2.28   1.86   1.75   1.61   1.29   
1998 1.58   1.69   2.40  -0.51  -0.66   0.00  -0.34  -0.28  -1.11   0.07   0.07   0.01   
1999 0.47   0.24   0.40   0.53   1.52   1.61   2.30   2.47   2.30  -0.17  -0.60  -0.83   
2000 -0.70  -0.07  -0.26  -0.68  -0.74  -0.71   0.74  -0.27  -0.75  -1.12   1.35   1.51   
2001 1.69   2.43   1.94   4.28   4.20   4.04  -0.55  -0.98  -1.14  -1.41  -1.32  -1.47   
2002 -1.74   0.12   0.58   1.20   1.05   1.57   2.95   3.71   3.93   4.75   3.88   3.29   
2003 2.63   2.27   2.00   1.96   2.56   3.05  -0.09  -1.65  -1.70  -2.25  -2.82  -3.19   
2004 -3.45  -3.17  -3.08  -3.01   1.07  -0.41  -0.32  -0.84   0.63   1.18   0.92   0.89   
2005 1.42   1.48   1.21   0.64   0.82   1.34  -0.52  -0.91   0.75   2.17   2.59   2.65   
2006 -0.13  -0.19  -0.11  -0.11  -0.50  -1.05  -1.92  -1.51  -1.55  -1.88  -2.44  -2.21   
2007 -2.22  -1.85  -0.89  -0.78  -1.37  -2.48  -3.18  -0.05   0.83   2.14   1.56   2.10   
2008 1.50   1.27   0.98   2.02   0.01   0.10  -0.37  -1.08   0.07   0.19  -0.18   0.61   
2009 0.43   0.67   1.21  -0.43  -1.67  -2.16  -2.39  -1.29  -2.42   1.74   1.14   2.49   
2010 -0.07  -0.09  -0.66  -1.37  -1.60   0.48   0.94   1.62   2.59   2.71   3.02   3.80   
2011 3.50   3.20   2.98   2.91   3.58   3.06   3.98   3.86  -0.90  -1.45  -2.23  -2.55   
2012 -2.71  -2.75  -3.43   0.04   2.62   2.53   2.61  -1.04  -2.18  -2.62  -3.24  -3.24   
2013 -3.32  -3.04 -99.99 -99.99 -99.99 -99.99 -99.99 -99.99 -99.99 -99.99 -99.99 -99.99   
