1895 0.10  -0.09  -0.51  -1.28  -1.37  -1.23  -1.27  -1.43  -1.02  -1.51  -1.65  -1.72   
1896 -1.80  -1.94   0.07   1.31   1.64   1.36   1.69   1.25   1.50   2.22   2.69   2.43   
1897 3.06   3.17   3.35   3.00   2.01   2.38   2.64  -0.31  -0.76  -1.15  -1.59  -1.68   
1898 -1.84  -1.55  -1.60  -1.73  -1.28  -1.26  -1.27  -1.17  -1.81   0.83   0.72   0.31   
1899 0.24   0.43   0.51   0.12   0.81   1.38   1.05   1.49  -0.35  -0.17  -0.68  -0.54   
1900 -0.67  -0.53  -0.42  -0.80  -1.67  -2.55   0.72   1.29   1.90   2.27  -0.03  -0.15   
1901 -0.21  -0.19   0.35  -0.67  -1.26  -0.79  -1.78  -2.75  -1.71  -1.75  -1.99  -2.12   
1902 -2.22  -2.23  -3.00  -3.23   0.55   0.59   1.85   2.48   2.58   2.73   2.95   3.53   
1903 3.01   2.86   2.88   2.77   3.90   2.88   3.43   4.01   4.91   5.04   4.31   3.88   
1904 3.46   3.22   2.90   2.57   2.31   2.24   2.60   2.29   2.44   2.59   1.81   1.83   
1905 1.80   1.82   1.41   0.93   2.18   3.10   2.85   2.82   2.64   3.03   3.53   2.91   
1906 3.06   2.75   2.59   1.76   1.94   2.13   2.02   2.09   2.63   2.64   2.78   2.83   
1907 3.00   2.70   2.09   1.78   1.89   1.86   2.31   2.64   3.10   2.86   2.51   2.30   
1908 1.94   2.30   2.10   1.93   3.63   3.94   3.69   3.16   2.31   2.31   1.91   1.54   
1909 1.80   2.28   1.66   2.13   1.87   1.58   1.81   1.55   1.71   1.69   2.79   3.25   
1910 3.33  -0.08  -1.47  -1.91  -2.05  -3.04  -3.59  -3.70  -3.65  -4.27  -4.80  -5.23   
1911 -5.35  -4.96  -5.85  -5.88  -5.91  -6.05  -5.73  -5.12  -4.36  -3.07  -2.68  -1.66   
1912 -1.56  -1.45  -1.62  -1.68  -1.51  -2.16  -2.03  -1.59  -1.52  -1.52  -2.01  -2.07   
1913 -2.27  -2.35  -2.40  -2.41   0.96  -0.48  -0.18  -0.64  -0.51  -0.04  -0.45  -0.83   
1914 -0.81  -0.86  -0.96  -0.73  -0.83   1.44   0.81   0.65   1.25   1.36  -0.56  -0.63   
1915 0.20   1.33  -0.32  -1.34   0.98   1.74   2.87   2.38   2.77   2.49   2.64   2.35   
1916 3.17   2.78   2.54   2.50   2.99   3.50  -0.74  -1.00  -0.75  -0.93  -1.33  -1.34   
1917 0.14  -0.16   0.32   0.63   0.77   0.97  -0.04  -0.46  -0.40  -0.44  -1.10  -1.44   
1918 -1.41  -1.51  -2.17  -2.14  -0.92  -1.53  -1.53  -1.43  -1.62   0.38   0.68   1.05   
1919 0.81   1.63   1.45   1.71   1.06   1.26   1.53   1.21   0.94   0.99   1.57   1.26   
1920 1.24   1.01   1.46   1.74   1.59   2.28   2.31  -0.41  -0.89  -1.09  -0.95  -0.94   
1921 -1.09  -1.11  -1.11  -1.05  -0.91  -1.61  -2.04  -2.25  -1.61  -2.00  -2.44  -2.68   
1922 -2.75  -1.76  -1.70  -1.49  -1.79  -1.97  -1.61  -2.23  -3.08  -3.37  -2.54  -2.71   
1923 -2.46  -2.43  -2.45  -2.41  -2.67  -2.28  -2.84  -2.84  -2.77  -3.16  -3.86  -4.15   
1924 -4.42  -4.51  -4.71  -4.44  -4.21   0.41   0.45   1.45   1.81  -0.45  -0.68  -0.33   
1925 -0.30  -0.20  -0.82  -1.39  -2.14  -0.90  -0.77  -1.17  -1.01  -0.64  -0.82  -0.79   
1926 -0.51  -0.38  -0.54  -1.16  -1.80  -1.68  -1.63   0.07   1.53   1.49   1.88   1.97   
1927 1.76   1.75   1.74   1.88   0.02  -0.16  -0.69  -1.28   0.19  -0.04  -0.29  -0.01   
1928 -0.30   0.32  -0.29  -0.19  -1.02   0.24  -0.26   1.25   1.72   2.21   2.30   2.12   
1929 2.58   2.51   2.10   2.14  -0.58  -0.96  -0.75  -1.35   0.80   1.13  -0.20  -0.37   
1930 0.18   0.48  -0.37  -0.93  -0.56  -0.32  -0.66  -1.78  -1.55  -1.73  -1.35  -1.75   
1931 -2.11  -2.38  -2.62  -3.06  -3.24  -3.37  -4.06  -4.31  -4.28   0.03   0.76   1.05   
1932 1.81   1.75   1.52   1.27   1.31  -0.58  -0.83  -0.65  -1.36  -1.71  -1.59  -1.62   
1933 -1.21  -1.21  -0.66  -1.00  -1.11  -2.46  -2.57  -3.37  -2.95  -3.22  -3.72  -3.75   
1934 -3.80  -4.28  -4.91  -5.24  -6.99  -7.27  -7.20  -7.41  -6.42  -6.17   0.35   0.28   
1935 0.53   0.46   0.24   0.32   0.52   1.40   0.47   1.00   0.14   0.38   0.21   0.28   
1936 0.50   1.59   1.74  -0.29  -0.47  -1.34  -2.77  -2.68  -2.88  -3.03  -3.40  -3.34   
1937 -3.08  -3.11  -3.08  -2.38  -2.04  -1.18  -2.20  -2.60  -2.76  -2.71  -3.22  -3.42   
1938 -3.60  -3.42  -3.69   0.33   2.01   1.82  -0.20  -1.10  -0.20  -0.96  -0.66  -0.74   
1939 -0.52  -0.03  -0.46  -0.46  -1.07  -1.34  -1.72  -1.66  -2.74  -2.78  -3.62  -3.98   
1940 -4.44  -4.61  -4.91  -4.99  -5.38  -4.11  -4.76   1.55   0.59   0.90   1.72   2.08   
1941 2.05   2.05   1.70   1.41   1.43   1.81  -0.47  -1.27   0.36   1.69   1.72   1.67   
1942 1.29   0.98   1.34   0.76   1.52   1.23   1.42   1.19   2.28   1.81   1.50   1.61   
1943 1.80   1.74   1.47   0.56   1.62   2.10   3.61   3.79   3.57   3.17   3.42   2.73   
1944 2.58   2.64   2.30   2.35   3.11   3.57   3.79   4.19   3.43   2.51   2.06   1.46   
1945 1.18   1.56   1.50   2.18   3.06   3.73   4.11   3.59   3.48   2.59   2.26   2.72   
1946 2.71   2.65   3.04  -1.11   0.43   0.94  -0.80  -1.43   1.30   1.91   2.32   2.19   
1947 2.39   2.11   1.72   2.66   2.08   2.79  -0.46  -0.33  -0.57  -0.58   0.49   0.45   
1948 0.19   0.99  -0.31  -0.51  -0.93  -1.00  -1.46  -0.73  -1.14  -1.43   0.20   0.15   
1949 0.88   0.54   1.63  -0.59  -1.46  -1.49  -1.67  -2.79  -2.67  -2.69  -3.20  -3.10   
1950 -2.83  -2.91  -2.69  -2.16  -1.69  -2.50  -1.41  -1.80  -1.89  -2.34  -2.54   0.29   
1951 0.15   0.85   2.06   2.46   2.22   3.50   3.26   3.93   4.69   4.34   4.27   4.26   
1952 4.36   3.91   3.94  -0.71  -1.03   0.31   0.48   1.02  -0.94  -1.57  -1.83  -2.12   
1953 0.05   0.11   0.17   1.00   1.17   1.53   2.18  -0.08  -0.86  -1.76  -1.69  -1.44   
1954 -1.59  -0.02   0.09  -0.08   0.41   0.77   0.49   0.20   0.26   0.60  -0.52  -0.72   
1955 -0.81  -0.47  -0.78  -1.34  -2.43  -2.50  -2.31  -2.60  -3.29  -3.48  -3.94  -4.04   
1956 -4.21  -4.50  -4.48  -4.48  -4.41  -2.79  -2.02  -1.26  -1.77  -2.13  -1.74  -1.97   
1957 -2.14  -2.08  -1.94  -2.50   0.62   0.82   1.45   1.95   1.43   1.55   1.96  -0.12   
1958 -0.24  -0.46  -0.93  -0.56  -1.28  -1.61  -1.41  -1.97  -2.44  -3.01  -3.37  -3.87   
1959 -4.22  -4.14  -4.94  -5.68   0.79  -0.14  -0.82   0.67   1.10   1.66   1.57   1.99   
1960 1.78   1.40   1.03   1.44   2.60   2.37   1.90   1.70   2.06  -0.60  -0.89  -1.08   
1961 -1.46   0.12   0.58   0.47   1.19  -1.17   0.95   0.74   0.74   0.75   0.47   0.45   
1962 0.15   0.79   0.71   0.62   0.78   0.48   1.54   2.35   0.01  -0.10  -0.59  -0.92   
1963 -0.81  -0.75  -0.72  -1.05  -1.31  -1.26   1.21  -0.44  -0.22  -0.60  -1.26  -1.52   
1964 -1.81  -2.26  -2.66   0.66   0.99  -0.88  -0.83   0.38   1.78   1.33   1.29   1.45   
1965 1.30   1.82   2.50   3.27   3.58   3.11   3.00   2.84   4.22   3.46   3.14   3.18   
1966 3.01   3.05   3.06   2.58   1.83   1.65   1.22   1.22   0.87   1.29   0.73   0.76   
1967 1.52   1.64   1.11   1.76   1.06   2.03   1.70   1.97  -0.67  -0.73  -1.33  -1.72   
1968 -1.85  -2.26  -3.14   0.48   0.32   0.66   2.33   2.57   4.08   5.34   4.71   5.13   
1969 5.61   5.25  -0.02  -0.43  -0.50   0.52   0.53  -0.73  -1.57  -1.03  -1.37  -0.62   
1970 -0.71  -0.93  -0.67  -0.33  -0.08  -0.78  -0.34  -1.34   0.75   2.15   3.06   2.92   
1971 2.86   3.82  -0.23  -0.88  -0.81  -0.20  -0.33  -1.27  -1.59   1.10   1.62   1.67   
1972 1.70  -0.03  -0.28  -0.13  -0.10  -0.69   0.97   0.18   0.64   0.99   1.21   1.65   
1973 1.88   1.86   1.73   1.94   2.57   1.58   1.41   1.03   1.59   1.13   1.82   2.12   
1974 1.69   1.65   1.36   1.18   1.68   1.64  -0.66  -0.41  -1.10  -1.35  -1.49  -1.85   
1975 0.76   0.59   0.99   1.99   1.39   2.24  -1.05  -1.56  -1.88  -2.66   1.04   0.95   
1976 0.66   0.44   1.16  -0.77  -1.53  -2.19  -2.55  -3.17  -3.40  -3.62  -4.29  -4.67   
1977 -4.97  -5.03   0.25  -0.11  -0.38   0.27   0.04   0.28   0.77   2.05   2.32   2.35   
1978 2.23   1.93   1.31   1.72   1.49   1.43   1.82  -0.17  -0.33  -0.85   0.16   0.21   
1979 0.60   0.64   1.89   1.64   1.39   1.46   1.98   4.03   3.35   3.80   4.13   3.57   
1980 3.52   3.32  -0.24  -0.81  -0.93  -1.44  -2.46   1.33   1.42   1.25  -0.65  -0.96   
1981 -1.32   0.48  -0.46  -0.28  -0.43   0.46   1.28   2.63   2.07   2.63   2.50   2.45   
1982 2.92   2.49   2.24   1.96   2.69   1.64   1.27   1.52   1.90   2.63   3.38   4.44   
1983 4.05   3.79   4.58   4.77   5.02   4.64   3.98   3.32   2.98   3.00   3.88   3.82   
1984 3.48   3.51   3.26   3.76   3.23   3.46   3.23   2.36   1.91   2.96   2.98   3.44   
1985 3.20   2.63   3.39   3.18   2.26   1.49   0.68   1.52   2.29   2.60   2.77   2.91   
1986 2.72   2.32   2.35   3.31   2.74   3.02   3.67   3.43   4.65   4.73   4.45  -0.23   
1987 -0.25  -0.59  -0.82  -1.95  -2.70  -3.29  -2.46  -2.02  -2.28  -2.43  -2.32  -1.98   
1988 -1.47  -1.58  -1.80  -1.42  -2.43  -3.94  -5.04  -5.01  -4.76  -5.10  -4.53  -4.65   
1989 -4.86  -5.02  -4.72  -3.91  -4.19  -4.35  -3.99  -4.21  -4.11  -4.56  -4.53  -4.81   
1990 -5.10  -5.24   0.14   0.38   1.11   1.79   3.15   2.92  -0.68  -0.67  -1.18  -1.04   
1991 -1.22  -1.26   0.64   1.64   2.45   2.29   3.18   3.16   3.79   3.52   5.29   4.91   
1992 4.74   4.36   4.48   4.28   3.19   2.58   3.24   3.64   3.33   3.97   4.57   4.52   
1993 4.41   4.13   3.86   4.53   5.22   6.79   7.52   8.48   8.28   7.23   6.90   6.39   
1994 6.21   5.67   4.43   4.96   3.67   3.49   3.62   4.05   4.30   4.49   4.35   3.86   
1995 3.28   2.64   3.37   3.82   3.77   3.02   3.58   3.11   3.15   3.93   3.69   3.37   
1996 4.24   3.47   3.50   2.56   2.56   2.76   2.06   2.85   2.49   2.89   4.03   4.01   
1997 4.17   3.61   3.05   2.40   2.54   2.19   2.99   3.24   2.71   2.47   2.16   1.74   
1998 2.05   1.87   2.52   2.21   1.64   2.04   1.98   1.96   1.11   2.22   2.06   1.68   
1999 2.32   1.94   1.61   3.18   3.39   3.33   3.78  -0.16  -0.65  -0.63  -1.06  -1.38   
2000 -1.27  -0.94  -1.29  -1.78   1.30   2.14   2.53   2.42   1.48   1.00   1.62   2.11   
2001 2.55   3.01   2.55   3.89   4.16   4.02   3.57   2.75   2.40   1.85   1.95   1.54   
2002 1.16   0.97   1.12   1.33   0.82   1.42   1.26   2.00   1.72   2.75  -0.24  -0.40   
2003 -0.48   0.05   0.37   0.02   0.49   0.48  -0.03  -0.87  -1.21  -1.80  -2.05  -2.12   
2004 -2.36  -2.08  -1.88  -2.09   1.45   1.46   2.49   2.87   4.24   3.95   3.66   3.08   
2005 3.05   3.19   3.14   3.12   3.91   3.53   3.14   3.18   4.73   4.31   4.28   4.21   
2006 3.99   3.50   3.65   4.55   3.37   3.04   2.10   2.65   2.80   2.15   1.90   2.22   
2007 2.43   2.84   3.29   2.61   1.91   1.14   0.61   2.68   2.92   4.08   3.36   3.44   
2008 3.00   2.56   2.03   3.00   3.31   3.06  -0.04  -0.61  -1.18   0.13   0.23   0.46   
2009 0.51   0.79   0.94  -0.15  -0.91  -0.96  -1.24  -1.10  -1.68   2.12   1.81   2.79   
2010 2.73   2.66   2.41   1.55   0.88   2.13   2.80   2.26   5.45   4.72   4.66   5.30   
2011 5.02   4.98   4.67   4.68   4.89   4.69   4.79  -0.98  -1.74  -2.41  -3.19  -3.18   
2012 -3.31  -3.54  -4.61  -4.32  -2.57  -3.05  -3.59  -4.05  -4.76  -4.72  -5.13  -4.71   
2013 -4.72  -4.30 -99.99 -99.99 -99.99 -99.99 -99.99 -99.99 -99.99 -99.99 -99.99 -99.99   
