1895 0.18  -0.80  -0.60  -1.10  -1.29   0.33   0.83   1.02  -0.41  -0.59  -1.06  -1.00   
1896 -1.05   0.77  -0.02  -0.42  -0.99  -1.01  -1.62  -2.15  -2.26  -2.15  -2.23  -3.05   
1897 -2.57  -2.42  -1.27  -1.48  -1.82  -2.25  -2.33  -2.10  -2.91  -3.32  -3.60  -2.54   
1898 -1.56  -2.11  -2.31  -2.24  -2.43  -0.05   0.20   0.58   1.38   1.63  -0.52  -1.16   
1899 0.57   0.69   0.81  -0.59  -1.07  -1.30  -1.09  -1.30  -1.71  -2.23  -2.72  -2.38   
1900 -2.65   0.49  -0.53   0.88   0.58   3.10   3.24  -0.34  -0.74  -0.50  -0.71  -1.27   
1901 -1.27  -1.48  -1.97  -1.85  -1.72  -2.11  -2.67  -1.41  -1.07  -1.37  -1.85  -1.37   
1902 -1.33  -1.56  -0.78  -1.21  -1.67  -1.99  -2.13  -2.14   0.69  -0.48  -0.71   0.20   
1903 0.09   1.76  -0.12  -0.75  -0.78  -0.85  -0.80  -0.56  -1.21  -1.66  -2.04  -2.11   
1904 -2.23  -2.69  -2.46  -2.39  -2.35   0.38   0.96   1.17  -0.47  -1.15  -1.59   0.20   
1905 0.32   0.84   0.34   0.70   1.01   1.17   1.48   2.03   1.92   2.20  -0.73  -0.76   
1906 -0.80  -1.59  -1.04  -1.70   0.08  -0.13   0.40   0.40   2.20   2.34   2.26  -0.03   
1907 -0.35  -0.27  -1.12   0.49   2.32  -0.07  -0.24  -0.39  -0.44  -0.65  -0.68  -1.15   
1908 -1.09   0.88   0.21   0.47   0.82   1.26   1.01   1.60  -0.31  -1.01  -1.44  -1.65   
1909 -2.00   0.85   0.49   0.89   2.48   2.80  -0.09  -0.40  -0.05  -0.49  -1.22  -1.29   
1910 -1.31  -1.01  -2.54   0.07   0.59   1.21   1.84   1.83  -0.43  -0.14  -0.97  -1.19   
1911 -1.44  -1.43  -2.23   1.60  -0.84  -1.00   0.12   0.84  -0.57  -1.10  -1.19   1.58   
1912 -0.35  -0.49  -1.32   1.58   1.48   1.77   1.71   2.04  -0.19  -0.62  -1.37   0.60   
1913 1.51   1.73   1.69   1.56   1.50  -0.72  -0.93  -1.47   0.97   1.25  -0.76  -1.23   
1914 -1.88  -1.72  -1.49  -1.46  -1.87  -2.56  -3.12  -2.18  -1.72  -1.97  -2.64  -2.00   
1915 -1.68  -1.28  -1.76  -2.38   0.36   0.79   0.53   1.34   1.41   1.01   1.13   1.23   
1916 1.66  -0.52  -1.13  -1.38   0.92   1.23   1.50   1.65  -0.17  -0.42  -1.08  -1.13   
1917 -0.02  -0.02   0.56   0.73   0.38   0.45   0.71   1.05  -0.51  -0.63  -1.31  -1.93   
1918 -1.66  -2.14  -3.38  -2.31  -2.74  -2.61  -2.87  -2.87  -2.34  -1.51  -1.95  -2.29   
1919 -2.23  -2.10   0.32   0.21   1.46   1.48  -0.69  -0.26  -0.84   1.24   1.86   1.36   
1920 1.47   0.92   0.75   2.03   2.22   2.18   2.18   2.78   2.60   2.03   1.28   1.44   
1921 0.80   0.83   0.86   2.04  -0.70  -1.23  -1.75  -1.64  -1.72  -2.27  -2.42  -2.73   
1922 -2.52   0.36   1.28   1.39   1.51  -0.24  -0.15  -0.30  -1.06  -1.70  -2.02   0.30   
1923 0.26   0.72   1.12   1.97   3.09   3.11   3.04   3.43  -0.06   0.11  -0.47   0.43   
1924 0.45  -0.03  -0.50   0.15   0.66  -0.24  -0.74  -1.49  -1.50  -2.35  -3.05  -2.78   
1925 -2.43  -2.25  -3.02  -3.54  -3.38  -3.79  -3.62  -3.95  -4.11  -2.43  -2.15  -2.71   
1926 -2.50  -2.83  -2.54  -2.90  -2.77  -2.63  -2.65  -1.55  -2.45   0.04  -0.13   1.70   
1927 1.36   1.39   1.92   2.62   2.69   2.77   2.43   2.57  -0.30  -0.53  -0.73  -0.71   
1928 -1.12  -1.63  -1.86   1.26   1.38   2.97   2.68   2.53  -0.58  -0.76  -1.02  -1.48   
1929 -1.45   0.23   0.32   0.47   0.96  -0.09  -0.24  -0.69  -0.60  -0.56  -0.52  -0.94   
1930 -0.65  -0.83  -1.27  -2.12   1.54  -0.95  -2.08  -2.44  -2.46  -2.28  -2.29  -2.45   
1931 -2.84  -2.56  -2.32  -2.51  -2.24  -2.54   1.22   1.54  -0.71  -1.25   0.13   1.64   
1932 2.65   2.95  -0.41  -0.74  -1.39  -1.66   0.52   0.39   1.91   2.46   1.84   2.37   
1933 1.60   2.22   2.99   2.85   2.98  -0.70  -0.67  -0.73  -1.17  -1.70  -2.16  -1.60   
1934 -2.01  -2.35  -1.90  -2.73  -3.21  -2.86  -3.34  -3.64  -2.79  -3.08  -2.18  -2.13   
1935 -1.09  -1.20  -1.21  -1.07  -0.91  -0.71  -1.25  -2.16  -1.89  -1.19  -1.30  -2.00   
1936 -2.20  -2.44  -2.59  -2.82  -3.37  -3.99  -3.81  -4.43  -4.15  -3.38  -3.29  -2.60   
1937 -1.31  -1.74  -2.26  -2.71  -2.80  -2.54  -2.25  -2.12  -2.32   0.36   0.35  -0.40   
1938 0.62  -0.66  -0.43  -0.27  -0.54   0.49  -0.33  -0.37  -0.94  -1.69  -1.96  -2.27   
1939 0.68   1.76   1.46   1.98   1.47   2.62   2.48  -0.19  -0.67  -1.34  -1.87  -2.12   
1940 -2.47  -2.33  -2.33  -2.16  -2.33   0.61   1.44   3.02  -0.19  -0.34  -0.33  -0.39   
1941 -0.81  -1.45  -1.84  -2.22  -2.89  -3.26  -2.79  -2.09  -2.49  -1.54  -1.63  -2.12   
1942 -2.47  -2.32  -2.14  -1.31  -1.88  -2.00  -2.75  -2.57  -2.79  -2.70  -3.12  -2.32   
1943 -2.76  -3.29  -2.08  -2.44  -2.55  -3.23  -4.04  -4.81  -3.80  -4.06  -3.88  -3.87   
1944 -3.84  -2.76  -1.85  -1.23  -1.21  -1.78  -2.41  -1.99  -1.90  -2.32  -2.30   1.24   
1945 1.05   1.27   1.23   1.32   0.81   0.90   0.98   0.85   1.28   1.45   2.06   1.71   
1946 2.86   3.12   2.81   1.76   2.52   2.50   3.25   3.06   2.69   2.55   2.55  -0.54   
1947 0.57  -0.71  -0.80   0.25   0.53   0.95  -0.23  -0.64  -1.03  -1.39  -0.94  -1.36   
1948 0.11   1.64   2.17   1.34   0.92   0.67   1.15   1.48   1.26   0.75   2.61   1.83   
1949 2.60   1.79   2.10   1.69   1.00   1.82   1.28   1.91   0.99   1.95   0.75   0.65   
1950 1.69   1.92   2.19   1.65   1.25   1.24   1.43   2.43   2.33   1.71   1.50   1.06   
1951 1.86   1.58   1.70  -0.01  -0.66  -0.54  -0.22  -0.29  -0.42  -0.73   0.24   1.30   
1952 0.03  -0.10  -0.30  -0.29  -0.53  -1.63  -2.41  -3.04  -3.45  -3.75  -3.53  -3.50   
1953 -3.50   0.72   0.92   1.72   2.76  -1.16  -1.55  -2.15  -2.85  -3.32  -3.68  -3.42   
1954 -2.66  -2.90  -3.71  -3.68  -2.69  -3.02  -3.59  -4.14  -4.64  -4.56  -4.61  -4.34   
1955 -4.37   0.13   0.62   1.42   0.90   1.22   1.81   1.68  -0.17  -0.56  -0.92  -1.47   
1956 -1.71   1.11  -0.66  -0.07  -0.57  -0.71  -1.52  -1.98  -2.50  -2.61  -2.95   0.00   
1957 0.73   1.02   0.25   0.60   0.27   1.43   1.57   1.04   1.80   2.24   3.48   2.80   
1958 1.98   1.19   0.77   1.45   1.42   1.69   2.30   1.94   4.10  -0.22  -0.36  -1.12   
1959 -1.24  -1.20  -1.51  -1.65  -1.72   0.24   0.63   0.62   0.91   1.02  -0.31   0.32   
1960 0.31  -0.37  -0.09  -0.81  -0.87  -0.88  -1.22   0.72   0.42   0.98  -0.41  -0.66   
1961 -1.22   0.98   1.77  -0.29   0.03   0.03   0.46  -0.10  -0.34  -0.76   1.24   1.92   
1962 2.42   2.37  -0.45  -0.25  -0.62   0.47   0.54  -0.19  -0.19  -0.55  -1.05  -1.65   
1963 -2.20  -2.39  -2.26  -1.91  -2.03  -2.06   1.14   1.11  -0.29  -1.19  -1.40  -1.37   
1964 -1.39  -1.53   0.55   1.88  -0.63  -1.11   0.12   0.73   0.97   0.71   0.51   0.82   
1965 0.42   0.96   1.76  -0.99  -1.67  -2.14  -2.63  -2.39  -1.72  -2.01  -2.61  -3.12   
1966 -3.20  -2.00  -2.78  -2.68  -2.04  -2.41  -2.89  -2.65  -2.43  -2.08  -2.60  -2.34   
1967 -2.84  -2.85  -3.23  -3.15   0.70   0.51   1.50   2.48   2.13   1.95   1.28   1.74   
1968 2.01   1.27   1.30   1.42   1.98  -0.65  -1.12  -1.44   1.20   1.42   1.78   1.75   
1969 1.19   1.23   0.68   1.59  -0.58  -0.65  -1.37   0.53   0.59   0.16   0.48   1.19   
1970 -0.70  -0.77   0.47   1.37   1.14   1.33   1.06   1.22   0.65   1.60  -0.45  -0.67   
1971 -0.67  -0.16  -0.33  -0.60  -0.53  -0.51   0.26   0.78  -0.03  -0.67  -1.34  -1.37   
1972 -1.02  -1.86  -1.96  -1.94   0.16   0.57   1.15   1.22   1.46   1.49   2.31   2.62   
1973 2.72   2.21   3.98   4.47   4.58   3.76   3.22   2.79   2.01   1.79   2.64   2.28   
1974 3.26   2.78   1.65   1.49   2.24   3.80   3.83   4.23   4.13   3.81   3.17   3.18   
1975 2.61   2.76   3.54   3.03   3.49   3.00   2.95   3.07   2.83   2.65   2.67  -0.35   
1976 -0.41  -0.51  -0.15  -0.85  -0.65  -0.26  -0.38  -0.80   0.18   0.70  -0.44  -0.89   
1977 -1.07  -1.61  -1.38  -1.43  -1.98  -2.14  -1.94  -2.13   1.06   1.36   2.37  -0.55   
1978 -0.34  -1.09  -1.53  -1.95   1.62   2.01  -0.30  -0.30  -0.84  -1.34  -1.36   0.71   
1979 1.52   1.28   1.24   1.97   2.93   2.55   3.27   3.64   4.29   4.07   4.44   3.78   
1980 3.24   2.13   3.94   4.10  -0.21  -0.02  -0.69  -1.44  -0.82  -0.61  -0.33  -1.27   
1981 -1.87  -2.01  -1.84  -2.56  -1.96  -1.98  -1.50  -1.26  -1.34  -0.87  -1.55  -1.98   
1982 -1.55  -1.59  -2.31   1.01   0.33   0.65   0.67   1.58   1.58   2.25   2.08   4.23   
1983 3.44   3.19   2.54   3.46   4.61   4.19   3.34   2.16   1.93   1.65   2.17   3.09   
1984 2.25   1.76   1.58   1.63   2.65   1.86   1.41   1.74   0.95   2.85   2.84  -0.83   
1985 -1.03  -0.88  -1.67  -1.70   0.02   0.13   0.41   1.45   1.42   1.61  -0.50  -1.01   
1986 -1.86  -2.46  -2.94  -3.45   0.22   1.22  -0.62  -0.40  -1.00   0.60   1.77  -0.05   
1987 -0.60  -0.25  -0.67  -1.14  -1.32  -1.07  -1.17  -1.47  -1.58  -1.79  -1.11  -0.76   
1988 -0.96  -1.19  -1.42  -1.49  -2.02  -2.79  -2.06  -2.83   0.71   1.41   1.36   1.22   
1989 1.91   2.78   2.28   1.40   1.46   3.24   4.34   3.86   4.03   3.42   2.97   2.21   
1990 1.88   2.75   2.54   2.50   2.83  -0.20  -0.72  -1.16  -1.53   0.45   0.11   1.45   
1991 0.79   2.06   1.85   4.45   4.93   4.58   3.71   3.24   2.69   2.34   1.98   3.04   
1992 -0.57  -1.05  -0.82  -1.31  -1.92   1.37   2.10   3.24   3.55   3.46  -0.26  -0.42   
1993 -0.56  -0.92  -1.27  -0.87  -0.71  -0.60  -1.10   0.99   1.53   1.49   0.94   0.99   
1994 1.04   1.12   1.46   0.82   0.80   1.86   2.92   2.76   2.81   3.18   2.73   2.21   
1995 1.98   1.67   1.42   1.40   1.10   1.18   1.57   1.94  -0.57  -0.43  -0.38  -0.20   
1996 -0.22  -0.69  -0.61  -0.63  -1.11   0.80   1.05   1.28   2.63   3.00   2.89   2.81   
1997 2.77   2.67   2.75   2.30   2.93   4.57   4.19   4.43   4.54   4.52  -0.62  -0.74   
1998 0.27   0.35   0.18   0.89  -0.59  -1.32  -0.81  -0.83  -1.67  -2.05  -2.42   0.39   
1999 1.26   0.30   0.68   0.83   0.57   1.14  -0.22  -0.67  -1.19  -1.37  -1.99  -2.10   
2000 -2.28  -2.64  -2.74  -1.86  -2.18  -1.75  -2.27  -3.15  -3.63  -4.24   0.88   0.74   
2001 0.75   1.75   0.95   0.81   0.57   0.76   0.43   0.71   0.85   2.27   3.38   3.52   
2002 3.69   3.01   3.85   2.63   3.49   2.80   2.67   2.65   4.08   5.49   4.65   4.79   
2003 3.57   4.20   2.95   2.52   3.81   4.28   4.15   4.30   4.42   4.01   3.58   2.83   
2004 2.33   2.75   1.99   2.01   2.32   3.25   3.07   3.08   2.01   2.48   2.78   3.10   
2005 -0.30  -0.37  -0.92  -0.40  -1.07  -1.39  -1.36  -0.88  -1.05  -1.77  -2.00  -2.23   
2006 -1.42  -1.25  -1.61  -1.83  -1.67  -1.73  -2.26  -2.18  -1.40  -0.80  -0.94  -0.80   
2007 -0.82  -1.32  -2.67  -2.86  -3.22  -2.92  -2.09  -2.63  -2.76  -1.67  -2.14  -2.09   
2008 -2.29  -2.40   0.52   1.01   1.70  -0.34  -0.90   0.91   0.79   1.19   0.59   1.30   
2009 -0.51  -0.77  -0.84  -1.01   1.30   0.98   2.72   2.48   3.44   5.35  -0.63  -0.36   
2010 -0.33  -0.59  -0.90  -1.20  -0.29  -0.81  -0.79  -1.23  -2.16  -2.37  -1.80  -2.35   
2011 -2.56  -2.85  -2.82  -1.21  -1.31  -1.43  -1.74  -1.95  -1.28  -1.24  -1.06  -0.69   
2012 -1.05  -1.44  -1.80  -2.34  -2.87  -3.04  -2.99  -2.94  -2.51  -1.37  -1.92  -1.59   
2013 -0.69  -0.80 -99.99 -99.99 -99.99 -99.99 -99.99 -99.99 -99.99 -99.99 -99.99 -99.99   
