1895 0.22  -0.89  -0.79  -1.13  -1.26  -0.65  -0.91  -0.69  -1.06  -1.08  -1.63  -1.66   
1896 -1.67  -0.56  -0.93  -1.16  -1.69  -1.56  -2.42  -2.89  -3.07  -2.77  -2.95  -3.72   
1897 -3.42  -3.28  -2.71  -2.79  -3.10  -3.74  -3.90  -3.47  -4.08  -4.38  -4.62  -3.61   
1898 -3.06  -3.57  -3.97  -3.68  -4.04  -3.94  -3.55  -2.70  -1.86  -1.47  -1.51  -1.91   
1899 -1.22  -1.02  -1.03  -1.62  -2.36  -2.65  -2.56  -2.70  -3.00  -3.46  -3.78  -3.29   
1900 -3.77   0.68   0.05   1.45   1.07   3.44   3.44  -0.40  -0.74   0.75  -0.50  -0.91   
1901 -0.86  -1.02  -1.54  -1.37  -1.10  -1.51  -2.07  -1.07  -0.68  -1.04  -1.53  -0.99   
1902 -1.21  -1.29  -0.55  -1.06  -1.61  -2.62  -3.19  -3.27  -2.37  -2.53  -2.66  -2.47   
1903 -2.41   1.91  -0.59  -1.14  -1.00  -0.97  -1.12  -0.83  -1.50  -1.93  -2.44  -2.69   
1904 -2.91  -3.16  -3.40  -3.44  -3.39  -3.02  -2.28  -1.88  -2.32  -2.90  -3.12  -3.04   
1905 0.13   0.82  -0.76  -0.36  -0.29  -0.22  -0.55   0.46   0.31   0.75  -0.67  -0.64   
1906 -0.89  -1.64  -1.04  -1.80  -1.45  -1.57   0.12  -0.14   2.10   2.40  -0.34  -0.70   
1907 -1.37  -1.13  -2.14   0.51   2.06  -0.29  -0.44  -0.61  -0.32  -0.75  -0.69  -0.86   
1908 -0.90   1.15  -0.67   0.19   0.62   0.87   0.61   1.13  -0.46  -1.01  -1.71  -1.81   
1909 -2.42   0.93   0.76   1.37   2.84   3.27  -0.30  -0.83  -0.44  -0.92  -1.75  -1.75   
1910 -1.90  -1.47  -2.88  -0.04   0.19   0.94   1.46   1.44  -0.45  -0.14  -0.83  -1.25   
1911 -1.50  -1.40  -2.40   1.50   0.75   0.46   0.51   1.19  -0.67  -1.15  -1.21   1.31   
1912 -0.33  -0.51  -1.85   1.76   1.49   1.71   1.41   1.72   1.59  -0.24  -0.98   0.63   
1913 1.24   1.57   1.54  -0.07  -0.12  -0.68  -0.90  -1.56   0.84   0.79  -0.75  -1.24   
1914 -2.14  -2.00  -2.14  -2.06  -2.54  -3.21  -3.81  -2.83  -2.03  -2.03  -2.37  -2.17   
1915 -1.95  -1.36  -1.88  -2.72  -2.39  -1.94  -2.22  -1.67  -1.08  -1.02  -1.09  -0.94   
1916 -0.95  -1.23  -1.74  -2.04   0.63   0.65   2.35   2.38  -0.24  -0.62  -1.26  -1.46   
1917 -1.46  -1.16  -0.86  -0.70  -0.98  -1.14  -1.34  -1.04  -1.03  -1.12  -1.74  -2.37   
1918 -2.01  -2.48  -3.85  -2.78  -3.27  -3.31  -3.64  -3.70   0.21   1.75   1.24   0.55   
1919 0.18   0.27   0.28   0.28   1.24   1.25   0.74   1.35  -0.67   0.68   1.13   1.33   
1920 1.26  -0.49  -0.47   1.77   1.94   1.90   1.86   2.21   0.03  -0.59  -0.97  -0.38   
1921 -1.06   0.17  -0.18   1.29  -0.68  -1.48  -1.96  -1.98  -2.05  -2.39  -2.84  -3.16   
1922 0.11   0.65   0.99   1.08   1.37  -0.21  -0.53  -0.91  -1.57  -1.97  -2.31  -1.98   
1923 -2.22   0.60   0.54   1.55   2.73   2.73   2.69   3.06  -0.49  -0.16  -0.33  -0.08   
1924 0.00  -0.14  -0.68  -0.44  -0.19  -0.41  -1.32  -2.15  -2.19  -2.83  -3.64  -3.35   
1925 -2.40  -2.25  -2.98  -3.60  -3.51  -4.01  -4.03  -4.43  -4.74  -3.13  -2.83  -3.08   
1926 -2.70  -2.90  -2.93  -3.24  -3.08  -2.95  -2.92  -2.09  -2.73  -2.85  -2.72  -1.47   
1927 -2.05  -1.69  -1.53  -1.36  -1.39  -1.06  -1.56  -1.25  -1.65  -1.82  -2.02  -1.58   
1928 -2.21  -2.68  -2.79   1.28   1.20   2.52  -0.06  -0.06  -0.45  -0.92  -1.31  -1.93   
1929 -2.13   0.38   0.88   0.87   0.85  -0.12  -0.49  -1.08   0.36   0.68   1.11  -0.50   
1930 -0.87  -1.21  -1.64  -2.47  -1.42  -2.15  -2.96  -3.26  -2.84  -2.71  -2.37  -2.61   
1931 -2.89  -3.04  -3.01  -3.17  -2.95  -3.32  -2.50  -2.09  -2.77  -2.77  -2.63   0.73   
1932 1.10   1.37  -0.23  -0.92  -1.15  -1.34   0.11  -0.11   1.77   3.49   3.15   4.24   
1933 -0.82  -0.78  -0.94  -0.64  -1.35  -1.79  -1.28  -0.96  -1.31  -1.57  -2.13  -2.71   
1934 -3.20  -3.24  -2.70  -3.03  -3.16  -2.98  -3.13  -2.95  -2.74  -2.52  -1.96  -2.04   
1935 -2.18  -2.60  -1.67  -1.38  -0.96  -0.78  -1.59  -2.32  -2.74  -2.46  -2.52  -2.44   
1936 -1.86  -1.60  -2.31  -2.38  -2.46  -3.21  -3.32  -3.58  -3.90  -4.26  -4.27  -3.95   
1937 -2.52  -2.51  -2.80  -2.49  -2.08  -2.07  -2.22  -2.06  -1.85  -1.29  -1.28  -1.52   
1938 -1.67  -2.28  -2.01  -1.47  -1.86  -1.68  -1.80  -1.79  -2.35  -2.96  -2.83  -3.10   
1939 0.29   1.52   0.91   0.83   1.08   2.14   2.21   0.04  -0.33  -1.15  -1.80  -2.05   
1940 -2.08  -1.55  -1.64  -1.69  -1.84   0.82   2.85   3.13   2.97  -0.51  -0.26  -0.18   
1941 -0.85  -1.29  -1.40  -1.80  -2.80  -3.27  -1.96  -1.63  -1.92  -1.68  -1.58  -1.68   
1942 -2.30  -2.28  -2.35  -3.04  -3.41  -3.22  -4.00  -3.62  -3.41  -3.26  -3.90  -3.39   
1943 -4.02  -4.33  -3.54  -3.77  -3.78  -4.28  -4.67  -4.85  -4.07  -4.30  -4.02  -4.13   
1944 -4.16  -3.21  -2.06  -1.51  -1.17  -2.03  -1.90  -1.92  -2.16  -2.66  -2.51  -2.04   
1945 -2.16   1.14  -0.12  -0.21  -0.49  -0.58  -0.22  -0.76  -0.96  -0.57  -0.78   0.06   
1946 1.06   1.83   1.69   0.75   1.31   1.69   2.56   2.72   2.18   1.68   2.18   1.49   
1947 2.24  -0.75  -0.77   0.53   0.17   0.78  -0.02  -0.36  -0.70  -1.24   0.89   0.54   
1948 0.32   1.07   1.45  -0.32  -0.96  -1.20  -1.53   0.11   0.81   0.12   2.34   1.89   
1949 3.29   2.99   2.99   2.33   2.09   2.38   1.97   2.09   1.94   1.81  -0.94  -1.30   
1950 0.78   1.41   1.47   0.78   0.70   0.59   1.20   2.99   3.72   3.10   2.63   2.06   
1951 2.05   1.91   2.84  -0.11  -0.58  -0.43  -0.95  -1.67  -1.71  -2.09  -2.20  -1.44   
1952 -1.82  -2.27  -2.40  -2.41  -2.38  -3.03  -3.64  -3.72  -3.78  -3.93  -3.82  -3.57   
1953 -2.98  -2.12  -2.36  -1.67  -1.01  -1.74  -1.63  -2.17  -2.58  -3.12  -3.69  -3.06   
1954 -2.42  -2.99  -3.38  -3.34  -2.77  -3.22  -3.56  -4.37  -4.89  -4.67  -4.33  -3.94   
1955 -3.77  -3.14  -3.35  -2.83  -2.49  -2.11  -1.45  -1.35  -2.05  -2.24  -2.05  -2.60   
1956 -3.03  -1.69  -1.53  -0.90  -1.28  -0.89  -1.42  -1.59  -1.89  -1.24  -1.83  -1.26   
1957 -0.90  -1.25  -1.58  -1.44  -1.82   1.25  -0.33  -0.97   1.08   1.69   2.87   2.11   
1958 1.45   1.06   0.82   1.26   1.27   1.53   2.51   2.47   2.83   2.61  -0.06  -0.82   
1959 -0.87  -0.91  -1.17   0.06   0.42   0.23   0.28   0.19   0.10   0.48  -0.11  -0.41   
1960 0.40   0.15   0.68  -0.57  -0.56  -0.84  -1.45   0.79  -0.37  -0.09  -0.51  -0.95   
1961 -1.42   1.17   1.76   1.45   0.73   1.64   2.68   2.63   1.96   1.57   2.73   4.40   
1962 4.78  -0.20  -0.42   0.55  -0.79  -0.89  -1.41  -1.88  -2.19  -2.31  -2.38  -2.80   
1963 -2.61  -2.98  -3.30  -3.36  -3.41  -0.04   1.27   1.25  -0.40  -1.24  -1.14  -1.01   
1964 -0.88  -1.22   0.77   2.09   1.40   0.87   1.27   1.65   1.73   1.62  -0.11  -0.04   
1965 -0.57   0.53   0.70  -0.68  -1.54  -1.55  -1.47   0.43   1.00  -0.14  -0.95  -1.68   
1966 0.29   0.70  -0.86  -0.24  -0.26  -0.49  -0.88   0.28   0.89   0.89  -0.54  -0.69   
1967 -1.29  -1.17  -2.19  -2.65   0.59   0.19   1.01   1.97   1.85   2.07   1.61   2.95   
1968 3.01   2.02   1.67   1.73   1.97   1.43   2.04   2.57   2.76   2.14   1.94   2.22   
1969 -0.62  -0.75  -0.71   0.94  -0.04  -0.17  -0.67  -0.49  -0.59  -0.71  -0.84   0.92   
1970 -0.62  -1.01   0.33   1.07   0.96   0.85   0.60   1.33   0.81   1.95  -0.54  -0.84   
1971 -1.23   0.87   1.18   1.00   1.68   1.95   2.39   2.67   3.30   2.83   1.86   2.41   
1972 2.77  -0.74  -1.01  -1.33  -1.43   0.22   0.21  -0.28   0.37   0.44   0.81   1.17   
1973 1.59   1.17   2.20   2.54   2.75   2.35   2.19   2.44   2.13   1.76   2.41   2.69   
1974 3.84   3.48   2.50   3.01   3.12   4.18   3.54   4.15   4.59   3.95   3.63   3.85   
1975 3.54   3.43   3.89   3.66   3.61   3.35   3.28   3.71   3.49   4.42   3.57   2.95   
1976 2.36   1.62   3.24   2.08   2.66   2.39   2.09   1.69   1.80   2.01   1.67   1.40   
1977 1.43   0.85   1.59   2.02  -0.60  -1.42  -1.21  -2.04   1.04   1.73   2.57  -0.63   
1978 -0.68  -1.28  -1.63  -2.24   1.74   1.63  -0.74  -1.08  -1.62  -2.14  -2.31   0.06   
1979 1.49   1.43   1.20   3.06   3.22   2.61   3.12   3.48   4.91   4.36   4.81   3.85   
1980 3.68   2.72   4.86   5.29   5.15   4.85  -0.65  -1.45  -1.53  -0.80  -0.39  -1.26   
1981 -1.90  -2.11  -1.71  -2.16  -1.85  -2.05  -2.70  -3.06  -2.78  -2.27  -2.78  -2.70   
1982 -1.99  -1.82  -2.42   0.85  -0.57  -0.53  -0.34  -0.14  -0.59   0.26   0.52   2.14   
1983 1.92   2.84   2.95   4.08   5.98   6.59   5.50   4.15   4.22   3.70   4.14   5.18   
1984 4.37   3.78   3.24   3.36   3.12   2.92   2.60   2.62   1.70   2.83   3.16  -0.86   
1985 -1.10  -0.60  -1.51  -1.69  -1.65   0.08   0.05   0.74   0.75   1.90  -0.91  -1.20   
1986 -2.04  -2.67  -2.96  -3.57  -2.56  -2.26  -2.73  -2.49  -2.63   0.88   1.89   1.39   
1987 1.17   1.79  -0.54  -1.31  -1.58  -0.97  -1.68  -1.63  -1.82  -2.28  -2.13  -2.32   
1988 -2.54  -2.63  -2.66  -2.66  -2.87  -3.43   0.38   0.07   0.42   1.25   1.65  -0.33   
1989 0.24   0.35  -0.17  -0.52   1.25   3.38   3.68   3.67   4.42   3.78   4.02   3.47   
1990 4.03   4.67  -0.09  -0.48  -0.28  -0.16  -0.37  -1.15  -1.76  -2.05  -1.94   1.07   
1991 0.60   1.40   1.57   3.19   5.08  -0.17  -0.68  -0.15  -0.03  -0.39  -0.60  -0.55   
1992 -0.93  -1.11  -1.88  -1.88  -2.41   0.86   0.68   2.05   1.85   1.52   2.27   2.07   
1993 1.99   1.56   1.24   0.99   1.65  -0.01  -1.09  -1.12  -1.09  -0.94  -0.82  -1.11   
1994 0.24   0.23   0.61  -0.39  -0.59   1.19   1.82   1.69   1.81   2.41  -0.25  -0.20   
1995 -0.43  -0.61  -0.59   0.56  -0.39  -0.54  -0.96  -0.54  -0.79   0.38   0.79   0.75   
1996 1.15  -0.78  -0.64  -0.64  -1.59  -1.60   0.17   0.47   0.51   0.22   0.49   0.46   
1997 0.96   0.86   0.01   0.11   1.25   2.47   2.11   2.15   1.82   2.29   1.96   1.73   
1998 1.92   1.85  -0.42  -0.34  -0.66  -1.31  -0.66  -0.67  -1.56  -2.15  -1.94  -1.99   
1999 1.08  -0.64  -0.75  -0.69  -0.74   1.00  -0.12  -0.78  -1.00  -1.16  -1.58  -1.93   
2000 -2.07  -2.85  -3.13  -2.05  -2.67  -2.25  -3.12  -3.73  -4.03  -4.26   1.19   0.67   
2001 0.99   0.89   1.00   0.56   0.25   0.99   0.25   0.92   1.61   2.31  -0.12   0.17   
2002 -0.04  -0.37  -0.26  -0.80  -0.79  -1.11  -0.01   0.12   1.37   2.42   2.21   2.26   
2003 1.50   2.45   1.65   1.95   2.61   3.84   3.66   4.44   4.26   4.04   3.87   3.09   
2004 2.45   2.99   1.95   1.47   1.55   3.22   2.78   2.98   2.65   2.87   3.57   3.42   
2005 2.64   2.31   1.57   1.76   1.45   1.95   2.56   4.25   0.01  -0.65  -0.92  -0.84   
2006 0.18   0.89  -0.44  -0.99  -0.96  -1.56  -2.18  -2.59   0.24   1.92  -0.06  -0.06   
2007 -0.36  -0.87  -2.28  -2.61  -3.31  -3.57  -3.20  -3.60  -3.35  -2.78  -3.02  -3.43   
2008 -3.44  -2.68  -3.03  -2.58  -2.14  -2.57  -2.97   1.72   1.86   1.83   1.23   2.20   
2009 2.07   1.94   2.17   1.62   2.73   2.20   2.31   2.66   4.70   6.56  -0.64  -0.30   
2010 -0.11  -0.41  -0.66  -0.98  -0.55  -0.75  -1.41  -1.58  -2.28  -2.31  -1.36  -2.09   
2011 -1.79  -2.38  -2.08  -1.00  -1.38  -1.56  -1.87  -2.43  -0.72  -0.95  -1.19  -0.87   
2012 -1.19  -1.46  -1.49  -1.99  -1.92  -1.99   0.56   1.47   1.90   2.25   1.63   2.05   
2013 2.46   2.35 -99.99 -99.99 -99.99 -99.99 -99.99 -99.99 -99.99 -99.99 -99.99 -99.99   
