1895 0.10   0.34   0.32  -0.41  -0.39   0.95  -0.49  -0.33  -0.94  -0.93  -1.41  -1.73   
1896 -1.93  -2.07  -2.15  -2.30  -2.58  -2.18  -3.00  -3.36  -3.69  -3.11  -3.25  -3.65   
1897 -3.65  -3.17  -3.31  -3.50  -3.72  -4.14  -4.33  -3.79  -4.13  -4.01  -4.23  -3.93   
1898 -4.13  -3.51  -4.15  -4.00  -4.43  -3.96  -3.67   0.44   1.33   1.84   2.25  -0.21   
1899 -0.33  -0.39  -0.98  -1.46  -2.22  -2.29  -2.57  -2.67  -3.14  -3.18  -3.43  -3.19   
1900 0.03   0.58   0.91   2.23   1.86   3.01   3.02  -0.38  -0.64  -0.22  -0.84  -0.48   
1901 -0.65  -0.33  -0.49  -0.39  -0.16  -0.67   0.11   0.63   0.77  -0.31  -0.60  -0.13   
1902 -0.76  -0.40  -0.56  -0.89  -1.27  -2.49  -2.80  -3.07   0.29   0.60   0.23   0.18   
1903 0.01   0.49   1.12  -0.90  -0.76  -0.59  -0.60  -0.61  -1.09  -1.30  -2.02  -2.33   
1904 -2.38  -2.56  -3.12  -3.31  -3.33  -3.38  -2.68  -2.30  -2.58  -3.12  -3.21  -3.11   
1905 0.05   0.76   0.70   1.14   0.78   0.64   0.46   0.56   0.59   0.98   0.78   1.15   
1906 -0.39  -0.54   0.55  -0.67  -0.32  -0.59  -0.47  -0.85   1.15   1.43  -0.80  -1.26   
1907 -2.20  -2.42  -3.35  -2.70  -1.22  -1.69  -1.74  -1.88  -1.53  -1.38  -1.03  -0.57   
1908 -0.85  -1.12  -1.77  -1.89   0.46  -0.47   0.66   0.89   1.07  -0.30  -1.11  -1.40   
1909 -1.99  -2.13  -2.07   0.23   1.19   1.91  -0.43  -0.68  -0.55  -0.79  -1.58  -1.18   
1910 -1.55  -1.52  -2.42  -2.81  -2.73  -1.69  -1.20  -1.35  -1.60  -1.50  -1.64  -1.72   
1911 -1.98  -3.04  -3.55  -2.95  -2.84  -2.74   0.54   1.00   0.43   0.47   0.37   1.14   
1912 1.36   1.15   2.36   2.55   2.19   2.39   2.17   2.29   2.16   1.83   1.18   2.47   
1913 -0.60  -0.87  -0.65  -0.58  -0.66  -0.68  -0.42  -0.77   2.10   2.24  -0.39  -0.76   
1914 -1.35  -1.24  -0.97  -0.90  -1.41  -1.99  -1.96   0.41   0.68   0.50   0.69   0.45   
1915 0.78  -0.09  -0.55  -1.25  -0.97  -1.18  -1.24  -1.18   0.14   0.84  -0.59  -0.69   
1916 -1.09  -1.59  -2.51  -2.58  -2.05  -2.33  -0.71  -0.78  -1.06  -0.97  -1.49  -1.47   
1917 -1.09  -1.12  -1.48  -1.53  -1.78  -2.43  -2.73  -2.44  -1.86  -2.04  -2.37  -2.76   
1918 -2.28  -2.79  -3.44  -2.62  -3.02  -3.15  -3.42  -3.29  -3.06   1.71   1.82   2.00   
1919 2.23   2.47   1.89   1.79   2.10   2.18   2.25   2.58   1.70   2.13   2.23   1.98   
1920 2.02   1.64   1.02   1.27   1.28   1.18   1.47   1.65   1.36   1.04   0.91   1.80   
1921 -0.44  -1.27  -1.70  -0.94  -1.31  -1.62  -1.49  -1.71  -2.11  -2.12  -2.97  -3.12   
1922 -2.52  -2.52  -1.26  -1.53  -0.92  -0.97  -1.17  -1.34  -1.75  -1.62  -1.83  -1.48   
1923 -1.84  -1.77   0.11   0.50   1.45   1.52   1.76   1.96   1.43   1.34   1.64   1.53   
1924 1.79  -0.03  -0.48  -0.52  -0.64  -0.58  -1.51  -2.19  -2.69  -3.29  -4.04  -3.65   
1925 -2.43  -3.17  -3.65  -4.32  -3.99  -4.19  -4.04  -4.36  -4.18   1.07   1.04   0.83   
1926 1.46   0.95   2.61   0.03  -0.03  -0.21  -0.33   0.42   0.38   0.34  -0.06  -0.74   
1927 -1.76  -1.53  -1.39  -2.04  -2.45  -2.20  -2.51  -2.51  -2.95  -3.01  -3.23  -2.33   
1928 -2.97   0.25   0.12   0.88   0.60   1.62   1.55  -0.18  -0.23  -0.20  -0.61  -0.91   
1929 0.27   1.12   1.95  -0.53  -0.82  -0.92  -1.02  -1.56   0.31   0.89   2.17  -0.14   
1930 0.17  -0.78  -0.83  -1.49  -1.14  -1.72  -1.92  -2.10   0.87   1.10   1.59  -0.29   
1931 -0.08  -0.43  -0.24  -0.62  -0.51  -0.71   0.70   1.38  -0.63  -0.56  -0.85   1.03   
1932 1.25  -0.54  -1.09  -1.26   1.72  -0.25  -0.93   0.44   0.47   1.34   1.34  -0.13   
1933 -0.69   0.34   0.33   1.62  -0.10  -0.42  -0.26  -0.59  -1.60  -1.79  -2.23  -3.04   
1934 -3.15  -2.55  -2.48  -2.69  -2.63  -2.82  -2.68  -2.00  -2.18  -2.14  -1.23  -1.60   
1935 -2.13  -2.18  -0.03   0.43   0.82   0.87   1.21   1.63  -0.35  -0.98  -1.35   0.41   
1936 1.95   1.88  -1.04  -0.60  -0.29  -0.99  -1.32  -1.92  -2.13  -2.59  -2.71  -2.62   
1937 -2.76  -3.10  -2.29  -1.97  -2.03  -1.49  -2.03  -1.77  -2.04   2.47  -0.29  -0.64   
1938 -0.78  -1.43  -2.30  -2.44  -2.73  -2.55  -2.11  -2.19  -2.77  -3.02  -2.93  -2.99   
1939 -3.21  -2.83  -3.46  -3.54   1.02   1.25   2.20   2.21  -0.22  -0.55  -1.07  -1.75   
1940 -1.80   0.56  -0.51   0.62  -0.76   1.43   2.06  -0.44  -0.69  -1.30  -1.60   1.34   
1941 -0.52  -0.70  -0.96  -1.32  -2.05   0.27   0.83  -0.19  -0.08  -0.03  -0.41  -0.46   
1942 -0.54   1.14   1.16  -0.66   0.21   1.36   1.17   2.03  -0.05  -0.14  -0.82  -0.92   
1943 -1.35  -1.93  -1.03  -1.59  -2.17  -2.39  -2.65  -3.25   0.99   0.63   0.81   0.73   
1944 1.04   0.35   0.79   1.52  -0.30  -0.90  -1.13  -0.71  -0.78  -1.19   1.19  -0.61   
1945 -0.65  -0.74  -1.47  -1.24  -1.38  -1.61   2.23  -0.65  -0.72  -0.68  -1.00   0.20   
1946 0.29   0.01   1.50   0.92   2.10   2.91   3.32   3.51   3.35   2.31   1.94   1.01   
1947 1.91   1.10   2.49   2.88   2.91   2.56   1.08   0.96   1.21   0.93   2.56   2.99   
1948 3.21   2.21   3.59   2.84   2.24   1.54   1.10   0.98   1.95   1.32   3.16   2.95   
1949 1.96   1.64   1.68   2.18   1.99   2.31   2.83   2.07   2.31   2.25  -0.69  -0.70   
1950 -1.59  -2.03  -1.57  -1.37  -1.90  -1.97  -1.48  -1.59  -1.81  -2.02  -2.46  -2.17   
1951 -2.41  -2.80  -1.69  -1.10  -1.87  -1.32  -1.09  -1.51  -0.69  -1.03  -0.94  -1.41   
1952 -1.89   0.58   0.29   0.25   0.76  -0.91  -1.08  -1.47  -1.31  -1.73  -1.76   0.74   
1953 0.12   0.61   0.35   0.86  -0.85  -0.56  -0.58  -0.44  -1.27  -1.89   0.66   2.24   
1954 -0.68  -1.48  -1.81  -2.35  -2.46  -2.81  -2.38  -3.40  -3.28  -2.96  -2.99  -2.68   
1955 -2.22  -1.94  -3.07   0.94   0.61   0.15   0.63   1.25  -0.63  -0.68  -0.89  -1.29   
1956 -1.37  -1.56  -1.47  -1.71  -2.36   0.76   0.80   0.42   1.49   1.68  -0.48  -0.15   
1957 -1.01  -1.74  -1.44  -0.96  -0.93  -1.02  -1.38   0.23   2.21   1.95   2.60   1.89   
1958 2.07   1.55   2.20   2.01   3.04   3.62   3.96   3.68   3.86  -0.38  -1.02  -1.89   
1959 -1.97   0.47   0.24   0.26   0.62   1.71   2.27   2.03   2.31   3.69  -0.25  -0.93   
1960 0.29   0.41   0.38   0.66   0.68  -0.92  -1.22   0.65   0.83   1.31  -0.70  -0.95   
1961 0.38   1.36   2.01   1.97   1.95   2.99   2.32   2.53   2.66   2.21   2.97   4.03   
1962 3.80  -0.74  -1.06  -1.36  -2.07  -1.94  -2.42  -2.80  -3.14  -2.81  -2.86  -3.02   
1963 -2.50  -2.27  -3.01  -3.57  -3.67  -3.56  -3.34  -3.64  -3.59  -4.07  -3.78   0.12   
1964 1.25   1.04   0.72   1.81  -0.51  -0.57  -0.58  -0.66  -0.71   0.30   0.33   0.09   
1965 0.54   0.55   0.62  -0.92  -1.28   0.44   0.22   0.38   0.69   0.38   0.01   0.14   
1966 1.37   2.69  -0.29  -0.20  -0.25  -0.32  -0.63  -0.42  -0.75  -0.60  -0.87  -0.85   
1967 -0.67  -0.64  -1.65  -1.97  -2.12  -2.19  -2.37   0.41   1.00   2.23  -0.62   0.72   
1968 -0.61  -0.94  -1.62  -1.90  -1.91  -2.09  -2.57  -2.86  -2.73  -2.85   0.16   0.76   
1969 0.60   0.22   0.87   0.91  -0.16  -1.20   0.48   1.30  -0.72  -0.89  -1.25  -1.18   
1970 -1.21  -1.24  -0.69  -1.35   0.02   0.58   0.67   1.52   0.92   2.23  -0.32  -0.14   
1971 -0.72  -0.21  -0.54  -1.22  -1.41  -1.80  -1.72  -1.53  -0.80  -1.40  -1.52   0.29   
1972 1.32  -0.19  -0.18  -0.82   1.32  -0.47  -0.75  -1.55  -2.22  -2.22   0.25   1.16   
1973 0.61   0.61   1.39   2.08  -0.17  -0.30  -0.77  -0.85   1.18   0.92   0.87   0.93   
1974 1.05   0.80   0.64   1.31  -0.01  -0.03  -0.50  -0.57  -0.18  -0.61  -0.22  -0.34   
1975 -0.40  -0.90   0.03   0.53   0.96   1.19   1.76   2.19   2.46   2.78   2.86  -0.18   
1976 -0.82  -1.11  -1.32  -1.93  -1.07  -0.85  -1.15  -1.76  -1.75   0.95   1.50   1.57   
1977 1.93  -0.28   0.34  -0.27  -0.39  -1.19  -1.64   0.69   1.13   1.20   1.91   1.49   
1978 2.93   2.29   1.56   1.16   2.14   2.57   2.43  -0.02  -0.58  -1.29  -1.42  -1.52   
1979 0.67   1.93   1.65   1.91   1.88   1.05   2.50   1.91   2.20   1.69   2.49   2.06   
1980 1.87   1.02   2.61   4.11   5.48  -0.67  -0.96  -2.13  -2.34  -1.65  -1.65  -2.50   
1981 -3.08  -1.47  -1.94  -2.63  -2.67  -2.63  -3.10  -2.99  -3.28  -3.38  -3.90  -3.43   
1982 -3.31  -2.27  -2.36  -1.91  -2.35  -2.10  -1.78  -1.82  -2.22  -2.18   0.39   1.38   
1983 1.44   2.60   2.46   3.72   3.20   4.00   2.61   2.44   2.44   2.17   2.14   2.74   
1984 2.52   2.43  -0.33  -0.62  -0.64  -0.65  -0.69   0.73  -0.63  -0.41  -0.60  -1.30   
1985 -1.01  -0.60  -0.71  -1.18  -1.75  -1.77   0.53   1.35   2.04   3.99  -0.53  -0.51   
1986 -0.89  -1.04  -1.21  -1.60  -1.73  -1.76  -2.60  -2.76  -2.91   0.38   1.12   0.96   
1987 1.55   2.09   2.08   1.35   1.65   1.85   1.29   2.30  -0.64  -1.09  -0.98  -1.31   
1988 -0.01   0.96   1.69   1.59  -0.66  -1.26   0.36   1.85   2.90  -0.06  -0.27  -0.73   
1989 -1.31  -2.04  -2.01  -0.02   0.46   1.75   2.50   1.61   1.19   0.98   2.12   2.33   
1990 2.65   3.20   2.91   2.34   2.64  -0.34  -1.05  -1.72  -2.16  -2.00  -2.22  -2.43   
1991 3.15   2.45   2.19   2.97   4.95   4.99   4.26   3.81   3.36   3.30   3.01   2.46   
1992 3.61   3.82   3.34   2.78   2.00   2.42   2.12   2.45   2.04   1.30   3.00   2.81   
1993 4.01   3.22   3.21   2.86   3.02   2.92   3.23   2.89   2.67   3.42   3.16   2.51   
1994 2.27   1.24   0.90   0.73   0.61   1.10   1.58   0.88   0.74   1.57   1.41   1.35   
1995 1.78   1.67   2.64   3.04   4.42   3.80   3.93   3.22   2.23   2.36   2.69   2.59   
1996 2.68   2.14   2.39   2.99   2.43   2.45   2.12   2.25   1.83   1.51   0.97   1.14   
1997 1.51   1.94   1.40   1.60   2.29   2.92   3.57   2.59   1.41   1.80   2.63   1.85   
1998 4.18   3.74   4.09  -0.08  -0.96  -1.80  -1.66  -2.17   2.81  -0.32  -0.23  -1.12   
1999 -1.05  -1.96  -1.67  -2.48  -2.28  -1.70  -1.57  -1.89  -2.23  -1.49  -2.05  -2.32   
2000 -2.65  -3.31  -3.62  -3.67  -4.29  -4.16  -4.91  -5.22  -4.78  -4.85  -2.92  -3.02   
2001 -2.79  -3.29  -1.91  -2.51  -3.09   2.07   2.31   2.26   2.19   2.42  -0.08  -0.68   
2002 -0.85  -1.25  -1.05  -1.33  -1.57   0.32   0.30   0.45   2.17   3.76   3.95   4.15   
2003 2.74   2.75   2.12   1.81   1.29   3.25   3.89   3.70  -0.08   0.15  -0.05  -0.51   
2004 -0.68  -0.09  -1.25   0.12   0.88   2.41  -0.72  -0.87  -1.38   0.22   1.08  -0.55   
2005 -1.18   0.24  -0.29   1.92   2.27   2.38   3.07   3.68  -0.53  -1.22  -1.50  -1.71   
2006 -2.08  -2.30  -3.32  -3.33  -3.78  -4.24  -4.42  -4.13  -3.89   0.49   0.85   1.34   
2007 -0.15  -0.70  -1.65  -1.44  -1.38  -1.28  -0.80  -0.92  -1.21   1.53   1.06   1.19   
2008 1.64  -0.10  -0.64   0.29   0.40   0.62  -0.70   0.61   0.95  -0.29  -0.56  -1.24   
2009 -1.81  -2.07  -0.90  -1.34  -1.41  -2.24  -2.45  -2.45  -0.03   0.92   0.70   3.74   
2010 3.28   3.15   2.43   1.48   1.46   1.97   1.43   2.50  -0.69  -1.01  -1.06  -1.88   
2011 -2.01  -2.39  -2.59  -3.23  -3.78  -4.10  -2.92  -3.55  -1.90  -2.25  -2.39  -3.31   
2012 -3.67  -3.20  -2.68  -2.45  -2.68   0.55   1.02   4.39   4.15   3.52   2.72   1.79   
2013 1.03   1.88 -99.99 -99.99 -99.99 -99.99 -99.99 -99.99 -99.99 -99.99 -99.99 -99.99   
