1895 -0.06  -0.42  -0.66  -0.99  -1.23  -1.17   1.24   1.68   1.48   0.65   0.81   2.37   
1896 2.03   1.81   1.16   0.76   1.77   1.77   2.91   2.88   3.21   2.82   2.70   2.03   
1897 3.20   3.11   4.11   4.05   3.24   3.45  -0.04  -0.39  -1.30  -2.10  -2.24  -2.24   
1898 0.55   0.54   2.23   2.20   2.89   2.84   3.32   3.23   3.48   3.81   3.73   3.30   
1899 2.89   2.94   2.77  -0.44   0.45  -0.36  -0.20  -0.39  -0.75  -0.77  -1.26  -1.44   
1900 -1.62   0.91  -0.25  -0.57  -0.69   0.29   0.51   0.58   0.84  -0.01  -0.18  -0.65   
1901 -0.60  -0.44  -0.05  -0.36  -1.17  -1.62  -2.44  -3.70  -4.24  -4.40  -4.92  -4.85   
1902 -5.15  -5.28  -5.01  -4.85  -4.54   1.28   1.46   2.51   2.96   2.69   2.56   2.70   
1903 2.38   2.41   2.15   2.14   1.92   1.65   1.44   1.58   1.83   1.76   1.47   1.28   
1904 1.70   1.23   2.19   2.75   2.53   2.56   2.82   3.87   4.06  -0.29  -0.73  -0.79   
1905 -0.68  -0.57  -1.01  -1.00  -0.95  -1.23   1.25   2.04   2.84   3.49   2.93   2.54   
1906 3.01   3.05   3.15  -0.62  -1.30  -1.29  -1.67  -1.11  -1.08  -1.43   0.04  -0.08   
1907 1.38   0.91   0.62   0.60   0.82   1.14   1.88   2.36   1.92   1.53   1.23   1.03   
1908 0.90   1.89   1.47   1.78   2.38   2.36  -0.05  -0.51  -1.09  -1.39  -1.26  -1.81   
1909 0.14   0.55   0.34   1.01   1.12   1.21   2.16   1.18   1.28   1.24   1.39   1.57   
1910 1.57   0.02  -1.46  -1.50   0.76   0.46   1.15   0.71   1.14  -0.02  -0.53  -0.84   
1911 -0.87   0.84   0.26   0.83  -1.06  -1.87  -2.22  -2.55   0.94   1.31   1.40   1.41   
1912 1.08   1.33   1.63   2.20  -0.14   0.02   0.05   0.19   0.05   0.39  -0.22  -0.77   
1913 0.57   0.68   1.46  -0.24  -0.89  -1.45  -1.83  -2.85  -2.95  -2.51  -2.79  -3.26   
1914 -3.28  -2.92  -2.83  -2.87  -3.57  -4.04  -4.53  -4.48  -3.61  -2.81  -3.27  -3.21   
1915 -2.61  -1.87  -2.41  -3.18   1.11   1.72   2.81   4.28   4.70   3.54   3.07   3.13   
1916 4.90  -0.39  -0.64  -0.96   0.30   0.99  -0.94  -0.95  -1.18  -1.29  -1.57  -1.79   
1917 -1.96  -2.61  -2.63   0.76   0.97   1.15   1.03   1.61  -0.07  -0.07  -0.49  -0.96   
1918 -0.91  -0.97  -1.96   0.97   1.08  -0.38  -1.02  -1.28   0.36   0.34   0.39   0.58   
1919 -0.53  -0.32  -0.42  -0.72   0.61   0.82   0.26   0.74   0.51   1.54   1.56  -0.45   
1920 -0.68  -1.04   0.94   1.40   1.43  -0.64  -0.92  -0.70  -0.62  -0.90  -1.56  -1.88   
1921 -2.03  -2.57  -1.98  -1.28  -1.65  -1.51  -2.17   0.27   1.08   1.01   0.73   0.69   
1922 0.48   0.28   1.52   2.21  -0.53  -1.52  -0.86  -1.18  -1.48  -1.80  -1.77  -1.88   
1923 -1.96  -2.17   0.72  -0.27  -0.26  -0.18  -0.49  -0.54   0.27   0.64   0.38   0.47   
1924 0.38   0.44  -0.07  -0.72   0.35   1.60   2.33   2.88   2.88  -0.42  -0.54   0.53   
1925 -0.29  -0.34  -0.81  -0.97  -1.41   0.47  -0.40  -0.44   0.61   1.29   1.46  -0.14   
1926 -0.17   0.17   0.19  -0.04  -0.70  -0.46  -0.59   0.51   2.60   2.91   3.31   2.86   
1927 2.79   2.15   2.71   4.00   4.65   4.49   4.32   4.32   4.22   4.35   4.53   4.42   
1928 3.71   3.62   2.63   2.61   1.79   3.65   2.95   3.51   3.20   3.31   3.91   3.66   
1929 4.15   3.65   3.24   3.72   4.56   4.69   4.73   4.40   3.99   4.46   4.03   3.62   
1930 4.30  -0.29  -0.76  -1.19  -2.02  -1.98  -2.92  -3.93  -3.77  -3.57  -3.51  -3.97   
1931 -4.42  -4.50  -4.15  -3.93   0.61  -0.40  -0.70   0.14   0.31   0.44   0.85   1.04   
1932 1.24  -0.33  -0.74  -1.05  -1.77  -0.04   0.03   1.57   1.15   1.28   1.16   1.76   
1933 1.84   1.40   1.72   1.22   2.00  -0.80  -1.41  -1.69  -2.11  -2.18  -3.01  -3.49   
1934 -3.85  -4.29  -4.40  -4.51  -5.29  -5.69  -6.77  -6.46   1.04   0.58   1.14   0.93   
1935 1.07   1.11   1.21   1.12   2.81   3.31   3.26  -0.57  -0.52  -0.77  -0.05  -0.25   
1936 -0.24  -0.19  -1.06  -1.48  -2.20  -3.01  -4.33  -5.68   1.34   1.10   0.86   0.93   
1937 2.06  -0.03  -0.55  -0.34  -0.45  -0.20  -0.23  -0.69  -1.32  -1.56  -1.92  -2.03   
1938 0.28   0.55   1.09   1.06   1.20   1.44   0.00  -0.13  -0.80  -1.54   0.29   0.27   
1939 0.57   0.98   1.08   1.62   0.95   1.59   1.42   2.94  -0.81  -1.25  -1.18  -1.42   
1940 -1.40  -1.44  -1.61  -1.53  -1.94  -1.85  -2.57  -2.03  -2.96  -3.21  -3.17  -3.23   
1941 -2.35  -2.55  -3.02  -2.60  -3.17  -2.99  -3.05  -3.30   0.56   2.88   2.87   2.49   
1942 2.05   2.76   2.09   1.57   1.79   2.64   2.84   2.72   2.52   1.97   2.50   3.17   
1943 2.59   1.99   1.54   1.09   2.80   2.90  -0.16  -0.45  -0.42  -0.38  -0.78  -0.92   
1944 -1.33   0.25   0.80   2.60  -0.20  -1.11  -1.49  -1.05  -1.07  -1.53  -1.77  -2.13   
1945 -2.36  -2.18   1.08   1.80   1.68   2.90   2.10   1.39   3.22  -0.31  -0.51   0.10   
1946 0.51  -0.02  -0.48  -0.98  -0.41  -0.80  -1.08   1.60   1.19   1.46   2.77   2.49   
1947 2.22   1.38   1.38   2.31   2.17   3.65  -0.38  -1.45  -1.48  -1.39  -1.53  -1.71   
1948 -1.67   0.10   0.97  -0.86  -1.21   0.20   1.42  -0.13  -0.51  -0.47  -0.32  -0.39   
1949 1.67   1.76  -0.09  -0.66  -0.85   0.56   1.59   1.49   2.14   2.89   2.10   2.61   
1950 3.48   3.35   2.85   2.81   2.15   1.95   1.65   2.34  -0.41  -1.33  -1.49  -2.16   
1951 -2.21   1.25   1.73   1.36   0.64   1.38   1.42   1.77   1.96   1.88   1.99  -0.02   
1952 -0.23   0.08   0.35   0.32  -0.47  -1.00  -1.24  -0.80  -1.40  -2.12  -2.26  -2.52   
1953 -2.59  -2.54  -1.75  -1.56  -1.95  -2.43  -2.93  -3.54  -4.16  -4.46  -5.26  -5.95   
1954 -6.38  -7.21  -7.74  -7.29  -6.90  -6.66  -7.15  -6.01  -6.06  -4.96  -5.16  -5.10   
1955 -4.63  -3.57  -3.74  -3.72  -3.41  -2.77  -2.58  -2.55  -2.58  -1.77  -2.01  -2.58   
1956 -2.88  -2.56  -3.24  -2.91  -2.82  -2.92  -1.45  -1.11  -1.74  -2.53  -2.78  -2.50   
1957 -2.36   0.38   0.37   1.38   1.82   2.77   2.84  -0.55  -0.94  -0.48  -0.53  -0.15   
1958 -0.11  -0.35  -0.37  -0.66  -0.87   0.43   2.75   2.51   2.36  -0.27  -0.09  -0.58   
1959 0.20   0.62  -0.19  -0.63  -0.53  -1.53  -1.69  -1.78   0.09   0.37  -0.39  -0.47   
1960 -0.36  -0.29  -0.30  -0.33   0.29   0.73   0.68  -0.49  -1.43  -1.29  -1.74  -2.00   
1961 -2.45  -2.37   0.84   1.03   1.69   1.24   2.22   1.94   3.31   3.21   3.41   3.09   
1962 3.17   3.07   2.89  -0.51  -1.19  -1.08  -0.70  -1.18  -1.12  -0.95  -1.50  -1.92   
1963 -2.35  -2.93  -2.43  -2.88  -2.43  -3.02  -2.82  -2.53  -2.90  -3.60  -3.85  -4.52   
1964 -4.76  -4.87  -4.40  -3.29  -3.47  -3.41  -3.25  -3.20  -3.11  -3.69  -3.52  -3.76   
1965 0.73   0.58   0.66   0.83  -1.04   0.22   0.10   0.53   1.56  -0.44  -1.00  -0.87   
1966 -1.02  -0.57  -1.17   0.80   0.77  -0.09  -0.37  -0.60  -0.57  -0.79  -1.27  -1.26   
1967 -1.04  -1.17  -1.28   0.32   0.64   0.87   1.56   1.17   1.35   2.26   2.09   2.75   
1968 -0.10  -0.27  -0.95  -1.21  -0.83  -1.04   0.27   0.47   0.89   0.49   1.18   1.34   
1969 2.20   2.16   1.75   1.87   1.43   2.62   3.72   2.87   3.08   4.85   4.00   3.62   
1970 2.80   2.05   1.55   2.65   2.85   3.14   2.21   3.92   5.40   5.30  -0.08  -0.09   
1971 0.04   0.28  -0.67  -1.50  -1.18  -1.73  -1.32  -1.64  -1.53  -1.96  -2.29  -1.24   
1972 -1.38  -1.52  -1.38  -1.04  -1.55  -2.13  -2.26  -2.32  -2.15  -2.23   0.52   0.71   
1973 1.12   1.01   2.75   3.38   3.65   3.42   3.51   2.99   3.50   3.62   3.59   4.07   
1974 4.36   4.23   3.47   2.94   3.62   3.24   2.55   2.99   2.71   2.05   2.20   2.09   
1975 2.72   3.25   3.12   3.25  -0.10  -0.13  -0.76  -0.39  -0.32  -0.90  -1.05  -1.07   
1976 -1.34  -1.33  -0.70  -1.05  -0.98  -1.52  -2.13  -2.53  -2.95  -2.00  -2.35  -2.88   
1977 -2.87  -2.87  -1.97  -2.72  -2.99  -2.92  -3.14   0.55   1.05   1.81   2.14   2.03   
1978 1.61   1.38   1.78   1.88   2.18   1.71   2.15   1.76   1.28   0.92   1.19   1.23   
1979 1.65   1.29   1.26   1.77  -0.66  -1.03  -0.96  -0.99  -1.86  -1.96  -2.16  -2.49   
1980 -2.73  -2.97  -2.33  -2.58  -2.85  -3.03  -3.13  -3.14  -2.96  -2.72  -3.22  -3.37   
1981 -3.84  -3.88  -4.20   0.01   1.56   2.46   4.75   4.41   3.77   3.69   3.96   3.61   
1982 4.10   3.57   3.32   2.76   2.63   3.03   3.53   4.67   4.64   4.32   4.41   6.12   
1983 5.12   4.20   3.69   4.60   4.70   3.91   2.82   1.50   0.74   1.08   2.27   2.56   
1984 1.96   2.09   2.75   3.40   3.21   2.63   1.98   0.65   1.37   2.19   2.81   3.34   
1985 3.20   4.09   3.97   3.02   2.45   3.40   3.23   3.87   3.25   3.01   5.35   5.46   
1986 4.35   4.82   3.40   2.09   1.83   1.16   0.99   0.58   2.12   3.20   3.03   2.85   
1987 2.78  -0.50  -0.69  -1.18  -1.83  -2.27   0.33   0.63  -0.42  -0.76   0.20   1.52   
1988 1.45   1.74   1.92  -0.79  -1.63  -2.46  -2.88  -2.93  -3.42  -3.57  -2.95  -2.71   
1989 -2.51  -2.34  -2.22  -2.51  -2.19  -2.32  -2.06  -1.36  -1.35  -1.79  -2.49  -3.04   
1990 -3.23   0.64   1.00   0.70   2.37   2.40   2.47   2.23   1.31   1.30   1.09   1.99   
1991 -0.01  -0.59  -0.80  -0.78  -0.40  -1.32   0.52  -0.51  -0.51   0.41   0.89   0.98   
1992 -0.31  -0.19  -0.27  -0.38  -1.17  -1.95  -1.32  -1.33  -1.16  -1.68   1.59   1.93   
1993 2.46   2.46   2.24   2.84   2.47   3.10   4.51   5.17   7.54   6.80   6.95   6.18   
1994 5.44   5.08   3.84   5.58   4.54   3.70   2.67   2.14   1.37   0.99   1.50   1.18   
1995 2.17   1.86   1.14   1.49   3.54   3.04   2.79   3.13  -0.34  -0.56  -0.89  -1.24   
1996 -0.78  -1.10   0.09   0.65   1.55   1.31   1.40   1.24   1.18   0.79   1.35   0.87   
1997 1.12   2.26  -0.30   0.11   0.35  -0.30  -1.01  -0.76  -1.16  -1.20  -1.17  -1.19   
1998 0.31   1.05   1.99   2.15   1.43   2.49   2.90   2.19   2.01   2.45   2.56   2.19   
1999 2.83   2.91   2.53   2.68  -0.28  -0.28  -0.76  -1.40  -1.69  -2.11  -3.19  -3.12   
2000 -3.47  -3.25  -3.32  -3.69   0.18   1.22   1.35   1.99   1.63   1.51   1.45   1.10   
2001 1.40   2.41   1.74   1.29   1.44   1.69   1.57   1.77   1.65   2.14   1.88   1.76   
2002 2.16   1.69   1.41   1.72   3.30  -0.29  -0.71  -0.52  -1.15  -0.67  -1.26  -1.50   
2003 -1.81  -1.68  -1.56   0.15   0.28   0.94   0.58   0.07   1.22   1.08   1.53   2.05   
2004 2.21   1.63   1.98   1.28   1.78   1.19   1.61   3.03   2.33   2.82   3.73   3.34   
2005 5.01   4.63  -0.61  -0.88  -1.58  -1.73  -2.33  -1.85  -1.78  -2.02  -2.05  -2.46   
2006 -2.36  -2.81  -2.32  -2.69  -3.00  -2.61  -2.56  -2.18  -2.33   0.06   0.08   0.24   
2007 0.83   1.14  -0.28   0.26  -0.49  -0.53  -0.99  -1.31  -1.92  -2.00  -2.57   0.05   
2008 0.18   1.45   2.17   2.62   3.11   3.32   5.53   4.93   6.67   5.95   5.21   5.55   
2009 4.58   4.31   4.19   4.57   4.50   4.50   4.55   5.06   4.80   7.49   7.12   7.06   
2010 6.55   6.30   5.43   5.12   5.16   5.29   6.59   6.28   7.06   5.75   5.33   4.77   
2011 4.22   4.44   3.97   3.82   3.63   4.14  -0.42  -0.95  -1.33  -1.90  -1.46  -1.07   
2012 -1.09  -0.93  -1.48  -0.87  -1.75  -2.42  -3.35  -3.97  -3.33  -2.80  -3.15  -3.31   
2013 -2.53  -1.42 -99.99 -99.99 -99.99 -99.99 -99.99 -99.99 -99.99 -99.99 -99.99 -99.99   
