1895 -0.09  -0.42  -0.61  -0.75  -0.79   0.57   1.97   2.35   1.88   1.00   0.92   2.68   
1896 2.30   1.89   1.16   1.36   2.59   2.15   2.83   2.77   2.70   2.45   2.16   1.56   
1897 2.67   2.68   3.48   3.44   2.75   3.08   0.03  -0.15  -1.09  -2.11  -2.47  -2.54   
1898 0.39   0.27   1.62   1.85   2.76   3.00   3.52   3.27   3.70   3.94   3.73   3.51   
1899 3.05   2.99   2.90   2.70   2.62   2.46   2.95   2.77  -0.27  -0.37  -0.87  -0.92   
1900 -0.95   0.87   0.44   0.66   0.27   0.12   0.21   0.20   0.48   0.66  -0.06  -0.51   
1901 -0.50  -0.38  -0.29  -0.33  -1.23  -2.36  -3.28  -4.29  -4.58  -5.02  -5.50  -5.34   
1902 -5.48  -5.53  -4.89  -4.62  -0.02   0.46   0.55   1.55   2.03   1.75   1.63   1.81   
1903 1.55   1.78   1.71   1.56   2.13   1.83   1.39   1.81   1.96   2.00   1.66   1.40   
1904 1.65   1.06   1.46   2.59   2.66   3.26   3.72   4.55   4.29  -0.49  -1.07  -1.38   
1905 -1.28  -1.16  -1.37  -1.36  -1.30  -2.02   1.30   1.72   3.14   3.74   3.07   2.55   
1906 2.87   2.85   2.68   2.17   1.08   1.29   1.51   2.01   1.92   1.05   1.29   1.17   
1907 2.25   1.79   1.35   1.28   1.49   1.80   2.02   2.15   1.51   1.44   1.13   0.98   
1908 0.78   1.61   1.12   1.50   1.75   2.24   2.00   1.74   0.99   1.01   1.28   0.67   
1909 0.96   1.02   0.91   1.10   1.29   1.51   2.66  -0.81   0.18   0.10   0.44   0.65   
1910 0.72   0.68  -1.26  -1.37   0.86   0.69   1.28   1.26   1.91  -0.13  -0.68  -0.80   
1911 -1.02   1.05  -0.47  -0.09  -1.19  -2.29  -2.35   0.06   0.23   0.38   0.34   0.51   
1912 0.24   0.68   1.05   1.63  -0.27   0.36   0.02   0.21   0.12   0.31  -0.36  -0.99   
1913 0.40   0.59   0.92   0.86  -0.79  -1.28  -1.82  -2.99  -3.07  -2.43  -2.72  -2.25   
1914 -2.16  -1.59  -1.67  -1.56  -2.46  -3.07  -3.28  -3.02   0.81   1.66   0.93   0.87   
1915 1.22   1.64  -0.60  -1.24   1.02   1.49   2.27   4.16   4.75   3.76   3.32   3.43   
1916 5.05   4.14   3.55   3.13   3.09   3.36  -0.98  -0.95  -1.13  -1.62  -1.93  -2.28   
1917 -2.65  -3.42  -3.47  -2.10  -1.68  -1.96  -2.11  -1.31  -1.32  -1.87  -2.54  -3.22   
1918 -3.56  -4.02  -4.49  -3.21  -2.75  -3.10  -3.41  -3.38   0.32   0.31   0.45   1.01   
1919 -0.49  -0.35  -0.54  -0.72   0.51   0.61   0.17   0.43   0.11   1.01   0.01  -0.46   
1920 -0.63  -1.05   0.72   1.11   0.01  -0.63   0.01   0.34   0.71  -0.01  -0.43  -0.51   
1921 -0.44  -0.93   0.30   0.87   0.49   1.10   0.56   0.99   1.91   1.69   1.40   1.18   
1922 0.84   0.64   1.87   2.67  -0.61  -1.49  -0.37  -0.72  -0.74  -1.15  -1.13  -1.26   
1923 -1.21  -1.41   0.53   0.26   0.28   0.75   0.71   0.56   0.70   1.04   0.84   0.96   
1924 -0.08  -0.01  -0.03  -0.87   0.31   0.97   1.76   2.11   2.29  -0.44  -0.63   0.64   
1925 -0.20  -0.34  -0.83  -0.63  -0.99   0.53   0.39   0.53   1.24   1.99   2.05  -0.23   
1926 -0.26  -0.23  -0.14  -0.40  -0.96  -1.16  -1.28   0.44   1.96   2.57   2.70   2.42   
1927 2.40   1.68   2.21   3.74   3.98   4.17   4.27   4.91   4.54   4.79   4.66   4.46   
1928 3.68   3.54   2.74   2.74   1.93   3.87   3.49   3.77   3.38   3.14   3.91   3.61   
1929 3.95   3.56   3.31   4.16   5.13   5.05   4.81   4.25   3.91   4.57   3.98   3.42   
1930 3.85  -0.42  -0.79  -1.08  -1.64  -1.32  -1.79  -2.27  -2.19  -2.15  -2.02  -2.29   
1931 -2.51  -1.85  -1.47  -1.71  -1.32  -2.02  -2.36  -1.99  -1.88  -1.87  -1.07  -1.15   
1932 -0.84  -1.29  -1.72  -2.02  -2.65  -2.48  -2.18  -1.49  -1.88  -1.97  -2.08   0.83   
1933 1.13  -0.18  -0.26  -0.52   0.71  -1.09  -1.73  -2.04  -1.89  -1.80  -2.39  -2.73   
1934 -2.91  -2.99  -2.93  -3.17  -3.71  -4.18  -4.86  -5.33   0.64   0.47   1.37   1.34   
1935 1.64   1.42   0.97   0.92   2.19   3.65  -0.49  -0.92  -1.13   0.08   1.11  -0.32   
1936 -0.54  -0.60  -1.52  -1.95  -2.65  -3.43  -4.54  -5.59   1.31   1.21   1.23   1.37   
1937 2.47  -0.03  -0.16  -0.26  -0.31  -0.13  -0.29  -0.77  -1.42  -1.86  -2.05  -2.42   
1938 0.26   0.76   0.93   1.22   2.01  -0.03  -0.11  -0.79  -1.18  -2.18  -1.82  -1.85   
1939 -1.61  -1.14  -1.32  -0.71  -0.91  -0.79  -1.39  -1.21  -2.30  -2.96  -2.90  -3.25   
1940 -3.28  -3.23  -2.94  -2.50  -2.77  -2.36  -2.84  -1.73  -2.40  -3.14  -3.03  -2.89   
1941 -1.66  -2.03  -2.60  -1.98  -2.81  -2.48  -2.37  -2.22   0.95   3.37   3.07   2.68   
1942 2.24   2.28   1.63   1.28   1.65   2.50   2.43   2.32   3.02   2.63   2.55   3.14   
1943 2.45   1.83   1.49   1.06   3.23   3.53   3.01   1.99   1.96   2.09   1.43   1.49   
1944 0.95   1.51   2.00   3.45   2.64   1.78   1.65   2.98   2.55   1.83   1.43   1.28   
1945 0.87   1.00   1.59   2.35   2.82   3.11   2.51   1.82   2.90  -0.20  -0.64  -0.79   
1946 -0.07  -0.01  -0.77  -0.74  -0.53  -1.01  -1.13   1.38   1.07   0.97   2.01   1.70   
1947 1.35   0.61   1.06   2.21   1.97   2.67  -0.42  -1.10  -1.08  -1.22  -1.49  -1.67   
1948 -1.68  -1.55  -0.93  -1.93  -2.32   1.38   2.64   2.05   1.28   0.92   1.06   0.68   
1949 2.31   2.37   1.98   1.21   1.07   1.57   1.60   1.82   2.19   2.47   1.66   2.14   
1950 2.38   2.13   1.61   1.76   1.60   1.55   2.64   3.83  -0.53  -1.35  -1.78  -2.45   
1951 -2.42   1.06   1.17   0.91   0.54   2.18   3.24   4.21   5.07   4.78   4.68  -0.14   
1952 -0.26   0.25  -0.06  -0.11  -0.69  -1.71  -1.84  -0.80  -1.57  -2.45  -2.40  -2.58   
1953 -2.66  -2.64  -2.15  -1.59  -2.02  -2.88  -3.43  -4.15  -4.46  -4.53  -5.08  -5.55   
1954 -6.03  -6.63  -6.95  -6.51  -5.88  -5.89  -6.16  -5.57  -5.75  -4.34  -4.57  -3.86   
1955 -3.50  -2.48  -2.37  -3.04  -2.81  -2.53  -2.79  -2.57  -2.26  -1.78  -2.26  -2.79   
1956 -3.08  -3.14  -3.79  -3.99  -4.04  -4.13  -2.87  -2.60  -3.30  -4.03  -4.34  -4.10   
1957 -3.98   0.17   0.26   0.46   0.92   1.14  -0.24  -0.80  -1.00  -0.95  -1.02   0.35   
1958 0.45   0.48   1.02  -0.21  -0.61   0.50   2.85  -0.08   0.17  -0.71  -0.66  -0.97   
1959 -0.74  -0.39  -0.53  -1.02  -1.08  -1.60   0.50  -0.46   0.07   0.57   0.25   0.17   
1960 0.17   0.31   0.18   0.90   0.98  -0.55  -0.36  -0.90  -1.86  -1.16  -1.58  -1.37   
1961 -1.74  -1.62   0.53   1.07   2.09   1.71   2.56   2.48   3.58   3.43   3.63   3.24   
1962 3.01   2.84   2.92  -0.74  -1.65  -1.86  -2.07  -2.68  -1.55  -1.47  -1.78  -1.85   
1963 -1.95  -2.40  -1.85  -2.38  -1.80  -1.92  -1.66  -1.74  -2.23  -3.34  -3.70  -4.40   
1964 -4.86  -5.15  -4.72  -3.31  -3.17  -2.22  -2.05  -1.95  -1.82  -2.62  -2.45  -2.55   
1965 -1.87  -1.86  -1.56  -1.38  -2.03   0.71   1.82   2.93   4.01   3.87  -0.63  -0.39   
1966 -0.76  -0.44  -1.30  -0.80  -1.19  -1.32  -1.42  -0.71  -0.84  -1.27  -1.83  -1.95   
1967 -1.82  -1.99  -2.34   0.01   0.53   1.23   1.43   1.02   0.61   1.77   1.44   1.73   
1968 -0.18  -0.53  -0.82  -1.09   0.64   0.31   1.10   1.27   1.40   1.25   2.13   2.49   
1969 2.87   2.45   2.12   2.18   1.39   2.13   2.70   2.31   2.99   4.31   3.45   3.10   
1970 2.36   1.65   1.29   2.33   2.47   2.49   1.45   0.69   1.81   2.09  -0.18  -0.30   
1971 0.21   0.38  -0.69  -1.31  -1.33  -1.69  -1.28  -1.65  -1.51  -1.69  -1.81  -0.88   
1972 -0.99  -1.25  -1.59  -1.30  -1.64  -2.36  -2.21  -2.54   0.07   0.32   1.29   1.27   
1973 1.95   1.70   3.94   4.74   4.45   3.70   3.79   2.65   2.77   2.62   2.56   3.27   
1974 3.59   3.46   3.59   2.73   2.58   2.20   1.57   2.50   2.67   2.25   2.94   3.02   
1975 3.53   3.79   3.53  -0.04  -0.33  -0.38  -0.99   0.61   1.05  -0.33  -0.21  -0.08   
1976 -0.30  -0.60  -0.19  -0.15  -0.17  -0.61  -1.22  -1.96  -2.71  -2.05  -2.38  -2.96   
1977 -3.02  -3.11  -2.97  -3.43   0.09   0.93   0.45   0.24   0.58   0.96   0.94   0.63   
1978 0.34   0.13   0.63   0.70   0.98  -0.52  -0.29  -0.20  -0.88  -1.34   0.65   0.55   
1979 1.22  -0.20  -0.36  -0.21  -0.32   0.20   0.49   0.50   0.07   0.06   0.37  -0.29   
1980 -0.43   0.01   0.48  -0.56  -1.38  -1.99  -3.06  -2.94  -3.55  -3.14  -3.50  -3.77   
1981 -4.15  -4.15  -4.38  -4.52   1.29   2.85   3.36   3.17   2.41   2.86   2.87   2.37   
1982 2.80   2.14   2.05   1.53   1.92   1.84   1.63   2.96   2.72   2.38   2.41   4.20   
1983 3.44   2.60   2.40   3.90   3.77  -0.29  -0.96  -1.99  -2.46   0.41   1.73   1.86   
1984 1.29   1.51   2.63   3.21   2.36   1.84   1.62   0.80   0.78   1.70   1.94   2.58   
1985 2.68   4.10   4.15   3.24   3.30   3.94   3.14   3.99   3.43   3.26   4.95   5.20   
1986 4.11   4.65   3.43   2.79   2.59   1.62   1.44   1.42   3.10   5.18   4.92   4.50   
1987 4.17   0.00   0.03  -0.57  -1.20  -1.46   0.37   0.77   0.46   0.08   0.44   1.48   
1988 1.11   1.14   1.44   1.60  -0.95  -1.81  -1.39  -1.30  -1.27  -1.72  -1.39  -1.04   
1989 -1.01  -0.90  -0.96  -1.78  -1.82  -1.76   0.53   1.37  -0.14  -0.54  -1.26  -1.76   
1990 -1.69   0.81   1.73   1.63   3.15   3.22   3.45  -0.01  -0.79  -0.81  -1.10  -0.89   
1991 -0.60  -1.27  -1.90  -1.55  -1.45  -2.06  -2.20  -2.69  -2.51  -2.62  -2.00  -1.49   
1992 -1.69  -1.51  -1.60  -1.73  -2.30  -2.42   1.49   1.36   1.56   1.04   3.44   4.06   
1993 4.12   3.86   3.27   3.26   3.13   2.90   5.29   4.88   6.88   6.02   6.10   5.50   
1994 4.76   4.55   3.41   6.51   5.39   4.44   3.97   3.73   3.13   2.87   3.83   3.16   
1995 3.44   2.88   1.73   2.45   4.70   4.48   4.04   3.77  -0.58  -1.28  -1.86  -2.18   
1996 -1.92  -2.35   0.01   0.16   0.47   0.14   1.42   1.47   2.03   1.89   2.51   1.82   
1997 1.74   3.01   2.46   2.11   2.55   2.18   1.54   1.85   1.31   1.20   1.06   1.41   
1998 1.36   1.44   2.46   2.33   0.99   1.69   2.92   2.41   2.97   3.87   3.60   3.19   
1999 3.54   3.13   2.65   3.08   3.12   3.22  -0.62  -0.95  -1.15  -1.90  -2.76  -2.39   
2000 -2.67  -2.28  -2.34  -2.99  -2.95  -2.00  -1.48  -1.89  -2.17  -2.28  -2.40  -2.77   
2001 0.06   1.33   0.83   0.55   0.90   1.70   2.40   2.12   1.76   2.13  -0.25  -0.46   
2002 0.44  -0.43  -0.82   0.09   1.68  -0.55  -0.64  -1.07  -1.74  -1.70  -2.30  -2.77   
2003 -3.16  -3.18  -2.92  -2.55  -2.22  -2.08  -2.38  -2.22   0.66   0.40   0.46   1.28   
2004 1.58   1.00   1.74   1.31   1.24   1.09   1.90   2.59   2.01   2.25   3.45   2.86   
2005 4.38   4.22  -0.68  -0.91  -1.65  -1.48  -1.92  -0.63  -0.72  -1.30  -1.74  -2.32   
2006 -2.70  -3.48  -3.38  -3.09  -3.58  -3.72  -3.70  -3.67  -4.04  -3.76  -3.69   0.16   
2007 0.60   0.61   0.06   0.47   0.36   1.03   1.10  -0.59  -1.03  -0.95  -1.55   0.11   
2008 0.04   1.04   1.60   2.72   2.84   3.62   3.68   3.15   4.34   3.82   3.34   3.35   
2009 2.57   2.33   2.72   3.27   3.23   3.39   3.69   3.69   3.56   5.37   4.76   4.69   
2010 4.40   4.14   3.94   3.46   4.01   3.40   4.46   3.81   4.86  -0.71  -0.59  -0.87   
2011 -0.94   0.99   0.87   0.88   1.17  -0.44  -1.22  -1.08  -1.49  -2.38   0.51   0.95   
2012 0.46   0.64   0.85   1.15  -0.91  -1.51  -2.60  -3.25  -2.82  -2.74  -3.09  -3.40   
2013 -2.44  -1.67 -99.99 -99.99 -99.99 -99.99 -99.99 -99.99 -99.99 -99.99 -99.99 -99.99   
