1895 -0.04  -0.94  -1.16  -1.70  -1.62   0.57   1.64   1.65  -0.40  -0.93   0.30   1.79   
1896 -0.43  -0.49  -0.40  -1.36   1.04   0.77   1.29  -0.15   0.21  -0.17  -0.20  -0.84   
1897 1.30   1.35   2.73  -0.12  -0.75  -0.12  -0.12  -0.49  -1.61  -2.51  -2.43   0.39   
1898 1.29   0.87   2.59   2.15   2.81   2.96   3.57   3.46   4.53   4.97   4.68  -0.53   
1899 0.24   0.32   0.10   0.07   0.49  -0.34  -0.16  -0.39  -0.89  -1.08  -1.74  -2.00   
1900 -2.23  -1.13  -1.86  -2.27  -2.48   0.52   0.84   0.82   0.51   0.49   0.87  -0.53   
1901 -0.83  -1.04  -0.64  -0.93  -1.88  -2.71  -3.58  -3.92  -4.13  -4.61  -5.13  -4.62   
1902 -4.60  -4.48  -3.79  -3.63  -3.62   0.29   0.50   1.18   1.68   1.37   1.54   1.91   
1903 1.63   2.26   2.13   1.49   2.18   1.96   1.95   2.19   2.23   1.86   1.30   1.00   
1904 1.45   0.94   1.08   1.53   1.31   2.26   2.40   3.04   2.98  -0.61  -1.44  -1.79   
1905 -1.51  -1.62  -1.56  -1.62   0.36  -0.44   1.62   2.27   3.47   4.04   3.47   3.08   
1906 3.33   3.07   3.51   2.08   0.94   1.02   0.94   1.25   1.39   0.70   0.83   0.95   
1907 2.07   1.47   0.58   0.77   1.51   1.71   1.89   2.00  -0.38  -0.44  -0.45  -0.90   
1908 0.00   1.06   0.67   1.49   1.97   2.11   2.01  -0.06  -0.43  -1.20  -1.19  -1.84   
1909 -1.72   0.64   0.43   0.77   1.13   0.98   1.72  -0.86  -0.58  -0.80  -1.31  -1.07   
1910 -1.12  -0.72  -1.87   0.34   1.07   1.33   2.41   2.13   2.62   2.98  -0.43  -0.50   
1911 -0.93  -0.62  -1.30   0.79  -1.30  -1.98  -2.11   0.25   0.61  -0.27  -0.30  -0.43   
1912 -0.57   0.02   1.05   1.75   1.08   1.53   1.43   1.53  -0.20  -0.21  -0.70  -1.51   
1913 1.23   1.10   1.77  -0.20  -0.70  -1.23  -1.29  -2.30  -1.50  -0.70  -0.71  -1.01   
1914 -1.17  -0.62  -0.61  -0.83  -1.92  -3.09  -3.58  -3.14  -2.61  -2.38  -3.13  -2.97   
1915 -2.38  -2.13  -2.16  -2.98   0.58   1.21   1.88   4.09   3.88   3.20   3.12   3.10   
1916 5.27  -0.43  -0.85  -0.97   0.15   0.79  -0.47  -0.19  -0.35  -0.77  -1.29  -1.55   
1917 -1.46  -1.90  -1.99   0.65   0.63   0.41   0.52   0.91  -0.15  -0.49  -1.10  -1.77   
1918 -1.74  -2.22  -3.23  -2.08  -1.85  -2.03  -2.37  -2.43  -1.56  -1.51  -1.37  -1.23   
1919 -1.62  -1.86  -2.36  -2.72   0.45   0.64   0.26   0.66   0.31   2.14   2.78  -0.55   
1920 -0.32  -1.00  -0.31  -0.53  -0.15  -0.58  -0.60   0.48   0.55  -0.08  -0.86  -1.01   
1921 -0.85  -1.20   0.58   1.17   0.74   1.22   0.80   1.47   1.97   1.47   2.06   1.69   
1922 1.41   1.14   1.95   2.22  -0.71  -1.40  -1.09  -1.53  -1.85  -2.40  -2.62  -2.55   
1923 0.41   0.49   0.76   0.66   0.66   0.87   0.89   1.11   1.19   1.21   1.11   1.33   
1924 -0.03  -0.24  -0.48  -0.86   0.29   0.95   1.73   1.86   2.14  -0.65  -0.96  -0.43   
1925 -0.69  -0.69  -1.20  -1.53  -2.08  -1.92  -2.08  -2.22   0.39   1.70   2.23  -0.14   
1926 0.14  -0.13  -0.18  -0.30  -0.96  -0.95  -1.04   0.91   1.77   2.54   2.80   2.57   
1927 3.17   2.15   3.16   4.48   4.87   5.13   4.85   5.05   4.57   4.37   4.65   4.54   
1928 3.84   3.21   2.06   2.67   1.69   3.82   3.25   3.54   2.85   2.69   2.91   2.61   
1929 2.84   2.57   2.20   2.33   3.05   3.29   3.19   2.64   2.24   2.60   2.10   1.84   
1930 2.93  -0.17  -0.95  -2.01  -2.21  -2.44  -3.33  -3.93  -3.57  -3.25  -3.24  -3.54   
1931 -3.67  -3.22  -2.80  -2.75  -2.39  -2.82  -2.75  -1.90  -2.33  -2.58  -2.36  -2.10   
1932 -1.22  -1.55  -1.69  -2.16  -3.01  -3.10  -3.41  -2.71  -2.97   0.64   0.11   0.96   
1933 1.06   0.83   0.70   1.32   2.29  -1.15  -1.34  -1.42  -0.99  -0.88  -1.59  -2.00   
1934 -2.24  -2.40  -2.33  -2.38  -3.09  -3.44  -4.47   0.40   1.61   1.23   1.32   1.12   
1935 1.28   0.64   1.93   1.21   2.13   4.16   4.27   3.59   3.37   3.37   3.35  -0.31   
1936 -0.81  -1.04  -1.83  -1.86  -2.73  -3.16  -3.92  -5.11   0.53   0.87   0.48   0.50   
1937 2.54  -0.41  -1.02  -0.65  -1.04  -0.50  -0.15  -0.68  -0.68  -0.50  -0.79   0.08   
1938 0.30   0.96   1.24   0.92   1.15   1.39   1.63  -0.70  -1.32  -2.15  -2.07  -2.24   
1939 0.50   1.15   0.86   1.55  -0.31   0.03   0.01   0.26  -0.82  -1.26  -1.64  -2.16   
1940 -2.47  -2.74  -2.74  -1.71  -2.20  -2.04  -2.45  -1.57  -2.21  -2.77  -2.47  -2.24   
1941 -1.90  -2.37  -3.01  -2.92  -3.34  -3.40  -3.35  -3.49   0.39   2.12   2.00   1.64   
1942 1.67   1.73   0.99   0.68   1.07   1.58   1.16   1.40   1.30   1.55   2.14   2.63   
1943 -0.71  -1.28  -1.22  -1.39   1.35   1.31  -0.47  -1.05  -1.01  -1.03  -1.80  -2.26   
1944 -2.84  -2.63  -2.52  -1.78  -1.64  -2.21  -2.38  -2.20  -2.32  -2.92  -3.49  -3.72   
1945 -4.05   1.16   2.83   3.98   3.92   5.65   4.69   3.80   5.21   4.95   4.38   3.48   
1946 3.34   3.56   2.56   2.21   3.33  -0.65  -0.78   0.89  -0.32  -0.80   0.90  -0.05   
1947 -0.29  -1.03  -1.31   0.74   0.39   0.70  -0.20  -0.82  -1.00  -0.81  -0.87  -1.10   
1948 0.28   0.32   0.59  -0.72  -0.74   0.94   1.21  -0.41  -0.89  -1.00   0.28   0.38   
1949 2.29   2.33   2.37   1.35   0.95   1.49   2.01   1.86   2.35   4.10   3.01   2.99   
1950 4.87   4.84   4.17   4.14   4.35   3.90   3.50   4.73   4.47   3.47   3.12   2.24   
1951 2.39   3.28   2.73   2.29   1.68   2.83   3.49   3.87   4.25   4.59   5.16  -0.19   
1952 -0.44  -0.51   0.48   0.62  -0.62  -1.79  -1.82  -1.71  -2.06  -2.57  -2.40  -2.65   
1953 -2.57  -2.72  -2.27  -1.90  -2.31  -2.85  -3.45  -4.25  -5.08  -5.35  -6.06  -6.69   
1954 -6.53  -6.93  -6.97  -6.97  -6.20  -5.69  -5.82  -5.67  -5.76  -5.04  -5.35  -4.39   
1955 -4.51  -3.74  -3.15  -3.43  -3.04  -2.62  -2.04  -2.44  -2.70  -2.67  -2.85  -3.56   
1956 -3.89  -2.83  -3.37  -3.22  -2.59  -2.54  -1.99  -2.04  -2.48  -2.89  -3.05  -3.06   
1957 0.05   0.65   0.17   2.21   3.41   3.85   3.57   2.90   2.29   2.01   2.31   2.56   
1958 2.10   1.68   2.20   1.99   1.60   2.21   4.26   3.92   4.15   3.26   3.69  -0.64   
1959 -0.40  -0.49  -0.81  -1.23  -1.10  -1.19  -1.07  -1.21   0.08   0.39   0.17   0.71   
1960 -0.14  -0.34  -0.54  -1.10  -0.88  -1.24  -1.05  -1.03  -1.52  -1.53  -1.64  -1.59   
1961 -1.92   0.00   0.47   0.40   1.54   1.30   1.87  -0.14  -0.46  -1.12  -1.21   0.08   
1962 0.65   0.76   0.89  -0.26  -1.15  -0.87  -1.36  -1.62  -0.97  -0.93  -1.64  -1.90   
1963 -2.29  -2.87  -2.22  -2.75  -2.07  -1.96  -1.37  -1.21  -1.78  -2.75  -2.64  -3.15   
1964 -3.45  -3.28  -2.02  -1.62  -2.16  -2.19  -2.24  -1.80  -1.73  -2.43  -2.75  -3.18   
1965 -3.09  -2.84  -2.80  -2.60  -2.76   0.02   0.28   0.72   2.27  -0.44  -0.95  -0.99   
1966 0.27   1.16   0.08   1.04   1.01  -0.50  -0.92  -0.44  -0.01  -0.27  -0.48  -0.48   
1967 -0.62  -0.68  -1.41  -1.50  -1.30  -1.19  -1.09  -1.36   0.46   1.12   1.00   1.94   
1968 1.67   1.15   1.31   1.37   1.46  -0.50  -0.36  -0.43  -0.10  -0.46   0.87   1.32   
1969 2.37  -0.28  -0.45  -0.23  -0.97  -0.98  -0.62  -1.07   0.21   0.58  -0.56  -0.51   
1970 -1.02  -1.27   0.22   0.30   0.09   0.92   0.33   0.79   1.50   2.14  -0.12  -0.40   
1971 -0.46  -0.19  -0.88  -1.42  -1.30  -1.60  -1.43  -1.54  -1.85  -2.54  -3.08  -2.10   
1972 -2.15  -2.15  -2.66  -1.55  -2.09  -2.33   0.78   0.68   1.04   1.25   2.54   2.66   
1973 2.63   2.11   3.01   3.75   4.16   3.82   3.74   3.02   3.03   3.33   4.01   4.14   
1974 3.94   3.60   3.39   3.24   3.25   2.89   1.82   2.57   2.85   2.25   2.46   1.96   
1975 2.44   2.76   3.29   2.95   2.31   1.91   1.59   2.16   2.53  -0.35  -0.43  -0.15   
1976 -0.57  -1.13  -1.42  -1.82  -1.85  -1.60  -0.97  -1.13  -1.61  -1.27  -1.88  -2.46   
1977 -2.61  -2.43  -0.97  -1.62  -2.33   0.45  -0.48   0.64   1.14   1.01   1.15   1.45   
1978 -0.26  -0.67  -0.03  -0.65  -0.88  -1.24   0.67   1.03  -0.69  -0.89   0.47   0.71   
1979 0.89   1.08   1.61   2.42   2.55   1.79   2.85   2.95  -0.43  -0.64  -0.42  -0.48   
1980 -0.82  -1.01  -0.73  -1.17  -1.58  -2.11  -2.73  -3.08  -3.16  -2.82  -3.24  -3.87   
1981 -4.31  -4.47  -4.46  -4.67   1.25   1.65   2.77   2.82   2.22   2.60   2.43   1.93   
1982 3.23   2.71   1.87   1.56   1.19   1.41   0.89   2.80   2.71   2.72   2.93   5.57   
1983 4.46   3.25   2.54   4.02   3.86  -0.33  -0.88  -1.92  -2.25   0.64   1.91   2.01   
1984 1.36   1.30   1.72   1.81  -0.11  -0.71  -0.88  -1.14   1.11   2.72   3.63   3.94   
1985 3.65   4.09   4.38   3.82   3.49   4.69   3.76   4.34   3.42   3.14   4.48  -0.11   
1986 -0.82  -0.57  -1.20  -1.30   0.42   0.14   0.02   0.08   0.19   0.87  -0.07  -0.35   
1987 -0.58  -0.43  -0.83  -1.35  -2.02  -1.98   0.58  -0.18  -0.57  -0.63   0.04   1.64   
1988 1.33   1.23   1.57  -0.73  -1.12  -1.86   0.45  -0.49   0.46   0.50   1.26   1.09   
1989 0.96   1.99   1.91   1.04   0.64   1.10   1.31   1.60  -0.10  -0.54  -1.28  -1.95   
1990 0.11   1.23   1.16   1.19   2.57   1.85   1.69   1.39   1.00   1.34   1.22   2.62   
1991 0.00  -0.62  -0.89  -0.10  -0.34  -0.89  -1.28  -1.38  -1.38   0.57   0.99   0.98   
1992 -0.37  -0.65  -1.04  -0.98  -1.14  -1.29   0.49   0.28   0.72   0.28   1.50   1.42   
1993 2.05   1.81   1.35   1.35   1.15   1.57   1.77   1.97   4.27   4.17   5.12   4.41   
1994 4.11   3.51   2.77   4.38   3.45   3.10   2.84   2.81   2.37   2.00   2.97   2.42   
1995 2.64   2.19   1.66   1.59   2.41   2.64   2.67  -0.49  -0.72  -0.96  -1.35  -1.12   
1996 -0.77  -1.40   0.07   0.98   1.05   0.78   1.07   0.59   1.78   1.86   3.06   2.46   
1997 2.38   2.60   2.35   2.05   2.27   2.41   2.03   2.04   1.93   1.67   1.34   1.14   
1998 1.32   1.33   2.22   1.93   1.18   1.88   3.31  -0.26  -0.61  -0.27  -0.59  -0.88   
1999 0.81   0.88   0.67   1.24  -0.41  -0.44  -0.96  -1.16  -1.81  -2.12  -3.20  -2.96   
2000 -2.96  -2.54  -2.68  -3.30  -3.56  -2.49  -2.10  -2.22  -2.31  -2.51  -2.33  -2.48   
2001 -2.50  -1.55  -2.03  -2.56  -2.44   0.18   0.73   0.53   0.49   0.85   0.93   1.43   
2002 1.60   1.30   2.14   2.14   3.91  -0.43  -0.48  -0.04  -0.39  -0.19  -0.82  -0.42   
2003 -0.91  -0.33  -0.80  -0.88   0.18   0.68   0.58   0.81   1.21   1.09   1.91   1.86   
2004 1.80   1.16   1.28   1.11   1.02   0.73   1.63   2.03   1.07   1.53   2.49   1.97   
2005 2.63  -0.11  -0.60  -0.73  -1.41  -1.85   0.26   0.58   1.05  -0.60   0.64  -0.59   
2006 -0.44  -0.86  -0.20  -0.58  -0.41  -0.82   0.21   0.27   0.40   1.26   1.79   1.89   
2007 2.21   2.24  -0.89  -0.87  -0.99  -1.07  -1.25  -1.84  -1.65  -1.70  -2.32   0.55   
2008 0.30   1.64   3.90   4.61   4.47   3.93   4.09   3.79   4.52   4.05   3.41   3.38   
2009 2.95   2.58   2.06   2.18   2.33   2.29   2.55   2.37   2.57   5.29   4.60   4.42   
2010 4.21  -0.27  -0.34  -0.78  -0.46  -1.11  -0.36  -0.98  -0.22  -1.01  -0.95  -1.52   
2011 -1.89   0.50   0.67   3.11   3.62  -0.25  -0.63  -0.31  -0.13  -0.62   0.41   0.82   
2012 -0.07  -0.33  -0.92  -1.47  -2.43  -2.97  -3.66  -3.80  -3.05  -2.70  -2.98  -3.25   
2013 -2.24  -1.52 -99.99 -99.99 -99.99 -99.99 -99.99 -99.99 -99.99 -99.99 -99.99 -99.99   
