1895 1.07   1.08  -0.46  -1.11  -1.13  -1.74  -1.92  -2.51  -1.91  -2.71  -3.23  -3.44   
1896 -3.08  -2.97  -2.73   0.21   1.23   0.76   0.64   0.67   0.49   0.00   2.05   2.29   
1897 2.10   2.87   3.10   2.59   1.54   1.67   1.68   0.65   0.75   0.73   2.78   3.17   
1898 2.85   3.04   3.68   3.07   3.68   3.44   3.62   3.07   2.64   2.46   2.23   1.22   
1899 1.19   1.37   1.30   1.53   1.85   1.40   1.30   1.98   1.38   1.90   1.79   1.86   
1900 1.67   1.80  -0.22  -0.62   0.72  -0.68  -1.26   0.52   0.78   1.38   1.35   1.05   
1901 1.23   1.47   1.22   1.13   1.44   1.53   1.46   0.88   1.70  -0.67  -1.22  -1.36   
1902 -2.05   0.55   0.69   0.72   1.45   1.07   2.27   2.63   1.90   0.89   1.69   1.79   
1903 2.34   1.84   1.96   1.97   1.97   1.63   2.38   2.55   2.56   1.96   2.39   1.90   
1904 1.74   2.82   3.74  -0.38  -0.91  -1.41  -1.50  -2.03  -2.58  -2.83  -3.84  -4.39   
1905 -5.26  -6.03  -6.68  -6.73  -5.85  -4.95  -5.18  -5.61  -5.42  -4.67  -4.46  -4.93   
1906 -4.89  -4.52  -4.36  -4.26   1.12   1.79   1.46   2.11   1.59   0.90   1.50   1.99   
1907 2.77   3.21   3.41   3.16   3.04   3.88   4.44   5.09   4.70   3.74   3.01   2.32   
1908 1.71   1.84   2.45   1.92   3.18   3.76   3.63   3.15   3.11   3.79   3.00   1.97   
1909 3.05   3.12   2.72   2.57   2.33   1.88   3.02   2.67   3.08   2.59   4.35   3.84   
1910 3.97   4.93   3.85   3.17   3.07   2.14   1.30   0.77   1.03   0.96   2.10   1.61   
1911 1.87   1.91   1.24   1.24   2.11   2.88   2.75   3.05   3.37   3.39   3.36   2.66   
1912 2.71   2.44   2.14   2.11   2.31   1.91   2.58   3.39   3.16   3.48   3.31   3.03   
1913 3.69   2.90   2.98   2.55   2.47   3.31   4.14   4.20   3.58   3.53   3.46   2.21   
1914 2.10   2.31   1.76   1.29   1.04   1.83   1.86   1.40   1.81   2.38  -0.17  -0.83   
1915 -1.47  -1.93  -2.57  -2.79   1.36   1.42   3.16   2.93   2.78   1.96   1.97   1.82   
1916 2.30   3.06   2.95   2.51   2.85   3.47   4.44   4.74   4.62   4.18   3.87   3.53   
1917 3.33   3.87   3.73   3.99   4.59  -0.16  -0.47  -1.11  -0.71  -1.42  -2.38   1.85   
1918 2.65   2.64  -0.25  -0.59  -0.74  -1.64   0.00   0.79   0.43   0.81  -0.38  -1.24   
1919 -1.59   0.57   0.85  -0.26  -0.82  -1.94  -2.82  -3.31  -3.34  -2.85  -2.75  -2.90   
1920 -2.93  -3.27   0.30   0.80   0.95   0.74   0.73   0.82   1.07   1.66   1.46   1.24   
1921 1.11   1.30   1.65   1.94   2.18   1.77   1.67   1.26   1.58   0.87   1.70   1.43   
1922 1.07   1.38   1.62   1.94   0.03  -0.47   0.06   0.50  -0.60  -1.02  -1.96  -1.97   
1923 0.12  -0.11  -0.19   0.14   0.66   1.89   2.65   3.27  -0.71  -0.28  -0.31  -0.28   
1924 -0.45  -0.14  -0.06  -0.34  -1.31  -1.45  -1.62  -1.46  -1.84  -1.85   0.25  -0.31   
1925 0.45   1.00   1.17   1.15  -0.23  -0.20  -0.34  -0.34   0.52   0.55  -0.65  -1.17   
1926 -1.84  -1.67  -2.16  -2.47  -2.54  -2.83  -3.22   0.39   1.04   0.39   1.42   1.44   
1927 1.73   2.74   2.26   1.93   3.05   2.41   2.15   2.10   2.72   2.72   4.88   5.42   
1928 5.54  -0.51   0.14   0.43  -1.03  -1.06  -0.97  -1.05  -1.54  -1.52  -2.43  -2.93   
1929 -3.20  -3.55  -3.65  -3.05  -3.38  -2.77  -3.08  -3.63  -3.64  -3.82  -4.83  -3.65   
1930 -3.84  -3.24  -2.79  -2.59  -2.36  -2.42  -2.52  -2.87  -2.49  -2.03  -1.95  -2.68   
1931 -3.39  -4.17  -4.33  -4.54  -5.09  -5.62  -5.98  -6.59  -5.50  -5.57  -5.43  -5.64   
1932 -5.91  -5.76   0.55   0.67   1.16   0.50   0.52   0.86   0.22   0.53   1.03   1.21   
1933 1.48   1.62  -0.20  -0.24  -0.04  -0.51  -1.15   0.00   0.18   1.18   0.69   2.71   
1934 3.03  -0.48   0.53  -0.94  -1.92  -1.90  -2.66  -3.51  -3.49  -2.37  -2.46  -2.45   
1935 -2.07  -2.46  -1.64  -1.12  -1.56  -2.00  -2.12  -2.51  -3.22  -3.23  -3.71  -4.63   
1936 -4.73  -4.09  -3.29  -3.38  -3.91  -3.77  -4.17  -4.62  -4.38  -4.66  -5.45  -5.60   
1937 -5.98  -5.89  -6.11  -5.13  -5.35  -5.06  -5.04  -5.02  -4.81  -4.91  -4.71  -4.24   
1938 -4.32  -3.93  -3.28  -3.19  -2.48  -2.02  -1.49  -1.54  -2.03  -1.77  -1.80  -2.04   
1939 -2.39  -2.23  -2.10  -2.49  -2.73  -2.20  -2.59  -3.22  -3.29  -3.54  -4.38  -4.63   
1940 -5.25  -4.55  -4.54  -3.93  -4.38  -5.02  -4.86  -5.43  -4.49  -4.46  -4.11  -4.63   
1941 -5.16  -5.88  -6.91  -7.01  -6.18  -5.46  -5.42  -5.25  -3.93  -3.50  -3.18  -2.76   
1942 -3.04  -3.09  -2.95  -2.94   1.39   2.15   2.57   2.32   1.72   1.34   2.15   2.28   
1943 2.76   2.46   2.55   2.59   2.50   3.10   2.91  -0.08  -0.84  -0.75  -1.32  -2.15   
1944 -3.26  -4.19  -4.56  -4.56  -4.47  -3.42  -3.61  -3.19  -3.06  -3.75  -3.98  -4.65   
1945 -5.14  -5.50  -5.38  -4.06  -3.70  -3.32  -3.47  -3.82  -2.85  -2.79  -2.55  -2.35   
1946 -2.40  -2.39  -2.43  -2.74  -2.98  -2.73   0.13  -0.16   0.21   1.64   2.75   3.80   
1947 3.73   3.52   3.09   2.28   1.27   2.06   1.50   2.14   2.43   3.03   3.12   2.68   
1948 2.63   3.04   3.08   3.33   4.00   4.46   5.50   5.47   4.42   3.53   3.67   3.57   
1949 2.98   3.70   3.63  -0.65  -0.76  -1.27  -1.51  -1.87   0.03   0.21   0.08   0.05   
1950 0.97   1.18   1.95   1.94   1.19   1.62   1.93   1.93   1.49   2.44   2.76   3.07   
1951 3.33   3.73   3.62   3.58   3.50   3.23   3.32   3.61   3.71   4.69   4.49   5.03   
1952 4.67   0.00  -0.02  -0.91  -0.91  -0.38  -0.53  -0.76  -1.35  -2.20  -2.91  -3.65   
1953 0.76   1.00   0.49   0.96   1.38   1.50  -0.31  -0.43  -0.99  -1.82  -2.16  -2.14   
1954 0.89   1.18   1.26   1.70   0.97   1.18   1.50   2.52   2.59  -0.15  -0.80  -1.50   
1955 -2.30  -2.55   0.20   0.57   0.77   1.00   2.10   1.45   1.30   1.54   2.44   3.63   
1956 3.61   3.57   3.73   3.36   2.73   2.53   2.80   2.96  -0.32  -0.14  -0.73  -0.74   
1957 -1.01   0.34   0.42   0.45   0.80   0.73  -0.09  -0.38  -0.97  -0.27  -0.80  -0.71   
1958 -0.91   0.40   0.26   0.91   0.14   0.79   1.06  -0.37   0.17   0.00   1.25   1.76   
1959 2.67   2.73   2.44   2.49   3.05   2.49   1.76   1.58   3.02   3.72   4.81   4.51   
1960 4.16   3.76   3.85   3.69   3.73  -0.79  -1.47  -0.70  -1.25  -1.38  -0.77  -1.27   
1961 -1.68   0.45   0.64   1.56   2.22  -1.02  -1.30  -1.75   0.82   1.12   1.22   1.56   
1962 1.47   1.30   1.72   1.48   2.02   1.36   1.10   1.02   0.80   1.18   1.40   1.26   
1963 1.20   1.60   1.65   1.38   0.65   1.46  -0.07  -0.33  -0.33  -0.66  -0.86  -1.21   
1964 -0.99  -1.20   0.59   0.88   0.99   1.73   2.47   2.98   2.94   2.60   2.80   4.70   
1965 5.03   4.77   4.06   4.47   3.74   3.71   3.55   4.36   4.97   3.69   3.41   2.72   
1966 2.74   2.52   2.51   1.96   1.22   2.04   1.87   1.98   1.04   0.87   1.33   1.22   
1967 1.92   1.88   2.23   2.32   2.02   1.97  -0.43  -1.40  -2.23   1.06   0.70   0.69   
1968 0.50   0.76  -0.55  -0.52  -0.42  -0.32  -0.55   1.04   2.47   2.71   2.76   3.14   
1969 4.63  -0.31  -0.37  -0.66  -0.96   1.04  -0.19  -0.94  -0.87  -0.69  -1.51  -2.05   
1970 0.51   0.61   0.96   1.39   1.25   1.17   1.64   1.04   1.14   1.12   1.25   1.28   
1971 2.35   2.23   2.40   2.30   2.15   2.40   2.31   2.07   1.64   1.42   1.08   1.32   
1972 2.24   3.30   3.09   3.03  -0.40  -0.67  -0.53  -0.69  -0.45  -0.39  -1.05  -1.01   
1973 -1.45  -2.13  -2.79  -2.87  -3.23  -3.23  -3.97  -4.38  -4.05  -3.93   1.15   1.59   
1974 3.10   3.11   3.70  -0.03  -0.19  -0.82  -0.96  -0.97  -1.34  -2.12  -2.14  -2.46   
1975 0.13   0.71   1.01   1.54   1.46   1.39   1.69   2.70   2.06   3.30   3.50   3.96   
1976 3.95   4.19   3.70   3.26   2.58   2.39   2.38   3.38  -0.35  -0.90  -1.32  -2.20   
1977 -3.02  -3.89  -4.02  -4.72  -4.22  -5.01  -4.70   0.01   0.65   0.22   0.37   1.65   
1978 1.98   1.75   1.06   1.22   1.96   1.11   1.73   2.35   2.33  -0.74  -0.71  -0.82   
1979 -1.14   0.59  -0.20  -0.04  -0.51  -1.56  -2.20  -2.12  -2.89  -2.81  -3.69  -3.97   
1980 -4.06  -4.25  -3.87  -3.81   1.85   2.59   3.05   3.43   3.46   2.81   2.58   3.25   
1981 2.75   2.94   2.24   2.13   3.20   4.01   4.14   3.78   3.20   2.57   2.14   2.08   
1982 2.43   3.22   3.32   3.72   3.30   3.08   3.38   2.97   3.05   2.64   2.30   2.16   
1983 1.93   1.83   1.58   1.34   0.85   1.02   2.21   2.40   2.42   1.87   2.00   1.80   
1984 1.42   1.00   0.78   1.08   1.50   1.60   1.43   1.38   1.57   1.76   1.83   1.78   
1985 -0.70  -0.82  -0.96  -1.20  -1.21  -1.62  -2.51   0.52   2.41   2.73   2.95   2.28   
1986 2.27   3.13  -0.78  -1.03  -1.02  -1.36  -1.16  -1.11   1.19  -0.44   0.44  -0.73   
1987 -1.47  -2.05  -1.72  -2.26  -2.28  -2.58  -1.20  -0.87  -1.61  -2.40  -3.14  -3.49   
1988 -4.10  -4.59  -4.84  -4.54  -3.77  -3.98  -4.13  -4.58  -4.28  -4.31  -3.92  -4.16   
1989 -4.14  -4.28   0.79   0.65   0.81   0.05   0.11   1.39   1.15   1.00   1.35   1.07   
1990 1.37  -0.07  -0.48  -0.55   0.87   0.44   0.98   1.45  -1.05   0.72   1.08   1.27   
1991 1.26   0.72   0.88   0.72   1.18   1.98   0.05  -0.10  -0.59  -1.00  -0.73  -1.13   
1992 -1.47  -2.01  -2.90  -2.66  -3.13  -2.74  -2.07  -1.91  -1.47  -1.81  -1.95  -2.15   
1993 -2.43  -2.86  -3.22   0.52   0.09   0.84   3.02   4.01   3.73   0.02  -0.27  -0.66   
1994 -1.17  -1.37  -2.02  -1.84  -1.83  -1.83  -2.11  -2.87  -3.48  -2.51  -2.29  -2.58   
1995 -2.82  -2.73  -2.38  -2.10  -2.28   1.01   1.85   2.08   2.25   2.97   3.94   4.47   
1996 4.89   5.06   4.47   4.91   5.44   4.52   3.82   3.14   2.82   2.56   3.16   4.89   
1997 4.97   4.60   4.83   4.86   4.47   4.26   4.43   4.20   3.83   3.76  -0.41  -1.30   
1998 -1.64  -2.42  -2.46  -2.38   1.39   2.31   3.07   2.77   2.10   1.45   1.69   2.04   
1999 2.03   2.48  -0.54  -1.09  -1.47  -1.34  -1.43  -1.35  -1.89  -1.54  -1.46  -1.69   
2000 -1.75  -1.47  -1.78  -1.85  -1.97  -2.46  -2.81  -3.48  -3.05  -2.79  -3.42  -4.23   
2001 -5.21  -5.83  -6.57  -5.66  -6.24  -5.35  -5.03  -5.61  -5.97  -4.82  -5.01  -5.16   
2002 -5.20  -5.11  -4.19  -3.84  -2.88  -2.35  -1.92  -1.58  -1.72  -2.11  -2.47  -2.80   
2003 -2.90  -2.98  -1.91  -1.60  -1.42  -1.89  -2.60  -3.15  -3.20  -3.19  -3.16  -3.53   
2004 -3.78  -4.30  -5.17  -4.90  -3.75  -3.94  -3.80  -2.57  -1.78  -1.70  -2.20  -2.76   
2005 -3.47  -4.54  -4.79   0.01   0.08   1.29   0.78   0.25   0.68   1.03   1.09   1.06   
2006 1.77   1.63   1.31   1.90  -0.27   0.34  -0.38  -0.84  -0.90  -0.90   1.35   0.02   
2007 -0.23   0.33  -0.56  -0.64  -0.35  -0.79  -1.41  -2.18  -2.04  -1.82  -1.96  -2.03   
2008 -2.08  -1.97   0.15   0.16  -0.19   0.14   0.06   0.29   0.31  -0.42  -0.64   0.13   
2009 0.36   0.41   1.17  -0.23  -0.48  -0.79  -0.50  -0.01  -0.93  -0.27  -0.87  -1.44   
2010 -1.95  -2.75  -3.34   0.22   0.67   1.86   1.89   2.28   2.53   2.03   2.28   2.55   
2011 2.89   2.86   2.84   3.38   3.24   3.53   3.62   2.80   1.79   2.22   1.91   1.22   
2012 0.97   0.73   1.50   1.24   0.94   1.93   2.21  -0.51  -1.38   0.68   0.74   0.93   
2013 0.00   0.00 -99.99 -99.99 -99.99 -99.99 -99.99 -99.99 -99.99 -99.99 -99.99 -99.99   
