1895 1.13   1.61   2.04   1.49   1.42   1.51   1.61   1.13   1.50  -0.65  -0.62  -0.82   
1896 -0.60  -0.67  -0.71   0.36   1.67   1.24   1.58   1.62   1.64   0.97   1.73   1.15   
1897 1.05   1.21   1.76  -0.19  -1.21  -0.74  -0.58  -1.11   0.06   0.15   1.07   1.29   
1898 1.04   0.84   1.64   1.21   2.64   2.84   3.13   2.72   2.18   2.24   2.05   1.60   
1899 1.77   2.20   2.38   2.41   2.97   2.55   2.63   2.91   2.19   2.82  -0.33  -0.17   
1900 -0.34  -0.22  -0.59   0.17   0.58  -1.33  -2.16  -2.24  -2.07  -1.65  -1.74  -2.03   
1901 -2.22  -2.24  -2.62  -2.51  -1.93  -1.61  -2.32  -3.00  -2.37  -3.04  -3.41  -2.98   
1902 -3.33  -3.26  -4.06  -4.05  -2.95  -3.13  -2.14  -2.30  -2.50  -3.14   0.15   0.46   
1903 0.53   0.28   0.30   0.53   0.90   0.50   1.55   1.53   1.65   1.11   1.37   1.02   
1904 0.98   1.66   2.89  -0.29  -0.37  -0.66  -0.42  -0.63  -1.42  -1.81  -2.64  -2.76   
1905 -2.93  -3.26  -3.88  -4.22  -3.31  -2.45  -2.64  -3.23  -3.05  -2.32  -2.28  -2.58   
1906 -2.29  -2.15  -2.13  -2.32   1.51   2.34   2.16   3.22   2.54   2.08   2.14   2.31   
1907 2.85   3.17   3.96   3.86   4.16   5.24   5.83   6.69   6.22   5.02   4.42   4.34   
1908 3.96   3.82   4.28   3.66   5.89   6.72   6.52   6.41   6.25   6.88   6.07   5.76   
1909 6.19   6.36   6.47   6.45   6.36   6.01   7.28   6.92   7.53   6.61   7.29   7.13   
1910 7.12   7.50   6.45   5.40   5.39   3.99   3.21   2.56   2.93   2.93   3.24   2.78   
1911 3.11   3.00   2.47   2.51   3.42   4.28   4.16   4.43   4.71   4.84   4.97   4.87   
1912 4.95   5.05   5.30   5.42   5.87   5.20   6.08   7.02   7.18   7.68   7.30   7.04   
1913 7.35   7.12   7.46   6.65   6.27   7.00   7.93   8.01   7.30   7.36   7.03   6.66   
1914 6.68   6.69   6.42   5.89   5.35   5.89   5.77   5.25   5.32   5.51   4.72   3.80   
1915 3.33   3.06   2.70   1.75   3.14   3.98   5.95   6.39   6.88   5.90   5.70   5.68   
1916 6.19   6.55   6.80   6.09   6.40   6.80   7.49   7.62   7.26   7.09   6.62   6.44   
1917 6.35   6.60   7.00   7.50   8.30  -0.20  -0.55  -0.93  -0.42  -0.77  -1.46   0.80   
1918 1.05   1.07   0.89   0.87  -0.08  -1.12   0.45   0.99   1.36   1.50  -0.22  -0.68   
1919 -1.02  -0.81  -1.10  -1.60  -2.37  -4.16  -5.29  -5.93  -5.52   0.98   0.98   0.74   
1920 0.68   0.46   0.60   1.65   2.02   1.67   1.75   2.00   2.16   2.68   2.49   2.38   
1921 2.29   1.99   2.33   2.67   3.00   2.99   3.01   2.52   2.17   1.20   1.53   1.75   
1922 1.63   1.67   1.54   2.36   2.61   1.99   2.42   2.93   1.97   1.46   1.16   1.21   
1923 1.23   0.96   0.56   0.58   1.10   2.31   3.46   4.29   3.90   4.40   4.03   3.92   
1924 3.71   3.81   4.21   3.73   2.68   2.02   1.76   1.46   0.94   1.08   1.19   1.35   
1925 1.31   1.24   1.31   1.39   0.99   1.28   1.41   1.53   2.36   2.98   2.58   2.65   
1926 2.58   2.59  -0.16  -0.95  -1.11  -1.49  -1.52   0.47   1.38   0.88   1.30   0.96   
1927 0.91   1.12   0.86   0.97   2.85   2.74   2.95   3.54   4.71   4.75   5.64   5.58   
1928 5.65   5.44   5.90   5.71   4.19   4.58   4.92   4.55  -0.79  -0.55  -0.66  -0.87   
1929 -0.78  -0.76  -0.46  -0.04  -0.24  -0.13  -0.55  -1.19  -1.23  -1.62  -1.92  -1.86   
1930 -2.03  -2.09  -2.16  -2.62  -2.54  -3.05  -3.39  -3.02  -2.46  -1.68  -1.61  -2.08   
1931 -2.24  -2.15  -2.44  -2.60  -3.28  -4.45  -4.92  -5.65  -5.04  -5.00   0.28   0.42   
1932 0.63   0.35   0.67   0.86   0.10   0.02   0.54   0.70  -0.93   0.52   0.35   0.32   
1933 0.75   0.89   0.65   0.86   0.99  -1.16  -2.03  -1.20  -1.21  -1.32  -1.80  -1.37   
1934 -1.62  -1.77  -2.72  -4.12  -6.00  -5.48  -6.30  -6.98  -6.57  -5.82  -6.03  -5.51   
1935 -5.42  -5.58  -4.99  -3.79  -3.35  -3.85  -4.40  -4.90  -5.58  -4.34  -4.00  -4.10   
1936 -3.42  -2.40  -2.41  -2.15  -3.21  -2.96  -3.14  -2.95  -3.04  -3.36  -3.64  -3.38   
1937 -3.23  -2.82  -2.43  -1.98  -3.18  -2.97  -1.97  -2.55  -2.37  -2.88  -2.82   0.17   
1938 0.01   0.20   1.26   1.30   2.36   2.44   3.42   3.22   1.82   3.54   3.72   3.27   
1939 3.30   3.34   3.52  -0.34  -0.66  -0.41  -0.39  -0.97  -1.16  -1.21  -2.20  -2.28   
1940 0.04   0.37   0.30   0.95  -0.96  -1.49  -1.69  -2.71  -0.95  -1.08  -0.88  -1.07   
1941 -1.59  -1.96  -2.73  -2.29  -2.27  -2.24  -2.52   0.63   1.80   1.90   2.18   2.67   
1942 2.81   2.84   2.63   2.11   2.94   2.83  -0.10  -0.73  -1.24  -1.31   0.55   0.53   
1943 0.99   0.89   0.80   1.15   1.17   1.36   1.30   1.26  -0.76  -0.60  -0.97  -1.48   
1944 -2.18  -2.20  -2.67  -3.32  -3.07   2.41   2.49  -0.07  -0.24  -0.99  -0.81  -1.10   
1945 -1.58  -1.89  -2.20  -2.29  -1.68  -0.85  -1.16  -0.96  -0.80  -1.36  -1.26  -1.01   
1946 -1.21  -1.15  -0.85  -1.68  -1.19  -1.95  -1.87  -2.02   0.51   1.80   2.15   2.09   
1947 1.84   1.59   1.75  -0.06  -0.98   1.50   1.34   1.09   2.11   1.82   2.37   2.06   
1948 1.82   1.66   1.56   1.33   1.32   2.14   2.51   2.60  -0.37  -0.89   0.18   0.58   
1949 0.69   1.03  -0.05  -0.70  -0.75  -1.01  -1.54  -2.19  -1.86  -1.51  -2.26  -2.45   
1950 -2.66  -3.03  -2.89  -3.07  -3.50  -3.53  -2.91  -2.62  -2.01  -2.28  -2.06  -2.06   
1951 -2.04  -1.89  -1.73  -1.80  -1.76  -2.12  -2.36   0.99   0.61   1.60   1.32   1.88   
1952 2.20   2.46   2.85   2.10   2.79   2.78   3.18  -0.12  -0.95  -1.91  -1.81  -1.84   
1953 -1.72   0.37   0.00   0.45   1.29   1.42  -0.35  -1.04  -1.84  -2.45  -2.62  -2.67   
1954 -2.52  -2.79  -2.83  -3.25  -4.04  -3.14  -3.75  -3.37  -3.69  -3.76  -4.49  -4.64   
1955 -4.72  -4.72  -5.00   0.65   0.64   0.58   0.91  -0.92  -1.16  -1.18   0.15   1.48   
1956 1.76  -0.10  -0.13   0.21  -0.13  -1.12  -1.32  -1.61  -2.03  -1.73  -2.12  -2.28   
1957 -2.26  -2.39  -2.38  -1.93  -1.28  -0.83  -0.94  -1.36  -1.87  -1.24  -1.43  -1.53   
1958 -1.96  -2.08  -2.01  -1.60  -2.75  -1.98  -1.57  -1.61  -1.47  -2.17  -1.97  -2.00   
1959 -2.29  -1.69  -1.94  -2.22   0.78   1.02   0.75   0.31   0.86   1.16  -0.13  -0.56   
1960 -0.86  -0.88  -1.03  -0.66  -0.60  -1.59  -2.61  -1.94  -2.59  -2.68  -2.59  -2.80   
1961 -3.57  -3.66  -4.12  -4.01  -4.01  -5.46  -6.04  -6.29   1.59   2.42   2.11   1.80   
1962 1.82   2.26   2.29   1.40   1.88   1.44   2.25   2.91   2.18   1.80   2.70   2.16   
1963 2.24   2.07   1.96   2.31   2.29   3.60   3.42   2.92   2.97   2.22   1.95   1.71   
1964 1.38   1.00   0.58   0.85   0.80   2.32   2.12   2.93   1.87   1.27   1.42   2.30   
1965 2.73   2.44   2.13   2.30   2.77   3.17   3.41   3.97   4.44  -0.65  -0.79  -0.87   
1966 -0.90  -0.98  -1.10  -1.31  -1.97  -2.14  -3.09  -3.53  -3.46  -3.44  -3.15  -3.07   
1967 -2.61  -2.74   0.56   1.27   1.49   2.53   3.20   2.52   1.76   2.79   2.78   3.30   
1968 3.49   3.34   3.31   3.35   3.67   3.87   3.43   4.63   4.89   4.29   4.79   4.51   
1969 5.56   5.60   5.26   4.90   3.96   5.23   5.43   5.17   4.34   4.65   4.40   4.14   
1970 4.20   3.84   4.40   5.03   5.09   4.51   5.18   4.51   4.89   4.77   4.78   4.76   
1971 4.95   5.04   4.96   5.20   4.56   4.34   3.57   3.43   3.52   3.36   3.09   3.13   
1972 3.01   2.89  -0.24  -0.25  -0.67  -0.81  -0.85   0.35   0.64   1.08  -0.21  -0.33   
1973 -0.46  -0.88  -0.87  -0.35  -1.12  -0.63  -1.06  -0.04   0.72   0.56   1.41   1.71   
1974 1.55   1.28   2.31  -0.28   0.31  -1.42  -2.03  -1.74  -2.34  -2.19  -2.35  -2.17   
1975 0.16   0.24   0.26   1.67   2.38   2.71   4.16   4.62   3.76   4.92   5.12   5.18   
1976 5.09   5.13   5.24   5.76   4.70   4.99   5.10   5.27   5.82  -0.02  -0.55  -0.97   
1977 -1.02  -1.54  -1.29  -2.31   0.42  -0.47   0.16   0.55   1.38   0.96   0.77   1.16   
1978 1.23   1.52   0.73   0.58   1.15   0.60   1.06   0.78   1.81   0.99   1.01   1.06   
1979 0.92   1.02   1.07   1.41  -0.47  -1.03  -1.55  -1.20  -2.32  -2.17  -2.39  -2.85   
1980 -2.76  -2.42  -2.29  -3.02   1.77   1.81   1.95   1.97   2.73   2.27   2.05   1.68   
1981 1.00   1.22   0.84   0.63   2.97   3.04   3.08   2.22   1.63   2.07   2.17   2.12   
1982 2.24   2.13   3.14   4.03   4.25   4.38   4.69   4.44   4.94   4.67   4.25   4.66   
1983 4.01   3.79   3.95   3.75   3.02   3.33   4.64   5.71   6.00   5.92   6.31   6.39   
1984 5.92   5.75   6.17   6.34   5.70   5.78   6.09   6.61   6.16   5.95   5.63   5.11   
1985 5.96   5.75   6.18  -0.68  -0.77  -1.76  -2.00   0.10   1.20   1.29   1.38   0.89   
1986 0.57   1.19  -0.79  -0.57  -0.92  -1.47   0.16   0.69   1.35  -0.54  -0.27  -0.86   
1987 -1.32  -1.68  -2.37  -3.71  -2.82  -3.56  -1.69  -0.88  -1.74  -2.60  -2.80  -2.76   
1988 -2.98  -3.28  -3.60  -3.43  -3.15  -4.46  -5.67  -6.49  -6.10  -6.57  -5.56  -5.36   
1989 -4.65  -4.40  -3.83  -3.67  -3.08  -3.53  -3.69  -3.05  -3.27  -2.25  -2.49  -2.58   
1990 -2.40  -2.66  -2.58  -2.71  -2.31  -2.71  -2.89  -2.41  -3.27  -3.19  -3.12  -3.15   
1991 -3.69  -4.26  -4.32  -3.66  -2.30  -2.14  -2.47  -2.72  -2.30  -1.84  -1.03  -1.21   
1992 -1.62  -1.79  -3.18  -3.44  -4.05  -3.37  -3.11  -3.56  -3.37  -2.93  -2.70  -2.27   
1993 -2.25  -2.17  -2.47   0.77   0.92   1.98   4.47   6.45   5.62   5.30   4.73   4.42   
1994 4.08   4.27   3.74   3.56  -0.35  -0.44  -0.11  -0.73  -1.81   1.00   1.48   1.81   
1995 2.20   1.87   2.84   3.80   4.02   4.55   5.67   5.90   5.49   5.51   5.27   4.88   
1996 4.84   4.97   5.14   4.68   5.48   4.02   3.10   2.05   1.42   1.12   1.13   1.48   
1997 1.56   1.22   0.62   0.98   0.93   1.46   2.58   3.30   3.02   3.41   3.00   2.52   
1998 2.60   2.33   2.31   2.22   2.01   3.25   3.57  -0.13  -0.62  -0.82  -0.80  -0.65   
1999 -0.61  -0.47  -0.81  -0.81  -0.32  -0.38  -1.18   0.52  -0.75  -1.55  -2.42  -2.56   
2000 -2.69  -2.73  -3.13  -3.88  -3.67  -4.48  -5.43  -6.30  -6.09  -4.32  -3.98  -4.04   
2001 -4.28  -4.53  -5.22  -5.05  -6.13  -5.59  -5.59  -6.61  -6.74  -6.18  -6.20  -6.23   
2002 -6.21  -6.40  -7.11  -7.07  -6.86  -6.49  -7.21  -6.85  -6.47  -6.17  -6.10  -6.27   
2003 -6.15  -5.69  -6.00  -4.68  -4.67  -5.22  -5.92  -6.34  -6.74  -6.79  -6.81  -6.09   
2004 -6.13  -5.85  -7.05  -7.31  -6.22  -6.24  -6.40  -5.88  -5.35  -4.73  -4.96  -4.94   
2005 -5.26  -5.69  -6.12  -5.82  -5.42  -4.00  -4.32  -3.99  -3.91  -3.10  -2.20  -1.93   
2006 -1.57  -1.72  -1.86  -0.99  -1.66  -1.69  -2.08  -2.77  -2.97  -1.40  -1.35  -1.57   
2007 -2.10  -1.73  -2.67  -2.70  -2.38  -2.96  -3.78  -4.25  -3.76  -2.62  -2.50  -2.32   
2008 -2.35  -2.42  -2.75  -2.17  -1.59  -1.72  -1.98  -2.55  -2.79  -3.00  -2.75  -2.34   
2009 -2.62  -2.93  -2.40  -1.72  -2.40  -1.82  -1.45  -0.94  -1.67  -0.67  -0.68  -1.01   
2010 -1.20  -1.55  -2.18   0.00   0.59   1.45   1.28   2.05   1.65   1.20   1.84   2.08   
2011 1.76   1.54   1.56   1.97   2.58   2.99   3.00  -0.17  -1.11  -0.99  -0.48  -0.57   
2012 -1.03  -1.25  -1.44  -1.76  -2.02  -3.20  -3.82  -4.68  -5.29  -4.97  -4.40  -4.19   
2013 -3.91  -4.02 -99.99 -99.99 -99.99 -99.99 -99.99 -99.99 -99.99 -99.99 -99.99 -99.99   
