1895 1.10   1.65   1.93   1.37   1.11   1.42   1.59  -0.39  -0.29  -0.76   0.28   0.10   
1896 0.25   0.24   0.28   0.80   2.40   1.94   2.42   2.08   2.63   1.89   3.00  -0.71   
1897 0.15   0.38   0.79  -0.25  -1.46  -0.81  -0.61  -1.51  -1.47  -1.43   1.54   1.43   
1898 1.08   0.93   2.59   2.37   3.99   4.08   4.69   4.18   3.70   3.82   3.40   2.80   
1899 3.05   3.50   3.77   3.72   4.64   4.26   4.66   4.66   3.90   4.03  -0.67  -0.41   
1900 -0.78  -0.65  -0.73  -0.69  -0.07  -1.26  -2.01   0.34   0.63  -0.04  -0.08  -0.45   
1901 -0.50  -0.54  -0.73   0.03   0.55   1.38  -0.33  -1.18   1.22  -0.77  -1.17   0.53   
1902 -0.36  -0.30  -0.52  -0.48   1.72   1.64   2.80   2.71   1.97   0.97   1.25   1.48   
1903 1.41   1.25   1.39   1.63   2.19   1.69   3.28   3.55   3.52   2.65   2.82   2.54   
1904 2.65   3.27   4.29  -0.35  -0.42  -0.83  -0.65  -0.99  -1.85  -2.52  -3.16  -3.08   
1905 -2.96  -2.98  -3.41  -3.68  -2.94  -1.78  -1.64  -2.45  -2.71  -2.11  -1.90  -2.34   
1906 -2.23  -2.03  -2.30  -2.55   1.99   2.71   2.36   3.50   3.14   2.65   2.91   3.06   
1907 3.62   3.91   4.21   4.21   4.85   5.91   7.12   8.02   7.81   6.45   5.54   4.98   
1908 4.63   4.49   5.36   4.77   7.58   8.13   8.18   7.80   7.60   8.06   6.94   6.31   
1909 6.86   6.64   6.73   6.87   7.27   7.35   9.13   8.84   9.26   8.13   8.24   7.73   
1910 7.58   7.89   6.82   5.82   5.99   4.90   4.30   3.92   4.73   4.59   4.77   4.07   
1911 4.23   4.05   3.15   3.16   4.22   4.31   4.32   5.07   6.00   6.11   6.02   5.62   
1912 5.31   4.99   4.93   4.83   5.90   4.78   5.90   6.87   7.13   7.15   6.36   5.87   
1913 6.20   5.78   5.94   5.27   5.25   5.45   6.29   6.45   5.75   5.94   5.25   4.44   
1914 4.18   4.18   3.86   3.34   3.16   3.83   3.48   3.16   3.21   3.82  -0.20  -0.61   
1915 -0.69  -0.79  -0.86  -1.54   1.22   2.71   5.61   6.20   6.93   6.12   5.83   5.63   
1916 5.90   6.07   6.07   5.59   6.16   7.14   8.27   8.47   8.51   8.09   7.44   7.09   
1917 6.78   6.93   6.92   7.13   7.75   6.82   5.94   4.81   4.59   3.92   2.50   3.67   
1918 4.00   3.87  -0.15  -0.02  -0.19  -1.42   0.47   1.26   1.54  -0.16  -0.22  -0.63   
1919 -0.84  -0.56  -0.83  -1.44  -2.00  -3.50  -4.51  -5.11  -5.12   0.80   0.86   0.80   
1920 0.95   0.85   0.99   1.92   2.36   2.38   2.70   2.74  -0.20  -0.04  -0.37  -0.73   
1921 -0.88  -1.18   0.52   0.70   1.01  -0.12  -0.12  -0.88  -0.67  -1.44   0.69   0.92   
1922 0.80   0.74   0.55   1.29   1.98   1.67   2.53   2.61   1.61   1.21   1.10   1.23   
1923 1.43   1.27   1.14   1.07   1.60   2.73   4.16   4.93   4.66   4.50   3.90   3.68   
1924 3.41   3.41   3.89   3.56   2.44   2.66   2.55   2.32   1.69   1.31   1.59   1.65   
1925 1.64   1.56   1.97   2.15   1.65   1.88   1.76   1.31   2.22   2.85  -0.27  -0.07   
1926 -0.07  -0.09  -0.49  -1.28  -1.66  -1.99  -2.29   0.13   1.57   1.09   1.35   1.02   
1927 1.03   1.17   0.92   0.96   4.11   3.72   4.33   5.34   5.58   5.30   6.13   6.08   
1928 6.15   5.69   5.33   5.21   3.69   4.22   5.13   5.30  -0.59  -0.42  -0.66  -0.70   
1929 0.11   0.24   0.76   0.81   0.76  -0.13  -0.64  -1.61  -1.27  -1.50  -1.43  -0.75   
1930 -0.85  -1.15  -0.87  -1.09  -1.37  -2.07  -2.62  -3.04  -2.46  -1.78  -1.55  -1.98   
1931 -2.33  -2.64  -2.96  -3.38  -4.28  -5.35  -5.64  -6.42  -5.92  -6.18  -5.43  -5.41   
1932 -5.26  -5.12  -4.17  -3.88  -4.38  -3.69  -3.89  -3.40  -4.10  -3.09  -2.95  -2.67   
1933 -2.64  -2.49  -3.14  -2.24  -1.82  -2.82  -4.04  -2.61  -3.02  -2.68  -2.79  -2.29   
1934 -2.53  -2.56  -2.29  -3.18  -4.84  -4.13  -4.73  -5.64  -4.96  -4.94  -5.26  -4.82   
1935 -4.79  -4.93  -3.98  -3.24  -3.12  -3.61  -3.88  -4.30  -4.90  -4.23  -4.12  -4.37   
1936 -4.23  -3.21  -3.30  -3.06  -4.13  -4.82  -6.05  -6.27  -6.11  -5.95  -5.63  -5.38   
1937 -5.05  -4.75  -4.43  -4.51  -5.83  -5.73  -5.69  -6.29  -5.50  -5.20  -4.79  -3.88   
1938 -3.81  -3.74  -3.21  -3.40   0.84   1.15   1.56   1.18   0.18   1.46   1.39  -0.31   
1939 -0.48  -0.34  -0.42  -0.92  -1.63  -0.68  -1.11  -1.66  -1.81  -1.20  -1.90  -1.93   
1940 -1.97  -1.63  -1.69  -0.83  -1.73  -2.25  -2.66  -3.74  -3.27  -2.83  -2.30  -2.61   
1941 -2.92  -2.94  -3.19  -2.74  -3.01   0.49  -0.52   0.17   2.10   2.37   2.53   2.57   
1942 2.28   2.36   2.51   1.68   3.04   3.45   3.88   3.76   3.54   3.18   3.43   2.94   
1943 3.34   3.17   2.97   2.84   2.51   3.45   3.39   3.45  -0.68  -0.52  -0.93  -1.27   
1944 -1.83  -1.60  -1.38  -1.63  -2.03   2.29   2.49   2.99  -0.10  -0.94  -0.87  -0.85   
1945 -0.89  -0.86  -0.94   0.06   0.38   1.13  -0.29  -0.72   0.55   0.27   0.31   0.51   
1946 -0.25  -0.54  -0.93  -1.94  -1.87  -2.00  -1.76  -2.32   1.27   2.75   2.98   3.21   
1947 2.79   2.69   2.99   2.63   1.46   2.52   2.13   1.95   2.90   2.22   2.58   2.14   
1948 2.16   1.82   1.57   1.12   1.59   2.82   3.98   3.75   2.84   1.84   2.10   2.15   
1949 2.35   2.87   3.11  -0.69  -0.73  -0.66  -0.55  -1.15  -1.16   0.51  -0.89  -0.83   
1950 -0.51  -0.79   0.62   0.98   0.65   0.94   1.42   1.64   1.72   1.32   1.83   1.85   
1951 1.66   1.86   2.08   2.47   2.16   2.26   2.73   3.68   3.70   4.05   3.73   4.39   
1952 4.11   4.18   4.18  -0.80  -0.17  -0.64  -0.68  -0.52  -1.14  -1.67   0.32  -0.37   
1953 0.09   0.56   0.16   0.79   2.76   3.31   3.28  -0.05  -0.53  -1.19  -1.75   0.01   
1954 0.66   0.24   0.62   0.81   0.27   0.99   0.60   1.18   1.22   1.29  -0.79  -1.28   
1955 -1.57   0.07   0.24   1.00   1.37   1.16   2.26  -0.72  -1.26  -1.66   0.82   1.45   
1956 0.03  -0.08  -0.11  -0.12  -0.28  -0.89  -0.88  -0.66  -1.39  -1.51  -1.67  -1.66   
1957 0.19   0.12   0.06   0.24   0.68   1.09  -0.35   0.01   0.03   0.67   0.72   0.34   
1958 0.02   0.59   0.94   1.07  -1.36   0.89   1.74  -0.53  -1.06  -1.33   0.63   1.13   
1959 1.54   2.26   1.83   1.79   2.28   2.00   1.58   1.07   1.44   1.95   2.84  -0.30   
1960 -0.24  -0.13  -0.25   0.52  -0.15  -1.12  -1.89  -1.21  -1.91  -2.38  -2.35  -2.48   
1961 -2.80  -3.07  -3.10  -2.38  -2.61  -4.15  -4.64  -5.51   0.77   0.70   0.89   0.61   
1962 0.61   0.67  -0.17  -0.82   1.92   2.04   2.66   3.27  -0.53   0.31   0.32   0.08   
1963 0.38  -0.02  -0.71  -0.44  -0.49  -0.06  -0.36  -0.86  -1.12  -1.53  -1.83   0.12   
1964 -0.03  -0.15  -0.19   0.17   1.20   2.40   2.63   3.24   2.43   1.51   1.62   2.02   
1965 2.12   2.03   1.97   2.50   2.35   3.10   3.73   4.36   5.80  -0.51   0.16   0.02   
1966 0.28   0.32   0.20   0.38  -0.39  -0.65  -0.68  -0.99  -1.86   0.04   0.40   0.46   
1967 0.51   0.50   1.28   2.07   2.41   3.72   3.94   3.20   2.98   3.17   2.86   3.32   
1968 3.15   2.77   1.82   1.60   2.15   2.83   2.56   3.01   3.53   2.80   2.65   2.49   
1969 3.51  -0.13  -0.16  -0.71  -1.33   0.91   1.27  -0.67  -1.43   0.80   0.35   0.04   
1970 0.12   0.30   0.44   1.20   1.71  -0.30   0.31  -0.69  -0.56  -0.34  -0.36  -0.63   
1971 0.72   0.65   0.59  -0.06  -0.28  -0.84  -1.68  -2.01  -1.95  -1.76  -2.06  -1.58   
1972 -0.95  -0.89  -1.24  -1.35  -1.58  -2.46  -2.29  -1.41  -1.68  -1.40  -1.59  -1.53   
1973 -1.84  -2.15  -2.79  -1.93  -2.72  -3.11  -4.06  -4.24  -3.46  -3.19  -2.47  -2.13   
1974 -1.87  -2.00  -1.83  -2.23  -1.20  -2.36  -2.51   1.81  -0.15  -0.46  -0.64  -0.94   
1975 0.38   0.24   0.56   2.43   3.35   4.29   5.73   6.51   5.75   7.07   6.96   6.59   
1976 6.11   5.87   5.59   5.83   4.80   5.01   4.95   4.82   4.38  -0.33  -0.26  -0.55   
1977 -0.35  -0.84  -0.65  -1.59  -1.60  -2.49  -2.33   0.43   1.24   0.86   0.92   1.82   
1978 2.51   2.72   2.40   2.38   3.43   2.99   4.61   4.72   5.62   4.63   4.94   5.06   
1979 4.91   4.97   5.11   5.37  -0.20  -0.21   0.10   0.18  -0.98  -1.33  -1.51  -1.67   
1980 -1.46  -1.14  -0.85  -1.56   0.71   1.00   0.43   0.36   0.17   0.79  -0.33  -0.47   
1981 -0.90  -1.09  -0.95  -1.64   2.40   2.04   2.53   2.20   1.33   1.65   1.08   0.72   
1982 0.78   0.96   1.49   1.67   2.42   2.68   3.27   2.91   3.42   3.19   2.78   2.88   
1983 -0.33  -0.72  -0.94  -1.09  -1.19  -1.33   0.92   0.50   0.84   0.61   0.70   0.66   
1984 0.50   0.27   0.30   0.48  -0.79  -1.14  -2.23  -2.46  -2.09  -1.71  -1.71  -1.40   
1985 -1.77  -1.86  -1.56  -2.27  -3.08  -4.29  -5.41   1.94   3.35   3.68   3.80  -0.22   
1986 -0.54   0.60  -1.17  -0.92  -0.85  -1.52   0.46   0.30   2.08   1.78   1.79  -0.34   
1987 -0.84  -1.05  -0.59  -1.61  -1.43  -2.36  -0.90  -0.73  -1.42  -2.11  -2.52  -2.62   
1988 -2.56  -2.31  -2.43  -2.49  -2.71  -4.14  -4.99  -5.81  -4.89  -4.81  -4.65  -4.39   
1989 0.34   0.44   0.83   1.45   1.40   0.89   1.13   2.29   1.79   1.74   1.60   2.15   
1990 -0.11  -0.43   0.14   0.05   0.63  -0.82  -1.14   0.81  -1.25  -1.58  -1.81  -1.87   
1991 -1.85  -2.57  -2.44   0.94   1.28   1.96  -0.23  -0.69  -0.75  -0.78  -0.45  -0.69   
1992 -1.06  -1.71  -2.64  -2.67  -3.57  -3.31  -2.81  -2.99  -3.38  -2.70  -2.63  -2.44   
1993 -2.08  -1.87  -2.21  -1.69  -1.97   0.45   3.64   5.41   5.49   5.61   5.26   4.75   
1994 4.46   4.15   3.14   3.61  -0.10  -0.63  -0.65  -1.43  -2.27   0.67   0.69  -0.23   
1995 -0.64  -0.89   0.17   0.85   1.55   2.12   3.57   3.48   3.42   3.35   3.11   2.62   
1996 2.73   2.54   2.86   2.48   3.22  -0.63  -0.95  -1.55  -1.39  -1.56   0.56   1.29   
1997 1.34   1.04   0.79   1.23   1.48   2.32   3.79   4.36   3.46   3.29   2.76   2.18   
1998 2.00   1.47   1.66   1.11   0.80   1.85   2.34   2.24  -0.61  -0.75  -0.36  -0.23   
1999 -0.13  -0.20  -0.86  -0.45  -0.31  -0.38  -0.89  -0.48  -0.46  -0.79  -1.37  -1.79   
2000 -2.04  -1.96  -2.62  -2.91  -3.42  -3.94  -4.55  -5.56  -5.27  -4.37  -3.97  -3.91   
2001 -4.07  -3.87  -4.27  -3.97  -5.19  -4.39  -4.02  -5.15  -5.05  -4.88  -5.16  -5.30   
2002 -5.25  -5.06  -4.86  -4.56  -4.49  -3.85  -4.35  -3.32  -3.16  -2.66  -2.95  -3.18   
2003 -3.10  -2.66  -2.40  -1.55  -1.62  -2.04  -3.23  -4.07  -3.94  -3.80  -3.66  -2.94   
2004 -2.75  -2.82  -3.83  -3.99  -3.50  -3.45  -4.10  -3.65  -3.55  -3.19  -3.51  -3.55   
2005 -3.62  -3.96  -3.69  -3.09  -3.04  -1.66  -2.33  -2.42  -2.44   0.27   0.70  -0.05   
2006 -0.55  -0.73   0.23   1.02  -0.28  -0.35  -1.24  -1.72   0.14   1.32  -0.16  -0.38   
2007 -0.68  -0.05  -0.93   0.54   1.58  -0.55  -1.00  -1.75  -1.62  -1.45  -1.21  -1.70   
2008 -1.57  -1.64  -2.12  -2.11   1.41   1.38  -0.36  -0.70   0.22   0.27   0.06   0.43   
2009 0.28   0.03   0.15   0.94  -0.92  -1.22   0.46   0.85   0.01   1.57  -0.43  -0.34   
2010 -0.01  -0.03  -1.10   0.37   1.00   1.68   1.78   2.96   3.16   2.32   3.09   3.41   
2011 3.22   3.58   3.60   4.55   6.73   7.06   7.06   6.45  -0.90   0.69   0.63   0.33   
2012 0.53   0.56  -0.47  -0.11  -0.24  -1.29  -1.96  -2.94  -3.97  -2.89  -2.19  -2.22   
2013 -2.27  -2.29 -99.99 -99.99 -99.99 -99.99 -99.99 -99.99 -99.99 -99.99 -99.99 -99.99   
