1895 1.10   1.75   2.39   1.91   1.69   2.50   2.89   2.54   2.18   1.74   2.12   1.76   
1896 1.66   1.54   1.83   1.86   2.80   2.39   2.75   2.46   3.17   2.30   2.92  -0.71   
1897 0.12   0.17   0.82  -0.31  -1.48  -1.03  -0.93  -1.37  -1.64  -0.03   1.22   1.24   
1898 1.03   0.82   2.09   1.66   3.37   3.77   4.31   3.87   3.29   3.72   3.30   2.84   
1899 3.50   4.16   4.77   4.34   4.84   4.53   4.83   4.70   3.94   4.23  -0.81  -0.60   
1900 -1.05  -0.91  -1.17  -0.05  -0.04  -1.26  -1.78  -1.71  -1.18  -1.42  -1.47  -1.72   
1901 -1.87  -1.87  -2.11  -2.10  -1.37  -0.76  -1.15  -1.78  -1.22  -1.88  -2.32  -1.57   
1902 -1.80  -1.84  -1.90  -2.03   0.96   0.78   1.11  -0.24  -0.42  -1.04   0.04   0.32   
1903 0.18   0.15   0.28   0.44   0.80   0.33   1.26   1.37   1.54   0.92   1.20   1.00   
1904 1.26   1.88   3.15  -0.40  -0.13  -0.44  -0.23  -0.29  -1.04  -1.67  -2.44  -2.44   
1905 -2.13  -2.13  -2.50  -2.53   0.75   1.39   1.60  -0.38  -0.53  -0.27  -0.37  -0.86   
1906 -0.68  -0.63  -0.45  -0.75   1.82   2.56   2.73   4.13   3.62   3.24   3.24   3.34   
1907 3.88   4.17   4.72   4.66   5.23   6.13   7.01   7.76   7.49   6.03   5.11   4.70   
1908 4.36   4.19   4.84   4.07   6.91   7.52   7.68   7.76   7.44   8.02   6.88   6.42   
1909 7.06   6.90   7.04   7.10   7.18   7.53   8.60   8.50   8.81   7.49   7.50   7.14   
1910 7.27   7.51   6.43   5.30   5.39   4.39   3.88   3.39   4.26   4.30   4.33   3.78   
1911 4.39   4.36   3.52   3.43   3.86   4.07   4.19   4.66   5.45   5.70   5.94   5.69   
1912 5.53   5.35   5.60   5.59   6.11   5.17   5.86   6.79   7.61   8.33   7.52   7.12   
1913 7.55   7.38   7.72   6.84   6.39   6.53   6.94   6.88   6.33   6.84   6.09   5.50   
1914 5.38   5.35   4.95   4.74   4.32   4.58   4.48   4.08   3.62   3.83  -0.45  -0.91   
1915 -0.77  -0.92  -1.03  -1.60   1.02   2.74   4.74   5.70   6.98   6.25   5.87   5.73   
1916 5.96   6.07   6.17   5.45   5.65   6.35   7.15   7.46   7.44   7.65   7.11   6.91   
1917 6.70   6.91   7.19   7.46   8.15   7.20   6.45   5.48   4.99   4.58   3.08   3.87   
1918 4.36   4.22   3.65   3.55   3.10   1.92   2.10   2.46   3.09  -0.24  -0.31  -0.71   
1919 -1.05  -0.99  -1.29  -1.97  -2.74  -4.41  -5.35  -5.94  -5.64   1.48   1.65   1.64   
1920 1.68   1.80   2.14   3.64   3.96   3.73   4.06   4.17  -0.26  -0.03  -0.35  -0.62   
1921 -0.60  -0.99  -0.64  -0.72  -0.43  -0.13  -0.15  -0.66  -0.87  -1.77   0.55   0.93   
1922 0.97   0.89   0.67   1.59   2.18   1.99   2.81   3.16   2.34   1.95   2.06   2.12   
1923 2.22   2.13   2.08   1.88   2.22   3.06   4.15   4.98   5.53   5.99   5.30   5.06   
1924 4.84   4.81   5.44   4.54   3.70   3.47   3.37   3.03   2.69   3.18   3.28   3.34   
1925 3.16   2.88   2.95   3.08   2.54   2.79   2.85   2.66   3.68   4.96   4.39   4.40   
1926 4.42   4.09   3.59   2.48   2.13   1.79   1.69   1.96   3.20   2.79   2.76   2.32   
1927 2.26   2.14   1.97   2.28   4.59   4.60   5.18   6.09   6.21   5.93   6.42   6.21   
1928 6.28   5.95   5.63   5.17   3.87   4.84   5.72   5.87   4.61   4.44   4.03   3.53   
1929 3.35   3.31   3.71   3.60   3.51  -0.08  -0.02  -0.54   0.41   0.19   0.42   0.67   
1930 0.67  -0.57  -0.37  -0.78  -0.90  -1.64  -2.16   0.20   0.47   1.35   0.03  -0.49   
1931 -0.88  -1.10  -1.48  -1.95  -2.69  -3.91  -4.66  -5.32  -4.82  -4.57  -4.26  -4.36   
1932 -4.12  -4.21  -3.37  -3.13  -3.44  -2.88  -3.16  -3.31  -3.65  -2.09  -2.16  -2.08   
1933 -1.81  -1.63  -2.01  -1.52  -1.21  -2.51  -3.46  -1.95  -2.59  -2.61  -2.90  -2.62   
1934 -2.95  -3.08  -3.02  -4.09  -5.73  -5.82  -6.56  -7.17  -6.64  -6.73  -7.09  -6.54   
1935 -6.48  -6.49  -5.55  -5.11  -4.05  -4.30  -4.10  -4.17  -4.63  -4.57  -4.29  -4.26   
1936 -4.15  -3.41  -3.77  -3.88  -5.29  -5.86  -6.98  -7.17  -6.74  -6.40  -6.12  -5.96   
1937 -5.92  -5.52  -5.30  -5.64  -6.54  -5.98  -6.39  -7.13  -6.78  -6.07  -5.51  -4.86   
1938 -4.73  -4.69  -4.01  -4.17   1.07   1.21   1.80   1.73   0.59   1.36   1.45  -0.31   
1939 -0.46  -0.51  -0.77  -1.31  -1.77  -0.65  -1.06  -1.16  -1.76  -1.83  -2.65  -2.91   
1940 -2.57  -2.26  -2.88  -1.71  -2.60  -2.55  -2.81  -3.57  -3.60  -3.20  -2.63  -2.74   
1941 -3.10  -3.21  -3.56   0.78  -0.72  -0.72  -0.82  -0.77   2.65   2.86   2.98   3.29   
1942 3.15   3.08   3.11   2.71   4.24   3.91   4.06   3.64   3.61   3.31   3.79   3.33   
1943 3.59   3.45   3.70   2.94   2.59   2.96   2.65   2.56  -0.60  -0.80  -1.17  -1.57   
1944 -1.86  -1.94  -2.23  -2.81  -3.19   2.88   3.40   3.56   3.75   2.52   2.08   2.10   
1945 1.78   1.55   1.66   1.48   1.74   2.62   2.59   2.86   2.89  -0.54  -0.32  -0.07   
1946 -0.11  -0.29  -0.25  -1.42  -1.21  -1.15  -1.45  -1.83   0.71   1.93   1.73   1.97   
1947 1.61   1.63   1.95   2.02   1.33   2.24   2.17   1.77   1.94   1.13   1.48   1.32   
1948 1.57   1.53   1.54   1.12   0.69   0.98   1.56  -0.18  -1.00  -1.87  -1.85  -1.77   
1949 -1.16  -1.03  -0.69  -1.48  -2.05  -2.47  -2.69  -3.43  -2.89  -1.76  -2.51  -2.46   
1950 -2.30  -2.46  -2.24  -2.04  -2.05   0.09   0.37   0.21   0.70  -0.58  -0.20  -0.17   
1951 -0.19  -0.29  -0.15  -0.17  -0.71   0.09   0.26   1.00   1.14   1.78   1.42   1.62   
1952 1.41   1.59   0.03  -0.90  -0.43  -1.01  -0.88  -1.03  -1.81  -2.38  -2.37  -2.63   
1953 -2.49  -2.07  -2.57  -2.06  -1.59  -1.78  -2.37  -2.38  -2.78  -2.87  -3.27  -3.32   
1954 -2.93  -3.42  -2.63  -2.76  -3.02  -3.14  -3.74  -3.76  -3.80  -3.56  -4.32  -4.45   
1955 -4.74  -4.06  -3.62  -2.89  -2.02  -1.83  -1.72  -2.36  -2.55  -2.54   0.32   1.39   
1956 1.26   0.97   0.78   1.29   1.27  -0.99  -1.11  -0.74  -1.27  -1.59  -1.27  -1.35   
1957 -1.32  -1.37   0.04   1.37   2.48   3.63   4.05   4.42   3.95   3.96   4.31   3.55   
1958 3.06   3.04   2.97   3.61   2.00   2.62   3.92   4.05   3.13   2.34   2.59   2.65   
1959 2.32   2.67   2.21   2.52   2.60  -0.35  -0.47  -0.88   0.00   0.20   0.66  -0.38   
1960 -0.62  -0.73  -1.02  -1.06  -1.56  -2.39  -3.46  -2.95  -3.61  -3.65  -3.47  -3.38   
1961 -3.72  -3.82  -4.40  -4.04  -3.91  -5.41  -6.04  -6.31   2.05   2.67   2.81   2.42   
1962 2.79   3.05   3.05   2.03   2.69   2.80   3.73   4.37   4.00   3.16   3.08   2.48   
1963 2.88   2.48   1.75   2.41   2.33   2.85   2.93  -0.42  -0.30  -1.12  -1.62  -1.27   
1964 -1.54  -1.59  -1.80   1.01   1.12   2.26   2.09   3.08   1.99   1.35   1.38   1.99   
1965 2.29   2.25   2.12   2.11   2.07   2.26   2.55   3.41   4.36  -0.61  -0.91  -0.96   
1966 -1.07  -1.18  -1.30  -0.96  -1.61  -2.08  -2.58  -2.65  -2.50  -2.50   0.25  -0.16   
1967 -0.29   0.04   0.49   0.75   0.76   2.39   2.83   2.51   2.09   1.95   1.91   2.15   
1968 2.42   2.25   1.73   1.57   1.80   3.24   3.37   4.80   4.74   4.01   4.28   4.12   
1969 4.58   4.03   3.64   3.45   2.58   4.27   4.83   4.60   3.44   3.76   3.36   2.92   
1970 2.86   2.90   3.38   4.31   5.08   4.50   4.57   3.50   3.93   3.68   3.60   3.22   
1971 3.62   3.87   3.96   4.08   3.62   2.82   2.38   2.11   2.19   3.68   3.28   3.27   
1972 3.93   3.98   3.42   3.12   2.81   2.17   2.65   3.54   3.66   3.99   3.55   3.44   
1973 3.18   2.67   2.79   3.88   2.90   2.33   1.92   1.68   2.53   2.03   2.21   2.39   
1974 2.11   1.71   1.84   1.73   2.16   1.64   1.75   2.48   2.54   3.26   2.79   2.37   
1975 3.14   3.14   3.49   4.14   5.22   5.35   6.53   6.16   5.02   5.97   6.33   6.45   
1976 6.16   6.18   6.09   6.72   5.52   5.62   5.34   5.15  -0.02   0.07  -0.16  -0.52   
1977 -0.31  -0.83  -0.49  -1.47  -1.39  -2.24  -2.67   0.43   0.17   0.01   0.31   1.07   
1978 1.60   2.28   1.80   1.94   4.27   3.59   4.26   3.89   5.36   4.52   5.24   5.47   
1979 5.35   5.30   5.43   5.08   4.38   3.90   3.79   3.72  -1.11  -1.05  -1.14  -1.39   
1980 0.38   0.75   1.65  -0.97  -0.35  -0.53  -0.75  -0.53  -0.41  -0.01  -0.18  -0.24   
1981 -0.65  -0.75  -1.35  -2.16   2.47   2.40   2.86  -0.26  -1.09  -0.46  -0.74  -0.73   
1982 -0.70  -0.79   0.70   0.84   1.02   2.47   3.23   3.47   4.04   3.59   3.22   3.44   
1983 -0.32  -0.71  -0.88  -1.13  -0.82  -1.15  -0.82  -1.17   0.76   0.71   0.86   1.12   
1984 0.96   0.80   0.55   1.04  -0.50  -0.77  -0.89  -1.19  -0.80  -0.89  -0.92  -0.78   
1985 -1.02  -1.15  -0.59  -1.57  -2.42  -3.00  -3.22   0.35   0.88   0.55   0.89   0.50   
1986 0.10   1.05  -0.95  -0.48  -0.57  -0.75  -0.52  -0.64   0.94   0.69   1.21  -0.45   
1987 -0.77  -0.89  -0.98  -2.30  -1.74  -2.80   1.16   1.76  -0.60  -1.44  -1.94  -2.15   
1988 -2.30  -1.96  -2.44  -2.53  -2.08  -3.41  -4.67  -5.58  -5.04  -5.01  -4.49  -4.21   
1989 0.23   0.20   1.03   1.35   1.45   1.09   1.05   1.23  -0.60   0.73   0.59   1.27   
1990 -0.15  -0.24  -0.30   0.16   0.50  -0.61  -0.79  -0.52  -1.60  -1.30  -1.56  -1.75   
1991 -1.83  -2.27  -2.62   1.27   1.52   1.76   1.35   0.60   1.37   1.41   1.74  -0.26   
1992 -0.68  -1.42  -1.98  -1.74  -1.94   1.20   2.18  -0.04  -0.39  -0.46  -0.63  -0.38   
1993 -0.41  -0.56  -0.99   0.51   0.01   0.51   3.50   4.33   3.90   4.19   3.81   3.33   
1994 3.18   3.15   2.56   2.75   1.94   1.56   2.40   1.77   1.21   2.74   2.81   2.60   
1995 2.55   2.42   3.23   3.92   4.37   4.60   5.78   6.00   5.42   5.41   5.21   4.63   
1996 4.64   4.52   5.13   4.68   5.82   4.64   4.11   2.99   2.73   2.49   2.51   3.04   
1997 3.32   3.04   2.63   3.12   3.03   3.56   5.39   6.25   5.50   5.39   4.96   4.54   
1998 4.53   3.93   3.97   3.37   2.13   3.05   3.30   3.18  -0.43   0.08   0.12   0.29   
1999 0.63  -0.20  -1.02  -0.17  -0.40  -0.66  -1.09  -0.61  -0.77  -1.40  -1.95  -2.10   
2000 -2.05  -1.31  -1.77  -2.15  -2.06  -2.45  -3.18  -4.05  -3.90  -3.59  -3.42  -3.29   
2001 -3.52  -3.36  -3.91  -3.95  -4.99  -4.13  -4.48  -5.53  -5.65  -5.25  -5.33  -5.37   
2002 -5.20  -5.13  -5.26  -4.69  -4.33  -4.52  -4.86  -4.77  -4.62  -3.98  -4.12  -4.19   
2003 -3.67  -2.79  -2.18  -2.23  -1.86  -1.77  -2.54  -3.37  -3.87  -3.58  -3.46  -3.00   
2004 -3.14  -2.69  -3.86  -4.51  -4.64  -4.51  -4.48  -4.52  -4.14  -3.11  -3.39  -3.50   
2005 -3.48  -3.67  -4.02   0.47   1.10   1.23   1.06   0.95   0.56   1.00   1.51   0.03   
2006 -0.37  -0.53  -0.24  -0.36  -1.17  -2.05  -2.90  -3.48   0.41   1.83   1.63   1.35   
2007 0.97   1.11   0.43   0.79   1.52   1.34   1.38  -0.56  -0.80   0.78  -0.13  -0.42   
2008 -0.49  -0.66  -1.15  -1.62   1.64  -0.28  -0.24  -0.64   0.73   1.14   0.61   0.92   
2009 0.75   0.67   1.30   1.80   0.83   1.02   1.59   2.09   1.10   2.02  -0.28  -0.32   
2010 -0.23  -0.29  -1.25  -1.42   0.55   0.89   0.93   1.89   1.49   0.81   1.60   1.63   
2011 1.41   1.46   1.67   2.06   5.20   4.82   5.13   4.71  -1.01  -0.74  -0.78  -0.94   
2012 -1.09  -1.22  -2.36  -2.82  -2.82  -4.29  -5.40  -6.19  -6.85  -6.09  -5.85  -5.63   
2013 -5.33  -5.17 -99.99 -99.99 -99.99 -99.99 -99.99 -99.99 -99.99 -99.99 -99.99 -99.99   
