1895,0.79,1.40,1.88,1.86,1.66,2.27,3.01,2.82,2.26,1.84,2.22,1.84
1896,1.70,1.66,2.01,2.52,3.48,2.97,3.17,2.69,3.32,2.62,3.29,2.57
1897,2.75,2.69,3.24,-0.40,-1.55,-0.75,-0.10,-0.62,-1.29,-1.40,0.56,0.37
1898,0.09,0.04,0.57,0.30,1.48,1.75,1.93,1.43,0.89,1.99,1.71,1.32
1899,1.56,1.93,2.36,2.10,3.16,2.99,3.48,3.82,-0.42,-0.07,-0.83,-0.71
1900,-1.05,-0.92,-0.90,1.00,-0.34,-1.69,-1.97,0.90,1.70,-0.33,-0.43,-0.70
1901,-0.81,-0.85,-0.97,-1.00,-1.05,0.80,-0.42,-1.13,0.86,-0.35,-0.70,0.30
1902,0.02,0.06,0.39,0.17,1.44,1.42,1.82,1.70,1.23,0.83,0.65,0.94
1903,0.70,0.64,0.61,0.71,1.31,0.72,1.81,2.66,3.04,2.27,2.11,1.96
1904,1.91,2.21,3.02,-0.30,-0.08,-0.42,-0.35,-0.49,-1.10,-1.68,-2.24,-2.09
1905,-1.89,-1.79,-2.03,-0.03,0.64,1.66,2.43,-0.19,-0.48,-0.39,-0.15,-0.61
1906,-0.64,-0.60,-0.35,-0.62,1.82,2.83,2.78,3.74,3.63,3.28,3.42,3.48
1907,3.83,3.89,4.08,4.00,4.78,5.97,7.78,8.73,8.48,7.09,6.14,5.48
1908,4.97,4.90,5.07,4.30,6.60,7.40,8.26,8.61,8.03,8.43,7.60,7.01
1909,7.09,6.61,6.15,6.17,7.11,7.56,9.49,9.87,9.70,8.40,7.81,7.67
1910,7.50,7.51,5.95,4.78,4.62,3.55,2.90,2.44,3.10,2.69,2.56,2.12
1911,2.15,2.14,1.05,1.00,1.38,1.39,0.97,1.68,2.48,2.91,2.95,2.76
1912,2.44,2.02,1.94,2.17,3.30,2.39,3.57,4.69,5.53,5.67,4.85,4.35
1913,4.39,3.99,4.05,3.15,2.97,3.10,3.25,3.42,3.17,3.95,3.28,2.69
1914,2.43,2.51,2.14,2.19,2.20,3.18,2.89,2.75,2.44,2.68,-0.32,-0.51
1915,-0.38,-0.49,-0.59,-1.29,0.17,1.80,4.31,4.55,5.71,5.34,4.98,4.57
1916,4.66,4.50,4.45,3.91,4.26,5.56,6.83,7.37,7.03,6.82,6.16,5.92
1917,5.74,5.73,5.57,5.88,5.91,5.24,4.83,3.91,3.49,3.48,2.36,2.80
1918,3.08,2.87,2.18,2.46,2.24,0.65,1.01,1.77,2.09,-0.74,-0.55,-0.46
1919,-0.67,-0.47,-0.63,-1.19,-1.37,-3.02,-3.77,-4.29,-4.22,1.12,1.35,1.25
1920,1.28,1.31,1.53,2.72,3.24,3.37,4.07,4.17,-0.21,-0.69,-0.90,-1.07
1921,-1.11,-1.29,-1.03,-0.82,-0.72,-0.84,-0.74,-1.15,-0.75,-1.47,0.31,0.37
1922,0.44,0.44,0.17,1.06,2.05,1.91,2.85,2.84,1.88,1.53,2.09,2.07
1923,2.09,2.02,1.76,1.77,1.84,2.85,3.96,4.39,5.27,5.02,4.28,3.80
1924,3.35,3.22,3.27,2.96,2.41,2.76,2.47,2.11,1.96,2.42,2.29,2.25
1925,2.13,1.90,1.61,1.83,1.21,1.61,1.16,0.65,1.26,2.21,1.85,1.73
1926,1.85,0.05,-0.43,-1.17,-1.43,-1.67,-1.80,0.33,1.48,1.33,1.23,0.96
1927,0.87,0.77,0.64,0.88,3.94,3.76,4.97,6.30,6.09,5.75,5.70,5.58
1928,5.30,4.81,4.30,3.90,2.73,3.54,4.84,5.23,4.32,3.83,3.44,2.92
1929,2.83,2.73,2.89,2.76,3.27,2.80,2.25,1.16,1.89,2.13,2.17,2.21
1930,-0.04,-0.20,-0.29,-0.78,-1.13,-1.87,-2.65,-2.63,-2.40,-1.24,-0.95,-1.20
1931,-1.52,-1.09,-0.76,-1.47,-2.38,-3.49,-3.93,-4.38,-4.30,-4.12,-3.79,-3.61
1932,0.30,0.09,0.42,1.41,0.88,0.91,0.84,1.22,-0.61,1.47,1.17,1.06
1933,1.56,1.51,1.41,1.95,2.72,-0.98,-1.33,-1.19,-1.70,-1.95,-1.96,-1.32
1934,-1.32,-1.55,-1.25,-1.83,-3.79,-4.76,-5.73,-6.26,-5.77,-6.09,-6.11,-5.56
1935,-5.38,-5.14,-4.12,-3.54,-2.99,-2.99,-2.52,-2.48,-2.95,-2.99,-2.72,-2.42
1936,-1.94,-1.60,-1.43,-1.52,-2.80,-4.34,-5.61,-6.13,-6.09,-5.91,-5.23,-4.80
1937,-4.43,-4.17,-3.80,-3.98,-4.90,-4.70,-4.58,-5.25,-5.03,-4.74,-4.44,-3.81
1938,-3.43,-3.18,-2.66,-3.15,-2.23,-2.66,-2.29,-2.54,-2.81,-3.10,-2.69,-2.67
1939,-2.52,-2.32,-2.49,-2.67,-2.84,-1.74,-2.08,-2.44,-2.79,-3.11,-3.59,-3.38
1940,-3.32,-2.83,-2.54,-0.99,-1.43,-1.35,-1.02,-1.56,-2.20,0.90,1.05,-0.06
1941,-0.43,-0.62,-0.81,-0.52,-0.66,0.07,0.13,0.59,2.73,3.20,2.89,2.74
1942,2.31,2.13,2.15,2.11,3.26,4.15,4.73,4.98,4.80,4.22,4.10,3.44
1943,3.73,3.42,3.14,2.09,1.60,2.48,2.96,3.91,2.83,2.79,2.61,2.04
1944,2.08,1.91,2.04,1.93,1.82,5.56,6.46,7.52,6.84,5.38,5.17,4.68
1945,4.44,3.91,4.10,3.70,3.99,4.30,4.22,4.01,4.31,-0.35,-0.38,-0.36
1946,-0.50,-0.79,-0.96,-1.97,0.82,0.73,0.44,0.06,1.46,3.50,3.16,3.31
1947,2.98,2.66,2.82,3.07,2.47,3.88,4.07,4.20,3.30,2.30,2.07,1.73
1948,1.77,1.85,1.52,1.43,0.84,1.47,2.96,-0.16,-0.90,-1.59,0.59,0.38
1949,0.91,0.98,1.07,-0.72,-1.33,-2.14,-2.50,-3.20,-3.39,-2.22,-2.70,-2.42
1950,-2.49,-2.29,0.72,1.06,0.99,1.14,1.26,1.20,1.63,-0.53,-0.50,-0.60
1951,-0.82,-0.91,-1.04,-1.24,-1.76,-1.43,-1.57,1.27,1.60,1.66,1.39,1.79
1952,1.37,1.55,1.50,-1.26,-1.65,-2.27,-2.26,-2.68,-3.29,-3.67,-3.54,-3.63
1953,0.04,0.36,0.09,0.85,2.18,2.32,2.66,3.36,-0.51,-0.15,-0.64,-0.82
1954,-0.71,-1.12,-0.41,-0.65,-1.22,-1.35,-2.24,-1.22,-1.45,-1.52,-2.13,-2.45
1955,-2.57,-2.07,-2.29,-2.18,-0.89,-0.96,-1.11,-2.15,-2.57,-2.68,-2.15,-1.77
1956,-1.86,-2.04,-2.28,-2.39,-1.98,-3.35,-3.24,-2.34,-2.86,-3.20,0.47,-0.26
1957,-0.42,-0.53,0.02,0.70,0.48,1.22,0.69,1.20,-0.14,-0.26,0.40,-0.48
1958,-0.72,-0.63,-0.82,-0.56,-1.99,0.57,1.60,-0.68,-1.58,0.45,0.86,0.99
1959,0.95,1.55,-0.49,-0.42,-0.39,-1.04,-1.85,-2.61,-1.94,-1.77,-1.22,-1.50
1960,-1.63,-1.45,-1.33,-1.74,-2.39,-2.60,-3.75,-3.67,-4.18,-4.41,-4.34,-4.03
1961,-4.12,-3.63,-4.10,-3.69,-3.62,-5.06,-5.61,-6.19,1.47,1.49,-0.08,-0.27
1962,-0.36,-0.50,-0.51,-1.16,1.03,0.71,1.85,-0.14,0.19,-0.12,-0.26,-0.48
1963,0.25,0.65,0.01,1.30,1.09,2.14,2.56,-0.36,0.34,-0.92,-1.24,-1.27
1964,-1.22,-1.23,-1.33,-1.12,-1.25,0.89,-0.86,1.21,-0.68,-1.19,0.69,0.73
1965,1.00,0.90,0.62,0.88,1.08,1.30,1.81,1.75,2.22,-0.92,-1.09,-1.30
1966,-1.40,-1.36,-1.38,-1.17,-1.79,-2.10,-2.36,-2.39,-2.35,-2.32,-2.15,-1.99
1967,-1.97,0.05,0.09,1.05,0.97,2.01,1.89,0.90,2.54,-0.13,-0.24,0.16
1968,0.23,-0.02,-0.60,-0.91,0.25,1.26,0.83,2.58,2.01,1.42,1.56,2.09
1969,2.14,1.69,1.39,2.03,1.50,2.09,3.19,2.37,1.14,1.40,0.88,1.16
1970,1.20,1.25,1.35,2.19,3.52,2.96,3.29,2.51,2.65,2.55,2.71,2.35
1971,3.37,3.40,3.01,2.91,2.89,2.67,1.91,1.59,1.88,5.26,5.07,4.86
1972,4.92,4.98,4.81,4.18,4.72,4.72,5.50,6.37,5.70,5.29,4.49,4.27
1973,3.57,3.07,2.66,4.18,3.77,4.46,4.11,3.96,5.46,5.02,4.29,4.10
1974,3.46,2.97,2.56,2.49,3.42,2.43,2.43,2.51,2.00,2.30,2.09,1.60
1975,1.81,1.53,1.63,2.92,4.19,5.09,5.96,5.96,4.98,5.06,4.93,4.84
1976,4.44,3.91,3.40,3.55,3.12,4.01,4.15,3.96,-0.46,-0.38,-0.41,-0.58
1977,0.40,0.22,0.75,-0.99,-1.50,-2.00,-2.49,0.34,1.32,1.53,1.63,2.00
1978,1.76,2.27,1.72,1.22,4.23,3.92,5.30,5.24,5.88,4.78,5.64,5.46
1979,4.90,5.18,4.65,4.28,0.04,-0.74,-0.10,-0.50,-1.14,-1.49,-1.53,-1.80
1980,-1.84,-1.68,-1.72,-2.65,-3.83,-4.12,-5.17,-3.91,-3.96,-2.85,-2.89,-2.69
1981,-2.81,-2.82,-3.40,-4.31,-3.87,-3.75,-4.06,-3.96,-4.18,-3.48,-3.40,-3.26
1982,0.30,0.05,0.73,0.63,1.83,2.41,2.84,3.14,3.42,4.42,3.90,3.99
1983,3.71,-0.22,0.31,-0.48,-0.36,-0.74,-0.59,-0.99,-1.11,-1.31,-1.01,-0.86
1984,-0.96,-1.16,0.11,0.58,-0.56,-0.05,-0.63,-0.79,-0.52,-0.77,-0.69,-0.22
1985,-0.51,-0.81,-0.22,-0.74,-1.51,-2.11,-2.14,0.09,0.69,0.55,0.98,1.14
1986,1.17,1.46,-0.94,-0.93,-0.26,-0.85,-1.37,-1.84,2.91,2.67,2.94,-0.31
1987,-0.46,-0.55,0.71,-1.15,-0.30,-1.32,0.97,1.92,-0.05,-0.66,-1.06,-1.32
1988,-1.43,-1.23,-1.50,-2.33,-3.65,-5.53,-6.75,-7.00,-6.13,-5.99,-5.56,-5.11
1989,-4.51,-4.27,0.81,1.87,1.84,1.35,1.48,1.08,0.15,0.33,0.52,1.23
1990,-0.01,-0.34,-0.56,-0.12,-0.34,-0.73,-1.16,-1.69,-2.49,-2.45,-2.67,-2.63
1991,-2.47,-2.53,-2.91,1.37,1.93,2.44,-0.52,-1.17,1.14,0.96,0.98,-0.49
1992,-0.90,-1.41,-1.88,-1.15,-1.84,-2.08,-1.29,-1.16,-1.44,-1.45,-0.97,-0.87
1993,-0.77,-0.81,-0.97,-0.86,-1.41,1.09,4.96,5.50,4.64,4.51,4.06,3.68
1994,3.84,3.74,3.18,3.25,-0.65,-1.15,-1.10,-1.76,-1.78,1.44,1.39,0.94
1995,0.78,0.75,1.40,1.78,3.05,2.81,3.71,3.84,2.95,3.29,3.09,2.61
1996,2.90,2.66,3.07,2.54,4.06,3.38,3.38,2.70,2.72,2.73,2.84,2.76
1997,2.70,2.28,1.85,2.24,2.34,1.53,3.14,2.99,-0.78,-0.63,-0.79,-1.01
1998,-0.98,0.41,1.05,-0.53,-1.66,0.20,0.12,0.74,0.25,2.10,2.22,2.07
1999,2.24,2.27,1.39,2.18,2.56,2.60,2.81,3.92,3.92,-0.33,-0.75,-0.93
2000,-1.19,-0.71,-1.33,-1.31,-1.69,-2.14,-1.94,-2.91,-2.95,-2.93,-1.49,-1.55
2001,-1.69,-1.63,-1.65,-1.63,-2.42,0.88,1.93,-1.12,-1.28,-1.45,-1.95,-2.24
2002,-2.21,-2.17,-2.08,-1.94,-2.21,-2.97,-3.47,-3.05,-2.87,-2.58,-2.99,-3.06
2003,-2.66,-2.33,-0.82,-1.25,-1.09,-0.84,-1.68,-2.52,-2.20,-2.07,-2.09,-1.70
2004,-1.61,-1.34,-2.16,-3.09,-3.43,-4.09,-4.05,-3.61,-3.20,-2.39,-2.66,-2.66
2005,-2.76,-2.87,-3.10,0.11,1.36,2.49,1.97,1.83,1.14,2.29,2.27,2.29
2006,1.66,1.42,1.48,2.86,-0.02,-0.84,-1.60,-1.80,0.99,1.41,-0.20,-0.56
2007,-0.95,0.57,0.80,0.84,2.94,2.69,2.73,0.04,-0.28,-0.47,-0.85,-1.09
2008,-1.20,-1.07,-1.45,-1.54,2.17,2.36,2.51,2.28,2.12,2.73,2.69,2.59
2009,2.28,1.98,2.41,2.55,2.14,2.16,2.60,3.46,2.37,3.26,2.39,2.34
2010,2.08,1.86,1.09,1.34,3.43,3.95,5.37,5.97,6.04,5.01,5.02,4.43
2011,4.67,4.90,4.85,5.31,9.90,9.52,10.10,9.75,-0.67,-0.74,-0.89,-0.93
2012,-0.79,-0.65,-2.20,-2.47,-2.66,-3.87,-4.28,-4.49,-5.07,-4.18,-3.82,-3.65
2013,-3.46,-3.45,-99.99,-99.99,-99.99,-99.99,-99.99,-99.99,-99.99,-99.99,-99.99,-99.99
