1895 0.39   0.89   1.90   2.22   2.52   3.94   4.85   5.48   4.81   4.32   4.33   3.78   
1896 3.56   3.05   3.76   4.38   4.15   4.07   5.04   4.84   4.97   4.62   4.65   3.88   
1897 3.57   3.30   4.11   4.16   3.08   3.23   3.20   3.66   2.77   3.73   3.43   3.46   
1898 3.25   2.70   2.70   2.30   3.65   3.56   3.53   3.28   3.02   2.61   2.34   2.15   
1899 2.17   2.46   2.88   2.06   1.76   1.51   1.87   2.18  -0.79  -0.31  -0.61  -0.51   
1900 -0.90  -0.41  -1.15   1.89  -1.18  -1.98  -1.43  -1.14  -1.35  -1.52  -1.67  -1.75   
1901 -2.00  -1.72  -1.25  -0.91  -1.29  -0.65  -1.79  -1.80  -0.75  -0.78  -1.14  -0.93   
1902 -0.82  -0.93  -0.93  -1.34  -1.96  -1.92   0.94   0.02   0.93   0.81   0.34   0.57   
1903 0.45   0.95   0.81   0.43   0.56   0.81   1.56   2.40   2.10   1.65   1.51   1.12   
1904 0.87   0.87   1.20   0.83   1.00   2.01   2.90   3.42   3.16   3.37   2.48   1.90   
1905 2.42   2.17   1.85   2.93   4.13   4.88   6.02   7.18   7.68   7.33   6.76   5.91   
1906 5.47   5.15   6.31   7.21   7.28   6.64   6.99   8.65   8.74   9.11   8.35   7.89   
1907 7.45   7.11   6.59   6.29   6.85   6.76   8.21   8.66   8.56   7.49   6.54   6.22   
1908 5.54   5.29   4.52   3.47   4.30   5.05   6.06   7.42   6.49   6.97   6.29   5.50   
1909 4.84   4.87   4.78   4.07   4.18   4.17   4.77   4.68   5.08   4.52   4.32   4.63   
1910 4.28   0.03  -1.40  -2.20  -2.10  -2.51  -3.16  -2.65  -2.22  -1.94  -1.97  -1.62   
1911 -1.44  -1.36  -2.12  -1.87  -2.83  -3.63   0.10   0.39  -0.37   1.47   1.47   1.52   
1912 1.57   1.86   2.98   3.14   2.63   2.64   3.61   5.04   5.78   5.78   5.06   4.51   
1913 4.25   4.20   4.54   4.24   3.55   3.46   3.36   2.81   2.94   2.57   2.08   3.81   
1914 3.33   3.16   2.76   3.16   2.53   2.87   3.12   3.26   2.38   2.63   1.74   1.53   
1915 1.83   2.10   2.44   2.86   3.52   5.03   7.26   9.45  10.50   9.89   9.12   8.84   
1916 8.52   8.09   7.33   6.77   6.69   6.02   5.93   6.75   5.67   5.98   5.36   5.07   
1917 4.76   4.36   4.44   4.77   6.13   5.49   4.85   4.68   4.81   4.20   3.40   3.05   
1918 3.19   3.02   2.06   2.38   1.89   0.89   1.28   1.19   1.66   1.59   1.61   2.00   
1919 1.49   1.82  -0.43  -0.21  -0.65  -0.72  -0.50  -1.21   0.19   1.01   1.89   1.87   
1920 1.58   1.51   1.44   3.42   4.14   4.26   4.69   5.79   4.95   5.16   4.86   4.58   
1921 4.78   4.28   3.45   3.26   3.15   2.90   3.44   0.01  -0.48  -0.51   0.03   0.13   
1922 0.40  -0.19  -0.35  -0.05  -0.18  -0.83  -0.89  -0.91  -1.86  -2.22   1.02   0.93   
1923 0.77   0.57   0.94   1.22   1.93   2.70   3.43   5.02   6.27   6.91   6.14   5.81   
1924 5.27   5.03   5.62   4.85   4.72   4.51   4.67   4.11   4.21   4.10   3.52   4.04   
1925 3.63   3.30   2.46   1.82   1.22   1.44   1.31   1.70   1.15   2.05   1.71   1.76   
1926 2.08  -0.19  -0.38  -0.79  -0.92  -1.24   0.17   1.29   1.28   1.05   1.37   1.29   
1927 1.24   1.35   2.27   3.15   3.38   4.34   4.70   6.21   6.42   5.38   4.91   4.49   
1928 4.05   3.79   3.28   2.28   2.00   2.86   3.72   3.09   2.31   2.90   2.91   2.39   
1929 1.75   1.85   1.94   2.10   2.30   1.80   2.38   1.62   2.57   3.09   2.99   2.44   
1930 2.62   2.03   1.60   1.44   2.03   1.42   1.29   3.73   3.28   3.63   3.78  -0.23   
1931 -0.49   0.09   0.65  -0.60  -1.30  -2.49  -3.52  -3.45  -3.71  -3.36  -2.88  -2.26   
1932 -2.08  -2.00  -1.67  -1.01  -1.71  -2.20  -2.51  -2.34  -2.97  -2.35  -2.62  -2.48   
1933 -2.67  -2.74  -2.57   1.29   1.83  -1.46  -2.21   1.58  -0.28  -1.11  -1.54   0.28   
1934 0.31   0.66  -0.49  -1.48  -3.32  -3.68  -4.74  -4.99  -4.83  -5.06  -5.03  -4.76   
1935 -4.63  -4.45  -0.05   1.88   3.28   3.29   3.03  -0.58  -0.80  -1.28  -1.26  -1.31   
1936 -1.12  -0.79  -1.03  -0.86  -2.23  -2.83  -4.34  -5.04  -5.13  -4.94  -4.11  -3.62   
1937 -3.19  -3.09  -2.59  -3.11  -3.70  -3.79  -4.55  -5.24  -5.28  -4.88  -4.45  -3.83   
1938 -3.56  -3.38  -3.12   0.78   1.24   0.86   1.25   0.79   1.80   0.74   1.02   0.84   
1939 1.49   1.84  -0.15  -0.82  -1.76  -2.04  -3.09  -3.15  -3.61  -3.31  -3.62  -3.38   
1940 -2.79  -2.48  -2.53  -1.78  -3.12  -4.15  -5.04  -5.49  -5.12  -4.75  -4.27  -3.71   
1941 -3.43  -3.16  -2.60  -1.81  -2.72   0.97   1.01   1.00   1.52   2.02   1.52   1.76   
1942 1.34   1.51   1.39   2.97   5.21   5.41   5.35   4.76   4.81   5.41   5.11  -0.09   
1943 -0.13  -0.32   0.36   0.20   0.34   0.17   0.51  -0.82  -1.44  -1.01  -1.38  -1.51   
1944 0.90   1.33   1.67   1.76   1.46   1.60   3.05   2.98   2.20   1.54   2.47   2.44   
1945 2.36   2.50   2.35   2.50   2.19   3.45   3.56   5.01   5.48  -0.38  -0.70  -0.44   
1946 -0.54  -0.55  -0.52  -1.58  -0.50  -0.60  -1.32  -1.44   0.76   1.81   2.01   1.70   
1947 1.58   1.24   0.81   0.67   0.83   4.19   4.21   3.80   3.48   3.16   3.82   3.64   
1948 3.16   3.03   2.97   2.06   1.45   1.76   1.75   1.89   1.73   1.74   2.08   2.09   
1949 3.59   3.01   3.30   2.70   3.18   3.57   3.60   3.73   3.39   3.60  -0.75  -0.93   
1950 -0.85  -0.97  -0.91  -1.11  -1.07  -2.07   0.61   0.95   2.01  -0.67  -0.58  -0.85   
1951 -0.95  -0.97  -1.18  -0.91  -1.09   1.29   2.13   2.42   4.14   4.72   4.04   4.06   
1952 3.52   3.52   3.61   3.09   3.49   0.00  -0.58  -0.46  -0.98  -1.25   0.60   0.42   
1953 0.37   1.09   0.43   1.27   0.46   0.59   1.00   1.28  -0.86  -0.81  -0.54  -0.45   
1954 -0.80  -1.34  -0.67  -1.61  -1.70  -2.15  -2.80  -2.52  -2.67  -2.54  -2.72  -2.69   
1955 -2.36  -1.83  -1.92  -2.37  -1.79  -1.29  -2.02  -2.02  -1.34  -1.85  -1.36  -1.23   
1956 -1.18  -1.26  -1.88  -1.89  -2.47  -3.51  -3.15  -3.14  -3.80  -4.32   0.79  -0.16   
1957 -0.40  -0.78  -0.79   0.59   2.60   2.91   4.10   4.39   3.81   4.25   3.81   3.14   
1958 2.50   2.65   2.80   3.28   2.25   2.88   4.53   4.43  -0.20  -0.68  -0.82   0.36   
1959 0.33   0.29   1.00   0.37   0.75   0.74  -0.68  -1.31   0.85   1.19  -0.23  -0.59   
1960 -0.42  -0.11  -0.37  -0.65  -0.49  -1.07  -2.15  -2.08  -2.56  -2.63  -2.45  -1.99   
1961 -2.26  -2.21   0.30   0.17   1.47  -0.77   0.87   0.14   0.92  -0.28  -0.20  -0.42   
1962 -0.54  -0.34  -0.58  -1.65   0.80   2.44   3.49   3.31  -0.63  -0.44  -0.81  -0.88   
1963 -0.28  -0.41  -0.38  -0.96  -1.52  -1.65  -2.23  -1.90  -0.98  -1.05  -1.49  -1.57   
1964 -1.87  -1.77  -1.92  -1.20  -1.83  -1.96  -2.89  -3.69  -3.98  -4.29  -4.28  -4.08   
1965 -3.63  -3.25  -3.43  -4.12   0.14   1.69   2.56   2.08   3.45   3.60  -0.48  -0.21   
1966 -0.12  -0.05  -0.52  -0.41  -2.04   0.06   0.09   1.02   1.32   1.39  -0.33  -0.56   
1967 -0.79  -1.10  -1.83  -1.92   0.66   2.72   3.14   0.04  -0.22  -0.60  -0.59   0.54   
1968 -0.21  -0.26  -0.87   0.11   0.60   0.52   0.49   2.67  -0.51  -0.56  -0.64  -0.54   
1969 -0.34  -0.32  -0.54  -1.36  -1.77  -1.38  -1.15  -1.71  -2.47   1.78   1.51   1.15   
1970 1.09   0.70   0.77   1.47   0.77   1.41   1.40  -1.13  -1.42   0.54   0.32   0.16   
1971 0.05   0.13   0.28   0.74   1.76   1.67   1.68   1.16   2.11   2.28  -0.24  -0.50   
1972 -0.55  -0.83  -1.71  -1.22  -1.63   0.10   0.50   0.18   0.29   0.05   0.77   0.65   
1973 0.95   0.71   1.84   2.72   2.33   1.31   2.12   1.45   4.05   3.79   3.76   4.07   
1974 3.96   3.66   3.28   3.06  -0.83  -1.33  -2.02  -1.31  -1.42  -1.60  -1.66  -1.80   
1975 -1.85  -1.83  -1.23  -0.96  -0.55  -0.67  -1.22  -1.53  -2.01  -2.15  -1.84  -1.51   
1976 -0.86  -1.02  -1.37  -0.86  -0.67  -1.12  -1.59  -1.83  -2.45  -2.33  -2.24  -2.42   
1977 -2.36  -2.53   0.78   1.20   1.02   0.45   0.44   1.28  -0.52  -0.96   0.17   0.02   
1978 0.33   0.77  -0.69  -0.67   1.20  -0.55   1.12   1.59  -0.71  -0.92   0.16   0.82   
1979 0.89   0.51   1.00   0.48   0.16   0.42   0.75   1.99   1.44   1.85   2.36   1.90   
1980 1.97   2.11   2.68  -0.39  -0.23  -0.98  -1.44  -0.99  -1.72  -1.68  -1.87  -2.12   
1981 -2.17  -2.27  -2.49  -3.18  -2.54  -3.24  -2.43  -1.86  -2.56  -1.89  -2.18  -2.17   
1982 -2.14  -2.27  -2.52  -3.01   0.34   1.33   2.04   2.45   2.56   3.11   3.29   3.26   
1983 2.83   2.08   3.04   3.29   4.21   4.73   5.10   5.17   4.03   3.44   4.03   3.68   
1984 3.34   3.21   2.88   4.10   3.23   3.06   3.40  -0.24  -0.53  -0.01  -0.26  -0.13   
1985 -0.10  -0.39  -1.11  -1.70  -2.62  -3.38  -3.54  -4.19   0.97   0.98   1.58   1.83   
1986 1.30   1.84   0.92   1.75   1.11   1.97   1.93   1.41   2.14   2.79   2.59   2.12   
1987 1.59   2.42   2.99   1.78   2.51   2.01   1.75   2.24   1.84   1.31   1.22   1.94   
1988 2.02   1.65   1.62   1.25   2.64  -0.44   0.34   0.37   0.45  -0.63  -0.82  -0.97   
1989 -1.26  -0.93  -1.02  -1.81  -2.43  -3.58  -4.54  -4.46  -3.09  -3.27  -3.52  -3.29   
1990 -3.06  -2.87  -1.94  -1.82  -1.53  -2.32  -1.85  -2.18  -2.22  -1.98  -1.58  -1.63   
1991 -1.70  -1.77  -2.22  -2.46  -1.70  -1.08  -1.68  -2.11  -2.05  -1.78  -1.39  -1.72   
1992 -1.27  -1.00  -0.74  -1.78  -2.81   0.38   0.82   1.35   0.64   0.53   0.65   0.47   
1993 0.37   1.05   1.19   1.25  -0.72   1.30   1.97   2.51   3.22   3.98   4.43   4.18   
1994 4.01   3.67  -0.49  -0.95  -1.96  -2.78  -2.37  -2.90  -3.31   2.07   2.01   2.25   
1995 2.26   1.97   1.40   2.11   3.69   4.89   5.24   5.24   5.04   5.49   5.04   4.47   
1996 4.25   3.52   3.23   2.62   3.33   2.43   2.37   3.61   4.49   4.30   4.02   3.45   
1997 3.20   2.87   1.76   1.86   2.21   2.24   2.59   2.88   2.45   3.18   2.60   2.38   
1998 1.91   1.90   2.17   1.41   0.71   0.79   1.44   1.49   0.81   2.89   3.42   3.23   
1999 2.74   2.07   1.26   2.71   2.38   3.04   3.41   3.78   4.72   3.72   2.74   2.26   
2000 2.22   2.37   2.85   3.40   3.24  -0.91  -1.23  -1.71  -1.14  -0.51  -0.28  -0.36   
2001 -0.32  -0.14  -0.62  -0.25  -0.61  -1.41  -0.62  -1.41  -1.02  -0.85  -0.69  -1.10   
2002 -1.44  -1.71  -1.77  -2.67  -3.73  -5.40  -6.66  -5.52  -5.23  -4.25  -4.16  -4.19   
2003 -4.12  -3.85  -3.11  -2.95  -3.15  -2.69  -3.66  -4.17  -3.72  -4.03  -3.47  -3.18   
2004 -3.15  -2.73  -3.20  -3.39  -4.28  -4.47  -4.04  -4.17   1.12   1.62   1.71   1.15   
2005 0.94   0.51   0.02   0.64   0.48   2.10   2.00   2.85   1.94   2.80  -0.27  -0.51   
2006 -0.69  -0.61  -0.10  -0.84  -2.08  -2.62  -3.64  -3.09  -2.53  -2.45  -2.70  -1.73   
2007 -1.66  -1.70  -1.93  -1.35  -1.79  -2.82  -3.15  -3.41  -3.68  -3.10  -3.40  -2.26   
2008 -2.36  -2.32  -2.51  -2.58  -2.18  -2.29  -2.34   0.30   0.82   1.03  -0.19  -0.51   
2009 -0.31  -0.49  -0.76   1.07  -0.53   1.93   2.46   3.61   3.50   5.21   4.45   4.46   
2010 3.82   3.93   3.54   4.25   4.25   5.10   5.82   6.11   5.07   4.64   4.28   3.91   
2011 3.69   3.47   2.86   3.07   4.42   4.55   5.55   5.87   5.20   5.37   0.04  -0.08   
2012 -0.21   0.21  -1.57  -2.24  -3.64  -5.11  -6.03  -7.09  -7.34  -6.55  -6.41  -6.13   
2013 -5.88  -5.24 -99.99 -99.99 -99.99 -99.99 -99.99 -99.99 -99.99 -99.99 -99.99 -99.99   
