1895 0.31   0.84   1.20   1.34   0.81   1.46  -0.57  -0.48  -0.97  -1.50  -1.26  -1.62   
1896 -1.65  -1.93   0.40   1.59   1.22   1.42   1.63   1.21   1.42   1.65   1.83   1.39   
1897 1.73   1.55   2.17   3.03   1.95   2.02   1.81   2.10   1.28   2.38   2.13   2.53   
1898 2.33   1.92   1.54   1.37   1.99  -0.15  -0.10  -0.41  -0.17  -0.40  -0.52  -0.89   
1899 -1.06  -0.83  -0.79  -1.38  -1.45  -1.33  -1.54  -1.09  -1.84  -1.78  -1.77  -1.59   
1900 -1.88  -1.52  -1.94  -1.14  -2.00  -2.53   0.87   1.26   1.29  -0.03  -0.32  -0.61   
1901 -0.92  -0.86  -0.44  -0.44  -1.23   0.61  -0.72   0.02   1.54   1.86   1.53   1.51   
1902 1.46   1.22   1.22   0.82   0.75   1.54   3.00   3.50   4.22   4.29   3.82   4.44   
1903 4.03   4.64   4.40   3.92   4.99   4.28   5.68   6.91   6.44   5.97   5.55   4.89   
1904 4.43   4.12   3.58   3.25   3.07   3.81   4.52   4.96   4.69   5.12   4.32   3.73   
1905 3.88   3.69   3.24   3.83   4.72   5.34   6.97   7.26   7.53   7.19   6.89   6.03   
1906 5.54   5.30   5.97   6.78   6.04   5.18   4.70   5.42   5.58   6.29   5.69   5.64   
1907 5.32   5.22   4.40   3.95   3.90   3.79   4.54   4.46   4.53   3.82   3.20   2.95   
1908 2.48   2.49   1.78   0.89   1.21   2.45   3.48   4.49   3.69   4.47   4.14   3.61   
1909 3.31   3.64   3.48   2.83   2.76   2.72   3.21   3.20   3.34   3.00   3.18   4.05   
1910 4.12  -0.01  -0.99  -1.79  -1.86  -1.97  -2.33  -1.26  -1.02  -1.37  -1.66  -1.48   
1911 -1.60  -1.80  -2.76  -2.68  -3.30  -4.57  -4.68   0.60   0.19   1.43   0.97   1.21   
1912 1.08   1.20   1.95   2.04   1.12   0.59   0.91   1.51   1.95   1.84  -0.23  -0.44   
1913 -0.58   0.09   0.44   0.56   0.55  -0.50  -0.54  -1.19  -1.00  -1.26  -1.57   1.55   
1914 -0.18  -0.11  -0.27   0.30   0.01   0.47  -0.56  -0.29  -0.65  -0.54  -1.15   0.00   
1915 0.39   1.08   1.63   1.99   2.63   4.01   6.23   7.31   7.75   7.46   6.87   6.61   
1916 6.57   6.24   5.40   4.82   4.56   4.34   3.80   4.57   3.72   3.29   2.79   2.62   
1917 2.64   2.28   2.28   2.68   3.56  -0.05  -0.57  -0.57  -0.05  -0.50  -0.83  -0.84   
1918 -0.46  -0.38  -1.33  -1.15  -1.20  -2.29  -2.12  -2.13  -2.01   0.40   0.54   0.92   
1919 0.51   1.24   0.73   1.08   0.77   1.43   1.41   0.76   0.72   1.45   2.58   2.56   
1920 2.28   2.29   2.12   4.20   4.20   3.77   3.59   4.22   3.39   3.59   3.47   3.32   
1921 3.21  -0.04  -0.58  -0.88  -0.79  -1.81  -1.07  -0.88  -0.82  -1.02  -1.05  -1.06   
1922 -0.69  -0.94  -1.52  -1.76  -1.96  -2.56  -3.62  -4.13  -4.80  -5.01   0.94  -0.18   
1923 -0.30  -0.64  -0.71   0.09   1.00   1.52   1.78   3.48   4.26   4.87   4.33   4.15   
1924 3.83   3.96   4.44   3.47   2.85   3.26   4.02   3.63   3.66   3.35   2.70   3.51   
1925 3.21   3.04  -0.42  -0.66  -1.04  -0.65  -1.15  -0.63  -1.16   0.53   0.17   0.49   
1926 0.97  -0.27  -0.75  -1.72  -2.32  -2.67  -2.86   0.40   0.65   0.57   0.94   0.80   
1927 0.49   0.62   1.44   2.84   2.38   2.40   2.09   2.75   2.54  -0.65  -0.80  -0.71   
1928 -0.93  -0.85  -1.21  -2.16  -2.29   0.63   1.09  -0.78  -1.09   0.78   1.06  -0.41   
1929 -0.41   0.33   0.21   0.54  -0.16  -0.13  -0.06  -0.66   0.75   2.07   2.07   1.60   
1930 1.72   1.44   1.00   1.60   2.51   2.16   1.17   2.17   1.71   2.82   3.34   2.81   
1931 2.57   2.40   2.74  -0.46  -1.08  -1.89  -2.22  -2.40  -2.79  -2.93  -2.48  -1.99   
1932 -1.79  -1.59  -1.63  -1.59  -1.65  -1.15  -1.31  -1.17  -1.58  -1.18  -1.62  -1.79   
1933 -2.00  -2.21  -1.78  -1.62  -1.38  -2.97  -3.12  -1.77  -2.13  -2.72  -2.98  -2.71   
1934 -2.70  -2.55  -2.54  -3.59  -4.98  -5.48  -6.80  -7.20  -5.88  -5.96  -5.87  -5.55   
1935 -5.33  -5.01  -5.46  -3.50  -1.97  -1.28  -1.45  -1.76  -2.29  -2.61  -2.33  -2.24   
1936 -1.64  -0.97  -1.08  -0.90  -0.79  -1.51  -3.09  -4.12  -4.71  -4.75  -4.50  -4.15   
1937 -3.57  -3.74  -3.83  -4.01  -4.41  -4.59  -4.86  -5.36  -5.25  -4.62  -4.57  -4.47   
1938 -4.38  -4.20  -4.03  -2.96  -1.86  -2.23  -1.96  -2.35  -2.13  -2.88  -2.81  -3.02   
1939 -2.67  -2.37  -2.40  -2.84  -3.15  -3.10  -3.68  -3.70  -4.43  -4.10  -4.44  -4.21   
1940 -3.97  -3.91  -3.61  -3.10  -4.27  -4.59  -5.54  -5.96  -6.40  -6.03  -5.34  -4.48   
1941 -3.91  -3.66  -3.49  -2.69  -3.26  -2.76  -2.58  -2.88   0.94   1.49   0.95   1.01   
1942 0.63   0.96   1.32   1.76   2.97   3.33  -0.32  -0.49   0.61  -0.51  -0.78  -1.09   
1943 -1.17  -1.50  -1.61  -1.83  -2.36  -1.96  -2.40  -2.45  -2.71  -2.26  -2.44  -2.74   
1944 0.88   1.01   0.72   1.10   1.41   2.19   2.82   3.11   2.37   1.85   2.28   1.99   
1945 1.88   1.86   1.21   1.26   0.98   1.86   1.82   2.49   2.62  -0.62  -0.93  -0.62   
1946 -0.86  -1.02  -0.65  -1.71  -1.12  -1.78  -2.11  -2.07   1.25   3.83   4.19   3.90   
1947 3.94   3.62   3.24   3.40   2.96   5.46  -0.22  -1.04  -1.15  -1.57  -0.61  -0.59   
1948 -0.77  -0.79  -1.13  -1.74  -2.72   0.52   0.48  -0.04  -0.25  -0.54   0.10   0.50   
1949 1.68   1.23   2.68   2.43   2.71   2.38   2.18   2.29   2.15   2.73   2.06   1.85   
1950 1.65   1.66   1.85   1.61   1.70   1.20   2.32   3.58   4.36   3.91   3.46   2.97   
1951 2.54   2.52   2.30   2.61   3.59   4.98   5.64   6.98   7.69   7.72   7.16   7.49   
1952 7.32   7.21   6.87   6.16   6.16  -1.01  -1.74  -1.56  -2.44  -2.86  -2.43  -2.29   
1953 -2.08   0.82   0.43   1.60   1.46   1.21   1.65  -0.28  -1.20  -1.32  -1.23  -0.78   
1954 -1.12  -1.62  -1.24  -1.56  -1.91  -1.14  -2.20  -1.87  -1.79  -1.52  -1.96  -2.20   
1955 -2.29  -1.90  -2.45  -3.58  -3.77  -3.44  -4.66  -5.75  -5.21  -5.41  -5.22  -4.65   
1956 -4.35  -4.31  -4.81  -4.70  -5.48  -6.08  -6.39  -5.68  -6.21  -5.82  -5.09  -4.98   
1957 -4.86  -4.98  -4.67   0.26   1.66   1.77   2.41   2.60   2.70   3.27   3.26   2.83   
1958 2.46   2.80   2.74   3.40   2.94   2.81   4.90  -0.18  -0.26  -0.88  -0.99  -1.14   
1959 -1.10  -1.00  -1.01  -1.37  -1.39  -1.39  -1.65  -1.68  -1.57   0.94   0.89   0.58   
1960 0.69   1.23   1.25   1.78   2.55   2.53   2.07   2.18  -0.25  -0.77  -0.79  -0.90   
1961 -1.23  -1.37  -1.18  -1.49   0.54  -0.51  -0.36  -0.62   0.64  -0.28  -0.50  -0.66   
1962 -0.95  -0.52  -0.44  -1.21   1.36   3.36   5.25   5.03   4.61  -0.10  -0.63  -0.59   
1963 -0.19  -0.39  -0.44  -0.80  -1.59  -0.02   0.23   0.84   1.21  -0.75  -1.05  -1.29   
1964 -1.60  -1.68  -1.75  -1.29  -1.88  -1.31  -1.15  -1.29  -1.14  -1.77  -2.04  -1.99   
1965 -1.98  -2.08  -2.61  -3.18   0.09   0.80   0.90   0.74   2.61   2.40   1.85   2.02   
1966 1.97   0.04  -0.33  -0.31  -1.48   0.31   0.01   1.12   1.31  -0.40  -0.76  -0.70   
1967 -0.70  -1.01  -1.83  -2.56  -2.39  -0.81  -0.83  -1.06  -0.98  -1.20  -1.38  -1.33   
1968 -1.40  -1.63  -2.63   0.56   0.60  -0.27  -0.78   0.88   0.32   0.58   0.35   0.86   
1969 1.03   1.33  -0.38  -1.25  -2.35  -2.37  -1.83  -2.19  -2.49   1.23  -0.34  -0.34   
1970 -0.56  -0.83  -0.83   0.83  -0.55  -0.63  -0.93  -1.84  -1.88   0.17   0.19  -0.15   
1971 -0.22   0.59   0.53   1.43   1.80   1.33   1.46   1.18   1.28   1.99   2.08   1.95   
1972 -0.06  -0.31  -0.88   0.18   0.43   0.41   2.24   1.60   1.33   1.11   2.16   2.23   
1973 2.34   2.11   3.00   3.20   3.60   2.46   2.51   1.57   3.89   3.96   3.98   3.97   
1974 3.85   3.67  -0.19   0.20  -0.06  -0.09  -0.92  -0.61  -1.16  -1.44  -1.83  -2.01   
1975 -1.84  -2.05  -1.73  -1.81  -2.37  -1.60  -1.75  -2.51  -3.01  -3.32  -2.37  -2.37   
1976 -1.86  -2.02  -2.25  -1.92  -2.16  -3.17  -2.69  -2.91  -2.70  -2.67  -2.80  -2.90   
1977 -2.98  -2.76   1.78   2.29   3.23   3.06   3.34   4.25   4.21   4.05   3.91   3.85   
1978 3.45   4.06   3.49   4.25   4.20   3.24   4.24   4.37   3.29   2.49   2.36   2.57   
1979 2.76   2.21   2.64   2.51   2.42   2.86   3.62   3.74   3.74   4.09   4.88   4.27   
1980 3.96   4.14   4.62  -0.48  -0.64  -1.29  -2.21  -1.34  -2.28  -1.93  -2.43  -2.56   
1981 -2.72  -2.86  -3.03  -4.31  -3.88  -4.42   0.80   1.00   0.23   0.63   0.74   1.16   
1982 1.15   0.61   0.43   0.17   1.64   1.50   1.22   1.63   1.41   2.81   3.62   4.44   
1983 4.22   3.86   4.96   4.77   5.62   6.90   7.24   6.40   5.30   4.70   5.22   5.00   
1984 4.45   4.71   4.54   5.95   5.11   4.79   5.23   4.73   3.91   4.41   4.71   4.35   
1985 4.01   3.41   2.74   2.51   1.87   1.18   1.32   1.86   2.65   2.39   2.77   2.53   
1986 2.07   2.21   1.94   2.66   2.73   2.79   2.93   3.36   4.83   5.21   4.89   4.30   
1987 3.79   4.33   6.63   5.41   4.62   3.56   3.23   2.96   3.25   2.59   2.70   3.04   
1988 3.65   3.29   2.64   2.80   3.44   2.30   2.51   2.61   3.32  -0.42  -0.47  -0.67   
1989 -0.66  -0.70  -0.96  -2.04  -2.94  -3.06  -3.62  -3.63  -3.43  -3.59  -3.83  -3.62   
1990 -3.47  -3.67  -3.43  -3.56  -2.76  -2.98  -2.93  -2.21  -2.83  -2.40  -1.94  -1.92   
1991 -1.94  -2.05  -2.19  -2.22  -1.15  -1.18  -1.69  -2.14  -2.02   0.41   0.85   0.45   
1992 0.70   0.73   1.46  -0.53  -1.44   0.71   1.94   3.72   3.56   3.45   3.33   3.01   
1993 2.99   3.36   3.05   3.99   3.78   4.31   6.32   6.58   6.84   6.88   6.95   6.50   
1994 6.28   6.12   5.02   4.94   3.41   3.69   4.94   4.83   4.50   4.70   4.43   4.35   
1995 3.83   3.52   4.02   5.27   7.13   6.46   5.90   5.22   5.74   6.61   5.97   5.25   
1996 5.36   4.67   4.06   3.49   4.61   3.71   3.38   3.56   4.99   4.72   4.75   4.31   
1997 3.84   3.67   2.73   3.29   3.02   2.46   3.05   3.11   3.28   4.22   3.62   3.13   
1998 2.70   2.30   2.70   2.64   2.46   3.75   4.19   4.34   3.51   4.85   5.37   4.83   
1999 4.39   4.24   3.93   4.89   4.56   5.16   5.11   4.30   4.36  -0.60  -1.28  -1.43   
2000 -1.50  -1.42  -2.00  -2.30  -2.17  -2.07  -1.95  -3.31  -3.45   0.59   1.01   0.72   
2001 1.21   1.21   0.73   2.65   2.36   1.41   2.00   2.21   2.52   1.97   2.37  -0.35   
2002 -0.58  -0.86  -0.92  -1.24  -1.72  -3.08  -4.40  -3.93  -3.79  -2.35  -2.56  -2.64   
2003 -2.47  -2.44  -2.60  -2.18  -1.85  -1.41  -1.73  -2.89  -3.22  -3.27  -3.04  -3.01   
2004 -3.03  -2.71  -2.66  -2.93  -2.76  -2.63  -2.31  -2.58   1.02   0.98   1.13   0.56   
2005 0.45   0.25   0.33   1.46   1.99   3.19  -0.29   0.36  -0.13  -0.49  -0.15  -0.29   
2006 -0.65  -0.84  -0.48  -0.32  -1.84  -2.21  -3.34  -3.05   0.95   0.90   0.43   1.70   
2007 1.65   2.17   2.35   3.24   4.09   3.86   3.04   3.69   3.08   4.24   3.34   3.64   
2008 3.15   2.86   2.35   2.72   4.01   4.01   4.16   4.08   4.31   6.15   5.62   5.43   
2009 5.20   5.28   5.06   5.27   4.29   4.93   4.99   6.37   5.75   7.55   6.53   6.48   
2010 6.15   5.96   5.74   5.67   5.28   7.34   7.89   7.76   7.35   6.87   5.94   5.45   
2011 5.55   5.37   5.04   5.02   5.47   5.74   6.06   6.83   5.92   6.17  -0.20  -0.27   
2012 -0.40   0.50  -1.25  -0.44  -1.32  -2.81  -4.27  -5.21  -5.88  -5.76  -5.73  -5.44   
2013 -5.31  -4.80 -99.99 -99.99 -99.99 -99.99 -99.99 -99.99 -99.99 -99.99 -99.99 -99.99   
