1895 0.06   0.46  -0.53  -0.75  -1.30   0.36   0.09   0.60  -0.41  -0.98  -0.92  -1.25   
1896 -1.38  -1.72  -2.14   1.28   1.92   1.84   2.49   2.25   2.36   2.92   3.05   2.83   
1897 2.90   2.80   2.55   3.87  -0.80  -1.03  -1.26  -1.30  -1.96  -1.36  -1.73   0.39   
1898 0.65   0.63   0.16   0.30   0.70   0.53   0.30   0.16   0.32   0.68   0.61  -0.24   
1899 -0.30  -0.51  -0.85  -1.22   0.44   0.73   1.01   1.40  -0.84  -1.29  -1.29  -0.99   
1900 -1.26   0.34   0.18   0.64  -0.27  -0.89   0.94   1.51   1.36   1.86  -0.23  -0.33   
1901 -0.51   0.19   0.70   0.70  -0.72  -0.69  -1.37  -1.71   0.74   0.88  -0.30  -0.52   
1902 -0.47  -0.57  -0.90  -1.47   0.46   1.47   3.86   4.80   5.75   5.98   5.63   6.10   
1903 5.55   6.05   5.19   4.60   6.88   5.40   6.01   7.19   6.42   6.01   5.55   4.79   
1904 4.56   3.85   3.03   3.25   3.08   3.06   3.92   4.00   3.79   4.13   3.41   3.09   
1905 3.40   3.63   3.14   3.54   4.34   4.73   5.21   5.18   5.59   5.61   5.97   5.22   
1906 5.15   4.93   4.57   4.92   3.90   3.16   3.10   2.81   2.68   3.03   2.89   2.95   
1907 3.06   2.92   1.97   1.35   0.94   1.22   2.13   2.33   2.28  -0.27  -0.48  -0.32   
1908 -0.51   0.59  -0.45  -0.78   1.38   2.91   3.60   4.15   3.00   3.52   3.50   2.96   
1909 2.82   3.10   2.88   2.74   2.52   2.83   3.31   2.56   2.62   2.49   3.84   4.68   
1910 4.55  -0.24  -1.30  -2.18  -1.97  -2.54  -3.01  -1.59  -1.32  -1.95  -2.41  -2.41   
1911 -2.38  -1.60  -2.25  -1.73  -1.69  -2.78  -2.86   0.41   0.26   1.09   0.74   1.37   
1912 1.26   1.50   1.88   1.77  -0.70  -1.32  -1.37  -1.38   0.28   0.64  -0.28  -0.57   
1913 -0.68   0.09   0.06   0.42   1.25  -0.42  -0.76  -1.60  -1.56  -1.58  -1.85   1.73   
1914 -0.31  -0.28  -0.32  -0.29  -0.60  -0.27  -0.74  -0.72  -0.12  -0.17  -0.85   0.05   
1915 0.33   1.61   1.83   1.63   2.95   3.88   5.52   5.79   6.25   5.73   5.25   4.93   
1916 5.11  -0.07  -0.50  -0.51   0.31   0.45  -0.62  -0.45  -0.60  -0.93  -1.07  -1.26   
1917 -1.49  -2.01  -2.28   0.74   1.38   1.45  -0.41  -0.42  -0.18  -0.26  -0.73  -1.00   
1918 -1.00  -0.96  -1.85  -1.69  -0.78  -1.44  -1.35  -1.51  -1.67   0.88   1.08   1.72   
1919 1.36   2.64   2.51   3.16   2.69   3.01   2.59   1.94   2.17   2.36   3.39   3.30   
1920 2.89   2.67   2.38   3.95   3.41   2.60   2.56   2.99   2.27   2.24   2.33   2.33   
1921 2.40   2.27  -0.47  -0.33  -0.04  -0.89  -0.67  -0.29  -0.01  -0.18  -0.70  -1.08   
1922 -1.15  -1.25  -1.24  -0.77  -0.89  -1.58  -2.06  -2.67  -3.28  -3.45  -2.35  -2.68   
1923 -2.73  -3.02  -2.83   0.01   0.74   1.03   0.61   1.73   2.39   2.26   1.89   1.73   
1924 1.69   1.93   2.16  -0.81  -1.25   0.26   1.28   1.51   1.67  -0.50  -0.87   1.03   
1925 -0.09   0.13  -0.37  -0.38  -0.92  -0.60  -0.77   0.46   0.40   0.97   0.68   0.98   
1926 1.21  -0.08  -0.20  -0.97  -1.58  -1.72  -1.71   0.19   1.68   1.33   1.79   1.85   
1927 1.72   2.12   2.45   3.95  -0.30  -0.45  -0.98  -0.82  -0.63  -0.73  -1.23  -1.49   
1928 -1.80  -1.34  -1.69  -2.10  -2.28   0.53   1.20   0.98   0.58   1.45   2.55   2.26   
1929 2.32   2.67   1.79   2.51   1.88   1.57   1.67   0.89   0.91   1.63   1.74  -0.35   
1930 -0.02  -0.30  -0.81   0.64   1.46   1.53  -0.58  -0.73  -1.12   0.63   1.24  -0.18   
1931 -0.29  -0.53  -0.50  -0.79  -0.23  -0.41  -0.83  -1.08   0.54   0.26   1.76   2.55   
1932 3.84   3.68   3.23   2.36   1.95   2.21   2.39   2.97   2.73   2.67  -0.26  -0.20   
1933 -0.25  -0.51   0.48  -0.25  -1.05  -2.25  -1.88  -1.68  -1.21  -1.79  -2.16  -1.65   
1934 -1.95  -1.81  -2.22  -3.01  -4.68  -5.32  -6.81  -7.33  -6.76  -6.52  -5.79  -5.66   
1935 -5.76  -5.51  -5.90  -5.49  -3.78  -2.98  -3.00  -2.79  -2.82  -2.36  -1.88  -1.99   
1936 -1.14  -0.81  -1.39  -1.60  -2.35  -3.09  -4.63  -5.32  -5.20  -5.53  -5.86  -5.71   
1937 -5.23  -5.47  -5.21  -5.19  -5.29  -5.16  -5.02  -5.68  -6.09  -5.51  -5.68  -5.88   
1938 -5.79  -5.44  -5.75  -5.30  -4.30  -4.24  -3.93  -4.02  -3.63  -4.26  -4.07  -4.26   
1939 -4.26  -3.83  -4.02  -4.31  -4.98  -4.98  -4.87  -4.94  -5.86  -6.00  -6.35  -6.00   
1940 -5.55  -5.31  -5.22  -4.71  -5.26  -5.30  -5.93  -5.36  -5.98  -5.78  -5.08  -4.56   
1941 -3.72  -3.51  -3.72  -2.95  -3.52  -3.20  -3.52  -4.18   0.71   0.80   0.70   1.09   
1942 0.79   0.97   1.12   0.26   0.35   0.78   0.34   0.09   0.77  -0.45  -0.90  -0.63   
1943 -0.92  -1.00  -1.31  -1.53  -1.72   0.21   0.91  -0.50  -1.29  -1.32  -1.59  -2.08   
1944 -2.04  -1.98   0.08   2.16   2.15   2.53   2.81   3.41   2.64   2.13   2.19   1.85   
1945 1.67   1.90   1.47   2.13   3.10   3.55   4.30   3.79   4.04  -0.56  -0.92  -0.37   
1946 -0.34  -0.65  -0.61  -1.47   0.18   0.68   0.16   0.30   0.38   1.23   1.94   1.62   
1947 1.81   1.51   1.21   2.15   2.17   4.06  -0.19  -1.08  -1.67  -1.85  -1.69  -1.38   
1948 -1.48  -0.91  -0.73  -1.32  -1.78   0.17   0.59   0.68   0.55   0.34   1.04   1.26   
1949 2.54   2.45   2.46   1.81   1.88   2.36   2.27   2.03   2.15   2.08  -0.63  -0.94   
1950 -0.90  -0.52  -0.82  -1.00   0.44  -0.60   1.46   2.25   1.50   1.42   1.23   0.87   
1951 0.81   1.52   2.05   2.85   3.15   3.85   3.82   4.64   4.45   4.40   4.04   3.93   
1952 3.71   3.65   3.88   4.00   3.72   3.21   3.28   3.93  -0.73  -1.29   0.21   0.49   
1953 0.56   0.65   0.40   1.05  -0.45  -0.95  -1.33  -1.79  -2.56  -3.11  -2.72  -2.38   
1954 -2.59  -2.27  -2.51  -2.53  -2.22  -2.29  -3.09  -1.63  -2.23  -1.66  -2.24  -2.53   
1955 -2.47  -2.50  -2.86  -3.32  -4.15  -3.62  -4.17  -5.03  -4.76  -5.11  -5.33  -5.39   
1956 -5.23  -5.37  -5.98  -5.99  -6.32  -6.74  -6.79  -6.54  -6.61  -6.74  -6.50  -6.59   
1957 -6.59  -6.76  -6.10  -5.79  -5.42   0.96   1.15   1.50   1.47   1.93   2.23   1.97   
1958 2.06   2.63   2.48   2.74   1.72   0.84   3.27   3.12   3.07   2.17   1.80   1.22   
1959 1.07   0.95   1.81   1.93   3.38   2.99   2.62   2.99   2.67   2.73   2.35   2.21   
1960 2.67   2.97   3.09   2.75   3.20   3.54   3.30   4.00  -0.03  -0.37  -0.63  -0.87   
1961 -1.10  -1.02  -0.59  -0.62  -0.40  -0.70   0.07   0.01   0.96   1.19   1.58   1.85   
1962 1.71   2.42   2.36   1.51   1.13   0.87   2.06   2.19   2.22   2.19  -0.23   0.00   
1963 0.29   0.08   0.38  -0.35  -0.87  -0.30  -0.38  -0.22  -0.13  -1.01  -1.60  -1.87   
1964 -2.15  -2.24  -2.32   0.68   0.33   1.27   1.32   1.84   1.83  -0.52  -0.65  -0.71   
1965 -0.70   0.64   1.02   1.09   2.03   2.63   3.05   2.53   5.43   4.59   4.11   3.92   
1966 3.62   3.73  -0.35  -0.73  -1.07  -0.67  -0.43  -0.23  -0.23  -0.67  -1.16  -1.16   
1967 -1.21  -1.63  -2.36  -2.66  -2.64   2.81   2.55   2.06   2.05   2.12  -0.36  -0.32   
1968 -0.50  -0.84  -1.47   0.28   0.19   0.15   0.41   0.56   1.09   2.41   2.50   3.36   
1969 3.36   3.73   3.22   3.03   2.75   2.43   2.43   2.50   1.66   2.34  -0.37  -0.03   
1970 -0.27  -0.54  -0.71  -0.62  -0.89  -1.37  -1.54  -1.66   0.65   1.69   1.70   1.43   
1971 1.60   2.70   2.27   1.44   2.52  -0.39  -0.22  -0.96  -1.60   0.44   0.85  -0.04   
1972 -0.31  -0.62  -1.11   0.63   1.86   0.93   1.19   0.84   1.13   1.60   2.57   3.04   
1973 3.43   3.23   4.66   4.27   4.79   3.39   3.76   2.43   3.92   4.42   4.81   5.19   
1974 4.89  -0.16  -0.53  -0.50  -0.14  -0.75  -1.92  -1.39  -1.92  -1.74  -2.03  -1.95   
1975 -1.57  -1.54  -1.61  -0.84  -1.15  -0.61  -0.94  -1.34  -1.68  -2.43  -1.45  -1.51   
1976 -1.65  -1.51  -0.98  -0.64  -0.57  -1.33  -1.72  -2.62  -2.48  -2.74  -3.15  -3.54   
1977 -3.66  -4.04  -3.58  -3.43  -2.71  -3.23  -3.10   1.68   1.94   2.52   2.97   2.78   
1978 2.53   2.74   2.45   4.02   3.55   2.61   2.98   2.46   2.26   1.68   1.57   1.28   
1979 1.42   1.05   2.10   2.35  -0.08  -0.20   0.30  -0.29  -1.01   1.23   1.48   1.27   
1980 1.44   1.38   1.55  -0.30  -0.96  -0.66  -1.16   0.85  -0.98  -0.55  -1.14  -1.43   
1981 -1.85  -2.22  -2.28  -3.00  -2.65  -3.45  -3.41   1.10   0.60   0.44   1.03   1.16   
1982 1.20   0.94   1.34   1.26   2.91   3.01   3.32   4.18   4.16   4.31   4.62   4.96   
1983 4.89   4.61   5.46   4.83   4.68   5.45   4.19   2.86   2.30   2.03   3.20   2.83   
1984 2.35   2.38   2.76   4.39   4.78   5.20   4.52   3.32   2.36   3.26   2.84   3.74   
1985 3.39   3.12   2.82   2.83   2.68   2.28   3.06   2.89   3.53   3.53   3.36   3.05   
1986 2.59   2.55   2.68   3.64   3.05   2.81   2.98   3.47   4.30   5.40   5.08   4.88   
1987 4.26   3.74   5.86   4.76   4.66   3.46   2.87   4.16  -0.14  -0.21  -0.17  -0.13   
1988 -0.13  -0.40  -1.14  -1.18  -1.57  -2.37  -2.55  -3.30  -2.39  -2.74  -2.52  -2.51   
1989 -2.20  -2.18  -2.74  -3.47  -4.24  -3.95  -4.16  -4.12  -2.39  -2.33  -2.60  -2.58   
1990 -2.56  -2.72  -2.14  -2.70   0.42   0.63   2.17  -0.13  -0.93  -0.92  -0.99  -0.86   
1991 -0.70  -1.06   0.47   0.73   0.78   1.20   1.26  -0.44  -0.99  -0.91   0.68   1.21   
1992 1.63   1.67   2.03   1.60   1.18   0.80   2.66   2.74   2.75   3.14   3.61   3.63   
1993 3.92   3.80   3.72   3.73   3.84   4.48   6.91   7.08   6.86   6.43   6.05   5.65   
1994 5.34   4.97   3.78   3.24   2.01   2.21   2.94   2.60   2.50   2.27   2.53   2.58   
1995 2.56   2.28   2.42   2.80   3.92  -0.68  -1.18  -1.74  -1.70  -1.74  -1.96  -2.28   
1996 -2.13  -2.59  -2.91  -2.73   1.47   1.34   1.41   1.81   1.76   1.15   2.13   1.86   
1997 1.66   1.67   1.06   1.44   1.09   0.76   0.66   0.60   0.90   1.69   1.85   1.72   
1998 1.82   1.70   2.44   2.84   2.62   3.40   3.72   3.79   2.51   2.62   3.04   2.55   
1999 2.31   2.29   1.99   2.94   3.32   4.01   3.61   3.78  -0.41  -1.04  -1.44  -1.54   
2000 -1.84  -1.65  -1.93  -2.18  -2.71  -2.52  -1.87  -2.49  -3.14  -0.03   0.32   0.22   
2001 0.40   0.72   0.43   0.31   1.79  -0.52  -0.75  -1.29  -1.18  -1.24  -1.22  -1.51   
2002 -1.65  -1.81  -1.99  -1.99  -1.48  -2.36  -2.96  -2.18  -2.75  -1.58  -1.86  -2.21   
2003 -2.26  -1.96  -2.32  -1.97  -1.38  -1.00  -1.26  -1.80   0.44   0.19   0.30   0.05   
2004 0.28   0.34   1.03  -0.48  -0.23  -0.48   0.64  -0.38  -0.35  -0.74   0.53   0.19   
2005 0.37   1.06   0.69   1.11   0.05  -0.13  -0.04  -0.31  -1.21  -1.20  -1.24  -1.30   
2006 -1.43  -1.85  -1.31  -1.02  -1.69  -2.27  -2.69   1.05   2.04   1.75   1.25   2.19   
2007 2.30   2.52   2.59   3.22   3.80   2.85   2.45   3.83   3.49   4.64   3.98   4.59   
2008 4.18   3.87   3.36   3.92   4.81   5.47   5.33   4.22   4.12   5.52   5.40   5.20   
2009 4.73   4.39   3.60   3.21   2.13   2.74   2.52   3.15   2.57   3.62   3.07   3.93   
2010 3.89   3.78   3.56   3.18   2.59   4.35   4.99   4.67   4.42   3.47   3.22   2.67   
2011 2.75   2.38   1.87   2.16   2.94   2.78   2.89   3.32  -0.55  -0.75  -0.88  -0.56   
2012 -0.83  -0.31  -1.25  -1.28  -1.34  -1.74  -2.99  -3.61  -4.24  -3.95  -4.23  -3.71   
2013 -3.77  -3.86 -99.99 -99.99 -99.99 -99.99 -99.99 -99.99 -99.99 -99.99 -99.99 -99.99   
