1895 0.22   1.04  -0.29  -0.22  -0.66   0.55   0.62   1.35  -0.51  -0.85  -0.72  -0.88   
1896 -0.87  -1.24  -1.33   1.01   0.80   0.92   1.24   1.17   1.32   1.76   1.83   1.44   
1897 1.15   1.16   0.99   2.07   1.42   1.25   1.14   1.28   0.72   2.56   2.03   2.55   
1898 2.64   2.62   1.99   2.30   2.99   2.81   2.62   2.48   2.48  -0.19  -0.24  -0.23   
1899 -0.48  -0.67  -0.97  -1.51  -2.03  -1.58  -1.26  -1.18  -1.90  -2.12  -1.95  -1.64   
1900 -1.87  -1.37  -1.75   1.85   1.39   0.89   1.37   1.31   1.70   1.74   1.14   0.89   
1901 0.61   0.71   1.05   1.65  -0.68  -0.58  -1.19  -1.38   1.43   1.69  -0.09   0.02   
1902 0.20   0.22  -0.18  -0.74   0.32   1.30   2.40   2.84   3.75   4.33   3.93   4.39   
1903 4.05   5.08   4.54   4.26   5.93   5.06   5.68   6.53   5.60   5.29   5.01   4.27   
1904 3.80   3.15   2.13   2.33   2.43   3.24   4.01   4.19   4.12   4.93   4.24   3.64   
1905 3.87   3.96   3.70   5.04   5.52   5.77   6.66   6.48   6.73   6.19   6.32   5.55   
1906 5.17   4.90   4.92   5.99   4.82   4.12   4.05   3.75   4.03   5.05   4.61   4.56   
1907 4.07   3.96   2.91   2.70   2.37   2.53   3.02   3.22   3.26  -0.28  -0.49   0.24   
1908 0.04   0.54  -0.70  -1.16  -1.21   1.61   2.52   3.49   2.68   3.57   3.40   2.59   
1909 2.39   2.53   2.51   2.18   2.00   2.43   2.95   2.47   2.65   2.40   3.65   4.26   
1910 3.95  -0.07  -0.87  -1.55  -1.30  -1.76  -2.02  -0.78  -0.86  -1.26  -1.68  -1.45   
1911 -1.48  -0.73  -1.45  -1.03  -1.70  -3.18  -3.06  -2.74  -3.05   1.35   0.82   1.29   
1912 1.15   1.50   2.14   2.19   1.24   0.95   1.25   1.41   1.51   1.78  -0.12  -0.37   
1913 -0.58   0.39   0.26   0.51  -0.24  -0.72  -0.84  -1.69  -1.42  -1.89  -1.96   2.71   
1914 2.39   2.34   2.08   2.25   1.91   2.20   0.01   0.09  -0.47  -0.54  -1.11   0.09   
1915 0.33   1.41   1.94   2.65   3.43   4.55   5.87   6.28   6.56   6.21   5.44   5.28   
1916 5.09   4.68   3.77   3.57   3.28   3.56  -0.09  -0.03  -0.37  -0.26  -0.32  -0.46   
1917 -0.66  -1.06  -1.31   0.66   1.44  -0.05  -0.47   0.23   0.64  -0.33  -0.61  -0.73   
1918 -0.59  -0.48  -1.17  -0.73  -0.96  -2.15  -1.91  -2.32  -2.47   0.98   1.06   1.89   
1919 1.48   2.46   2.25   2.79   2.71   3.25   3.26   2.74   2.70   2.90   3.77   3.64   
1920 3.19   3.03   2.40   4.26   4.05   3.58   3.40   3.93   3.14   3.69   3.78   3.73   
1921 3.78   3.49  -0.47  -0.05   0.00  -0.35   0.64  -0.03  -0.28  -0.39  -0.85  -1.18   
1922 -1.15  -1.35  -1.34   0.89  -0.27  -0.93  -1.47  -1.92  -2.70  -3.09  -1.93  -2.16   
1923 -2.26  -2.51  -2.52   0.37   1.70   2.42   2.82   3.50   3.95   4.61   4.05   3.86   
1924 3.65   3.72   4.08   3.31   2.99   2.65   3.07   2.96   2.92   2.39   1.80   2.83   
1925 -0.18  -0.14  -0.47  -0.13  -0.40  -0.35  -0.38   0.57   0.05   0.81   0.44   0.71   
1926 0.73  -0.23  -0.42  -0.66  -1.31  -1.72  -1.66   0.05   0.30   0.05   0.53   0.50   
1927 0.18   0.45   1.15   2.61   1.63   1.89   1.83   2.48   2.31  -0.71  -1.12  -1.33   
1928 -1.53  -1.06  -1.24  -1.65   0.04   0.75   1.47  -0.35  -0.74   1.22   2.18   1.86   
1929 1.56   1.89   1.17   1.91   1.98   1.91   2.17   1.60   1.85   3.04   3.21   2.68   
1930 2.80   2.24   1.64   2.28   3.38   3.33   2.90   3.25   2.69   3.72   4.22   3.74   
1931 3.22   3.16   3.48   3.27   0.01  -0.85  -1.32  -1.10  -1.25  -1.27   0.94   0.80   
1932 1.44   1.57  -0.23  -0.74  -1.54  -1.27  -1.60  -2.01  -1.87  -1.64  -1.95  -2.04   
1933 -2.34  -2.66  -2.87  -1.71  -1.76  -3.32  -3.80  -2.90  -3.04  -3.56  -3.61  -2.78   
1934 -2.89  -2.30  -2.91  -3.68  -5.44  -6.07  -7.42  -7.95  -7.43  -7.42  -6.49  -6.05   
1935 -5.94  -5.74  -6.33  -6.22  -4.78  -4.22  -5.14  -4.36  -3.87  -3.64  -2.95  -3.08   
1936 -3.02  -3.07  -3.74  -4.13  -4.04  -5.16  -6.57  -7.30  -7.09  -7.02  -6.97  -6.20   
1937 -5.47  -5.29  -5.02  -5.31  -5.64  -5.41  -5.35  -6.08  -6.27  -5.63  -5.61  -5.54   
1938 -5.29  -5.11  -5.30  -5.04  -4.34  -4.60  -4.74  -4.91  -4.63  -5.20  -5.17  -5.16   
1939 -4.80  -4.48  -4.63  -4.37  -4.96  -4.87  -5.71  -5.83  -6.70  -6.89  -6.92  -6.26   
1940 -5.59  -5.19  -4.97  -5.07  -5.55  -6.24  -6.65  -7.01  -7.14  -6.65   0.27   0.30   
1941 0.50  -0.12  -0.65   0.75  -0.78   1.19   1.27   1.11   1.30   1.14   1.02   1.43   
1942 1.21   1.17   1.26   1.45   0.94   2.23   2.01   2.27   3.46  -0.27  -0.34   0.45   
1943 -0.13  -0.21  -0.38   0.45  -0.67  -0.38  -0.31  -0.60  -1.21  -1.61  -1.90  -2.09   
1944 0.66   0.71   1.00   3.50   3.33   2.93   3.77   4.10   3.08   2.71   2.85   2.43   
1945 2.35   2.12   1.29   2.15   2.18   2.63   2.60  -0.20  -0.07  -0.49  -0.94  -0.46   
1946 -0.43  -0.87  -1.00  -2.29  -1.83  -1.99   0.18  -0.19   1.51   4.10   4.68   4.20   
1947 4.20   3.97   3.76   4.04   3.78   4.86   4.68  -0.70  -1.29  -1.77  -1.22  -0.87   
1948 -0.74  -0.38  -0.24  -1.21  -1.85  -1.15  -1.04  -1.72  -2.16  -2.42   0.29   0.32   
1949 0.67   0.57   1.04   0.96   1.92   2.67   2.34   2.13   1.84   1.99  -0.62  -0.83   
1950 -0.89  -0.51  -0.65  -0.82   1.05  -0.89   1.06   1.49   1.59  -0.26  -0.47  -0.74   
1951 -0.68   0.40   0.36   0.90   1.42   2.64   3.74   4.21   4.78   4.66   4.15   3.81   
1952 3.49   3.62   3.76   4.05   3.91   2.72   3.43  -0.21  -1.04  -1.58  -1.44  -1.02   
1953 -1.11  -0.99  -1.25  -1.06  -1.11  -1.29  -1.41  -2.09  -2.56  -2.54  -1.35  -0.70   
1954 -0.86  -1.03  -1.42  -1.93  -1.39  -2.18  -3.11  -2.09  -2.77  -2.27  -2.75  -2.84   
1955 -2.51  -2.29  -2.77  -3.81  -4.48  -4.06  -5.00  -5.98  -4.76  -4.90  -4.85  -4.55   
1956 -4.25  -4.24  -4.67  -4.58  -5.81  -6.22  -6.57  -6.50  -6.74  -6.55  -5.47  -5.32   
1957 -5.15  -5.15  -0.03   0.60   1.31   2.90   2.08   2.57   2.32   2.68   2.37   1.95   
1958 1.67   2.57   3.26   3.28   2.82   2.26   3.20   3.71   2.90   1.97   1.62   1.17   
1959 1.13   0.93   1.61   1.50   1.75   1.30   1.18   1.04   1.14   1.67   1.14   0.67   
1960 1.67   2.25   2.24   2.36   2.77   3.80   3.50  -0.16  -0.46  -0.44  -0.72  -0.79   
1961 -1.09  -1.35  -1.21  -1.19   1.65   1.81   1.61   1.75   1.94   1.36   1.49   1.66   
1962 1.39   1.65   2.05   1.16   1.03   1.48   3.13   3.54   3.40   3.28  -0.31   0.18   
1963 0.41  -0.21  -0.09  -0.47  -1.47  -1.78  -2.21   0.08   1.50  -0.53  -0.94  -1.14   
1964 -1.44  -1.26  -1.20  -1.23  -2.49  -1.91  -2.31  -1.83  -1.98  -2.48  -2.62  -2.86   
1965 0.28   0.34   0.32  -0.46   0.99   1.99   3.24   3.37   5.48   5.71   4.94   4.70   
1966 4.51   4.66  -0.15  -0.23  -1.31  -0.60  -0.28  -0.22  -0.45  -0.62  -1.04  -0.83   
1967 -0.89  -1.20  -2.02  -2.50   0.09   2.05   2.61  -0.30  -0.15  -0.05  -0.28  -0.29   
1968 -0.51  -0.49  -1.22  -0.95  -1.05  -1.26   0.30   1.10   0.71   1.49   1.23   1.74   
1969 1.77   2.25   1.90   1.28   1.90   1.86   2.91   3.80   3.69   5.26   4.61   4.51   
1970 4.12   3.68   3.49   3.54   3.05   2.69   2.13   1.44   2.36   2.38   1.99   1.44   
1971 1.33   2.19   1.91   1.79   2.10   1.66   2.04   1.66   1.28   1.54   2.20  -0.16   
1972 -0.30  -0.51  -1.02  -0.99   0.55   0.66   0.82   1.31   0.95   0.77   1.68   2.01   
1973 2.02   1.77   3.14   3.31   3.04   2.00   2.85   2.14   4.86   5.14   5.48   5.96   
1974 5.53  -0.07  -0.35  -0.16  -0.58  -0.18  -0.88  -1.01  -1.69  -1.48  -1.59  -1.48   
1975 -1.61  -1.57  -1.76  -1.67  -1.82   1.25   1.24  -0.11  -0.52  -1.19   1.26  -0.18   
1976 -0.21  -0.55  -0.63   0.71  -0.15  -0.75  -1.15  -2.14  -1.10  -0.87  -1.11  -1.43   
1977 -1.48  -1.87   0.61   1.17   1.56   0.82   0.55   1.92   1.79  -0.18  -0.27  -0.40   
1978 -0.54  -0.16  -0.64  -0.09  -0.21  -1.24   0.39   0.97  -0.74  -0.92  -0.67  -0.82   
1979 -0.57  -0.91   1.28   1.61   1.91   2.24   3.23   3.68   2.87   3.29   3.23   3.01   
1980 3.15   3.08   4.01   3.72  -0.33  -0.58  -1.10  -0.71  -1.21  -1.18  -1.68  -1.81   
1981 -2.08  -2.38  -2.21  -2.32   1.08   0.38   1.48   2.42   2.13   1.82   2.57   2.66   
1982 2.43   2.38   2.47   2.60   3.82   3.86   3.56   3.52   3.04   3.34   3.22   3.72   
1983 3.45   3.25   4.17   3.72   4.57   4.58   3.54   2.30   2.70   2.18   2.93   2.62   
1984 2.24   2.26   2.68   4.59   4.69   3.99   3.27   1.85   0.82   2.18   1.65   1.98   
1985 1.93   1.55   1.04   1.03   1.60   1.34   1.51   1.58   2.60   3.07  -0.02   0.04   
1986 -0.22  -0.06  -0.13  -0.24  -0.16  -0.59  -0.47  -0.55   0.42   1.33   1.04   1.08   
1987 0.71   0.75   3.38   2.88   3.09   3.08   3.32   3.45   2.72   2.33   2.78   2.62   
1988 2.85  -0.05  -0.57  -0.69  -1.11  -1.74   0.44   0.95   1.20  -0.54  -0.72  -0.96   
1989 -0.89  -1.04  -1.63  -2.75  -3.24  -2.61  -1.54  -1.34  -1.08  -1.34  -1.77  -1.84   
1990 -1.66  -1.99  -1.25  -1.87  -1.21  -1.56  -1.71   1.45  -0.69  -0.89  -1.02  -1.09   
1991 -1.14  -1.64  -1.75  -1.53  -0.95  -1.54  -1.85  -2.13  -2.67  -2.71   0.74   0.94   
1992 1.64   1.55   1.80  -0.76  -1.67   0.27   1.94   2.23   1.60   2.17   2.03   2.10   
1993 2.42   3.09   3.32   3.27   3.20   3.74   7.66   9.14   8.80   8.46   7.96   7.37   
1994 7.14   7.00   5.84   5.78   4.55   4.12   5.09   4.41   3.47   3.33   3.84   3.84   
1995 3.56   2.95   3.06   3.19   5.52  -0.28  -0.44  -0.63  -0.66  -0.85  -1.06  -1.33   
1996 -1.08  -1.50  -1.79  -2.11   0.98   1.38   2.94   4.24   4.76   4.06   4.95   4.40   
1997 3.94   4.17   3.44   3.44   3.16   2.65   1.68   1.92   2.23   3.63   3.88   3.74   
1998 3.42   3.23   3.76   3.84   3.11   2.42   3.85   3.40   2.27   2.11   2.57   2.07   
1999 1.93   1.24   0.70   1.47   2.35   3.01   2.43   3.71  -0.28  -0.78  -1.22  -1.35   
2000 -1.39   0.57   1.18  -0.33  -1.10  -1.10   0.56  -0.74  -1.14   0.46   0.93   0.64   
2001 1.01   1.46   1.19   1.28   1.86   1.01   1.27   1.43   1.93   2.10   1.95  -0.29   
2002 -0.30  -0.40  -0.72  -1.34  -1.36  -2.53  -3.63  -3.61  -3.89   1.57  -0.31  -0.69   
2003 -0.80  -0.61  -1.00   0.74   0.65   1.13  -0.77  -1.50  -1.41  -1.66  -1.74  -1.98   
2004 -1.60  -1.40  -1.38  -1.67  -2.31  -2.61   0.88  -0.85   0.67   0.75   1.21  -0.38   
2005 0.15   0.14   0.47   0.23   0.08   0.52   0.05   0.55  -0.73  -0.56  -0.60  -0.77   
2006 -1.18  -1.59  -1.35  -1.90  -2.84  -2.84  -3.24   0.98   1.04   1.59   1.13   2.54   
2007 2.63   2.41   2.31   3.59   4.32   4.14   4.63   4.62   4.26   4.61   3.77   4.36   
2008 3.79   3.38   2.93   3.35   4.77   4.55   4.80   5.01   4.44   7.59   7.06   6.65   
2009 6.06   5.70   4.81   4.67   4.26   3.99   4.32   4.85   4.33   5.83   5.05   5.09   
2010 4.62   4.52   4.82   5.32   5.44   6.41   6.28   6.65   5.95   4.98   4.37   3.73   
2011 3.64   3.35   2.71   3.04   3.78   3.33   3.70   4.46   3.54   4.63   4.08   3.96   
2012 3.47   3.77   3.09   3.20  -0.61  -1.28  -1.92  -2.41  -3.04  -2.98  -3.36  -2.98   
2013 -3.05  -2.65 -99.99 -99.99 -99.99 -99.99 -99.99 -99.99 -99.99 -99.99 -99.99 -99.99   
