1895 1.81   2.40   2.57   2.42   2.99   3.61   3.42   2.96   2.30   1.95   1.94   1.24   
1896 1.39   0.70   0.86   1.31   2.38   1.70   2.27   2.33   2.11   1.72   1.66   0.94   
1897 1.27   1.83   2.31   2.00   1.76   1.59   1.43   1.12   0.68   1.87   1.60   1.51   
1898 1.40   0.70   0.86   0.91   1.80  -0.26  -0.75  -0.74  -1.10  -1.39   0.46   0.32   
1899 0.41   0.08   0.93   0.71   0.65   1.13   0.92   1.11  -0.54  -0.75  -1.22  -0.92   
1900 -1.31  -1.58  -1.86   1.55   1.62  -0.37  -0.37  -1.07  -1.04  -0.03   0.53  -0.50   
1901 0.28   1.51   1.41   1.49   1.86   1.76   2.07   4.57   4.08   4.40  -0.43  -0.50   
1902 -0.79  -0.84   0.81   0.95  -0.21  -0.52  -0.59  -0.91  -1.07  -1.33   0.48  -0.51   
1903 -0.36  -0.44   0.60   0.64   0.64   0.60  -0.52  -1.13  -1.35  -1.72  -2.18  -2.45   
1904 -2.82   0.55   0.65   0.83   0.97   0.26   0.50   2.84   3.28   3.70   2.74   2.01   
1905 2.01   1.97   2.70   3.38   4.23   4.09   3.41   2.86   2.78   2.09   2.60   2.26   
1906 2.83   2.47   3.14   3.74   4.71   5.08   6.33   6.47   5.78   4.75   4.61   5.01   
1907 5.71   5.03   6.06   5.71   5.89   6.62   6.70   5.99   5.43   5.48  -0.52  -0.33   
1908 -0.24  -0.07  -0.38  -0.65  -0.23  -0.57  -0.21  -0.48   0.63  -0.40  -0.85  -1.08   
1909 1.10  -0.17   0.24  -0.34  -0.74  -0.85  -1.39  -0.01   0.32   0.30   0.97   1.69   
1910 1.89  -0.32  -0.96  -1.60  -2.04  -2.11  -1.23  -1.61  -1.10  -1.47  -1.89   0.34   
1911 1.90   2.09   2.40   2.42   2.28   2.74   3.31  -0.37  -0.23  -0.40  -0.73  -0.91   
1912 -1.37  -1.92   0.70   1.61   1.67   1.47   2.04  -0.53  -0.62   0.73  -0.19  -0.71   
1913 -0.83  -0.98  -1.26  -1.12  -1.17   0.51   1.74   1.79   1.67   1.02   1.38   1.92   
1914 3.06   2.71   2.04   2.20   2.07   2.77   3.18   2.58   2.27   1.96   1.15   1.00   
1915 1.30   1.16   0.85   2.01   3.06   2.66   2.59  -0.61  -0.49  -1.07  -1.39   0.04   
1916 2.61  -0.13  -0.33  -0.60  -0.61  -0.46  -0.50  -0.74  -0.72   1.40   1.05   1.05   
1917 1.22   1.05   0.86   1.33   2.86   3.03   3.45  -0.04  -0.36  -0.98  -1.25  -1.88   
1918 -1.84  -1.56  -0.97  -0.90  -1.09  -0.67  -1.03  -1.49   1.18   0.02  -0.03   0.07   
1919 -0.54  -0.29  -0.18  -0.37  -0.76  -1.25  -0.90  -1.51   0.39   0.50   0.34   0.64   
1920 0.41   0.27   1.09   1.20   1.00   1.21  -0.35   0.41  -0.34  -0.24  -0.27  -0.33   
1921 -0.23  -0.69  -1.28  -1.72  -0.77  -1.26  -1.48  -1.52  -1.75  -2.17  -2.62   0.99   
1922 1.30   1.62   1.72   1.93   2.34   2.91   3.27   3.67  -0.60  -0.91  -0.59  -0.34   
1923 -0.55  -0.83  -0.96   0.25   0.14   0.13   0.12   0.31   1.15   1.07  -0.24  -0.26   
1924 -0.74  -1.40  -0.69  -0.67  -1.73  -2.45  -2.98  -3.53  -3.54  -2.96  -3.08  -2.37   
1925 -2.59  -3.01  -2.85   0.49   0.16   0.28   1.09   1.29   1.73   2.13  -0.05  -0.32   
1926 -0.55  -1.20  -1.58  -1.35  -1.99  -2.81  -2.81  -3.48  -3.61  -3.93  -3.44  -3.12   
1927 -3.35  -3.29  -2.85  -2.58  -3.14  -3.40  -3.65  -3.63  -3.61  -2.91  -2.97  -2.69   
1928 -2.95  -3.16  -3.07  -3.26  -3.93  -4.36  -4.72  -4.97  -5.14  -4.95  -4.60  -4.39   
1929 -4.20  -4.02  -3.55  -2.94  -3.33  -3.50  -3.79  -3.28  -2.98  -3.33  -3.51  -3.93   
1930 -3.07  -3.32  -2.93  -2.62  -1.32  -2.02  -2.38  -2.15  -1.24  -1.29  -0.59  -0.95   
1931 -1.27  -1.31  -1.73  -1.72  -2.37  -2.67  -3.29   1.11   0.89   0.76   1.24   1.77   
1932 1.66   2.08   1.36   1.43   1.68   2.44  -0.02  -0.58  -0.77  -1.29  -1.90  -2.01   
1933 -0.90  -1.13  -1.52  -1.55  -1.37  -1.73  -1.83  -2.32  -2.76  -2.95  -2.99  -2.92   
1934 -3.05  -3.33  -4.50  -5.62  -6.30  -5.85  -4.41  -4.25  -4.39  -3.51  -3.58  -3.12   
1935 -2.51  -2.18  -2.01  -1.63  -1.61  -1.98  -2.18  -1.94  -2.19  -2.27  -2.22  -2.15   
1936 -2.47  -1.60  -1.70  -2.39  -2.99  -3.15  -3.11  -3.03  -3.30   0.68   0.20   0.87   
1937 1.08   1.29   1.38  -0.05  -0.35  -0.48  -0.65  -1.26  -1.24  -1.71  -2.09  -1.90   
1938 -2.00   0.20   0.88   1.46   2.32   2.61  -0.07  -0.05  -0.58  -0.32  -0.45  -0.53   
1939 -0.47  -0.55   0.38   0.57  -0.18  -0.72   0.19   0.07   1.56   1.46  -0.41  -1.06   
1940 0.10   0.52  -0.47  -0.62  -1.40  -1.92  -2.70  -3.38   0.66   0.71   0.42   1.21   
1941 1.50   2.16   2.60   4.04   4.47   5.18   5.88   6.24   5.33   6.38   5.55   5.38   
1942 -0.35  -0.44  -0.42  -0.52  -0.88  -1.28  -2.00  -1.85  -2.30  -2.41  -2.71  -3.05   
1943 -2.07  -2.21  -2.12  -1.70  -2.44  -2.41  -2.91  -3.23  -3.02  -2.82  -2.57  -2.16   
1944 -2.00  -1.29  -1.16  -0.83  -0.82  -0.74  -1.28  -1.95  -2.39  -2.75   1.00   0.68   
1945 0.30   0.70   1.45   1.35   1.43   2.04   2.55   4.00   3.38   4.38  -0.28  -0.11   
1946 -0.41  -0.62  -0.14  -0.40  -0.68  -1.25  -0.71  -0.91  -1.21   1.13   2.69   2.91   
1947 -0.27  -0.64  -1.23  -1.39  -1.05  -1.16  -1.61  -1.78  -2.19  -2.20  -2.08  -1.24   
1948 -1.66  -1.34  -1.12  -1.26  -1.43  -0.71  -1.35  -1.55  -1.85  -1.63  -1.92   0.10   
1949 0.94   1.18   1.20   0.74   1.74   1.99  -0.15  -0.44  -0.82  -1.14  -1.57  -1.54   
1950 -1.49  -1.82  -2.15  -2.70  -3.34  -3.82  -3.15  -3.69  -2.91  -3.03  -2.97  -3.31   
1951 -3.18  -3.23  -3.18  -2.56  -3.00  -3.43  -3.43  -3.48  -3.72   0.12   0.26   0.81   
1952 1.38   0.96   2.01   2.98   3.01   3.34   4.27  -0.34  -0.60  -1.34  -1.13  -0.80   
1953 -1.41  -1.90  -2.21  -2.66  -2.76  -3.13  -3.17  -3.55  -3.91  -3.59  -3.77  -3.83   
1954 -3.21  -3.29  -2.55  -2.75  -3.35  -3.38  -3.44  -3.81  -3.53  -3.66  -3.33  -2.96   
1955 -2.23  -2.09  -2.35  -2.39  -2.00  -2.13   0.63   1.54   0.00  -0.72  -0.87   0.82   
1956 -0.28  -0.53  -1.13  -0.98  -1.24  -1.65  -1.69  -2.35  -2.67  -2.62  -2.81  -3.10   
1957 -2.47  -2.74  -2.92  -3.02  -1.68  -2.17  -2.93  -3.08  -3.28   1.11   1.56   1.41   
1958 1.01   0.70   1.32   1.45   1.37   0.01  -0.63  -0.57  -0.48  -0.98  -0.92  -1.60   
1959 -2.12  -1.57  -2.13  -3.21  -3.62  -4.32  -4.50  -4.46  -3.89  -4.16  -4.32  -3.79   
1960 -3.45  -3.16  -3.52  -3.87  -4.22  -4.53  -4.72  -4.99  -4.86  -4.07  -2.31  -2.46   
1961 -2.23  -2.49  -2.40  -2.50  -2.68  -2.91   0.00   0.56  -0.21  -0.49   0.09   0.16   
1962 0.05   1.57   1.64   0.96   1.61   2.11   2.05  -0.65  -0.58  -0.97  -1.47  -1.79   
1963 -2.15  -2.49  -2.52  -2.05  -2.54  -1.39  -2.26  -2.22  -1.11  -1.37  -1.06  -1.29   
1964 -1.55  -1.86  -1.75   0.67   1.23  -0.54  -1.39  -1.59  -1.85  -2.17  -1.79  -1.76   
1965 -1.99  -2.23  -2.15   1.57   1.83   1.84   2.09   2.80   2.31   1.46   2.50   3.23   
1966 -0.18   0.16  -0.50  -1.03  -1.16  -1.18  -1.13  -1.45   1.16  -0.53  -0.95   1.84   
1967 2.23   1.69   1.22   2.43   3.00   4.39   5.68   5.32   6.18  -0.59  -0.64  -0.48   
1968 -0.83  -0.45  -0.71  -0.65  -1.21  -1.18  -0.76  -0.37  -0.80  -0.63  -0.99  -1.00   
1969 1.73   3.09   2.89   2.49   2.61   4.50   5.22  -0.16  -0.51  -0.65  -0.70  -1.08   
1970 -1.52  -1.85  -1.76  -1.58  -2.46  -2.67  -1.81  -0.93  -1.25  -1.62  -1.13  -0.91   
1971 -1.22  -1.41  -1.80  -1.85  -0.93  -1.52  -1.85  -1.32  -1.63   0.08  -0.14   0.75   
1972 -0.49  -1.12  -2.12  -2.68  -3.14  -2.03  -2.78  -2.66   0.61   2.16   2.47   2.13   
1973 2.31   2.93   3.78   3.65   3.97   4.58   4.33  -0.02  -0.50  -0.66   0.11   0.01   
1974 0.59  -0.38  -0.51  -0.69  -1.28  -1.85  -1.90  -2.06  -2.44   1.93   1.83   1.71   
1975 1.24   0.90   1.66   1.92   2.48   2.46   2.56   2.71   2.99   2.82   2.44   1.72   
1976 0.91   1.79   1.54   1.76   1.80   1.27   2.69   2.07   3.49   3.84  -0.46  -0.93   
1977 -1.05  -1.68  -1.70  -2.37   1.34   1.57   0.70   1.78  -0.20  -0.72  -1.17   0.22   
1978 0.86   2.05   3.35   4.77   5.06   5.89   5.83   5.21   6.19   5.88   6.01   5.63   
1979 5.65   5.39   5.68   4.91   4.72   4.57   5.02   5.63   4.64   3.66   3.06   2.25   
1980 2.79   3.29   3.48   3.28   4.31   4.34   4.53   3.68   4.41  -0.46  -0.57  -1.14   
1981 -1.38  -1.67   0.75   0.83   1.23  -0.69  -1.30  -1.37  -1.32   0.83  -0.19  -0.81   
1982 -0.84  -1.28   0.73   0.85   0.66   0.62   0.93   1.34   3.31   3.38   3.65   3.37   
1983 3.69   3.58   4.45   4.89   4.95   5.58   5.19   8.13   7.96   7.34   7.03   6.52   
1984 5.48   4.61   3.85   3.47   2.20   1.73   3.98   4.64   4.02   3.95   3.80   4.04   
1985 3.66   3.09   3.29   2.58   2.17   1.84   2.28   1.29   1.51   1.59   2.38  -0.17   
1986 -0.41  -0.40  -0.14  -0.09  -0.65  -1.08  -1.12  -1.12  -0.80  -0.73  -0.94  -1.24   
1987 -1.14  -1.13   0.19  -0.24   0.93  -0.40  -0.33  -0.61  -1.12   0.70   2.18   2.01   
1988 2.15   1.59   0.99   2.21   2.49   2.75   2.15   2.57   2.40  -0.54  -0.67  -0.66   
1989 -0.96  -0.97  -1.39  -2.46  -1.93  -1.84  -2.49  -1.89  -1.89  -2.05  -2.33  -2.63   
1990 -2.00  -1.73  -1.92  -1.74  -1.54  -1.64  -1.92  -2.05  -1.43  -1.59  -1.78  -1.93   
1991 -2.17  -2.65  -1.66  -1.62  -1.20  -1.49  -2.02  -2.13  -1.64  -1.67  -1.79  -1.71   
1992 -0.05   0.59   1.84  -0.56  -0.58  -0.52  -0.38  -0.47  -0.63  -0.45  -0.74  -0.68   
1993 0.73   1.54   0.05  -0.39  -0.63   0.90  -0.41  -0.61  -1.07  -1.00  -0.81  -0.94   
1994 -1.32  -1.06  -1.32  -1.36  -1.32  -2.05  -2.77  -2.86  -2.63   0.18   0.80   1.09   
1995 1.78   0.94   1.53   1.95   3.74   5.01   4.77  -0.15  -0.63  -1.18  -1.84  -1.77   
1996 -1.98  -1.79  -1.74  -2.20  -2.44  -2.99  -3.16  -3.76  -3.91   0.09   0.66   0.93   
1997 1.71  -0.21  -0.97  -1.46  -1.73   0.83   0.64   0.43   1.98   1.37   1.27   0.95   
1998 0.57   2.16   2.38   2.90   4.05   5.89   6.62   6.27   7.64   7.55  -0.21  -0.66   
1999 -0.30  -0.72  -1.25   0.80   0.83   0.79   1.03   0.93   0.91  -0.67  -1.27  -1.69   
2000 -2.01  -1.01  -0.99  -1.32  -1.86  -2.24  -2.96   1.02   0.48   1.75   1.54   0.90   
2001 1.21   1.64   1.30   1.65  -0.35  -0.76  -0.38  -0.76  -1.12  -1.43  -1.31  -1.06   
2002 -1.32  -1.71  -1.99  -2.62  -3.30  -3.94  -4.33  -4.80  -4.56  -4.21  -3.73  -3.39   
2003 -3.86  -3.22  -3.13  -2.63  -2.81  -3.42  -3.76  -2.90  -2.94  -3.38   0.30   0.65   
2004 0.19   1.18  -0.80  -0.80  -1.12  -1.15  -1.26  -0.97  -1.15   1.81   2.40   3.12   
2005 4.73   5.50   5.36   5.68   6.68   7.77   8.37   8.19   7.38   7.08   5.84   4.97   
2006 4.53   3.82   4.61   4.72   4.19   3.64   3.89  -0.70  -1.03  -0.38  -0.87  -0.81   
2007 -1.12  -1.40  -1.81  -2.00  -2.91  -3.59  -3.65   0.23   1.74   1.02   0.27   1.05   
2008 1.66   2.05  -0.35  -0.77   0.28   0.30   0.68  -0.39  -0.60  -0.84   0.09   0.62   
2009 0.44   1.50  -0.40  -0.47  -0.60   0.73   0.77  -0.45  -0.99  -1.11  -1.44   0.29   
2010 1.66   2.24   2.31   2.62   2.79   3.25   2.98   2.74   1.87   3.22   3.20   6.35   
2011 5.59   5.35   5.07   4.75   5.22   5.77   5.99   5.25   4.97   4.99  -0.17  -0.43   
2012 -0.32  -0.43  -0.35  -0.51  -1.40  -2.16   0.22   1.24   1.51   1.50   0.75   0.94   
2013 0.58  -0.83 -99.99 -99.99 -99.99 -99.99 -99.99 -99.99 -99.99 -99.99 -99.99 -99.99   
