1895 0.22   0.23   0.29  -0.05  -0.51  -1.08  -1.59   0.81  -0.11  -0.69   1.12   1.93   
1896 1.06   2.47   5.76   4.17   3.19   2.06   1.60   1.63   2.35   2.15   2.14   1.10   
1897 1.73   1.73   2.72   2.24   3.00   4.94   6.37   6.28   5.41   4.15   5.24   5.72   
1898 6.72   7.72   6.21   5.84   5.20   5.10   3.49   4.04   4.33   4.17   4.30   3.80   
1899 3.56   3.59   5.82  -0.78  -1.34  -1.80  -1.16  -1.73  -1.23  -1.89  -2.08  -2.02   
1900 1.41   4.06   5.94   4.41   4.20   3.39   2.61   2.54   2.04   1.30   2.71   2.18   
1901 1.91   1.05   2.39   3.01   3.54   2.74   2.50   3.06   2.74   2.13   1.39   3.32   
1902 3.20   3.04   5.07   5.20   5.26   5.70   5.53   6.29   6.48   6.18   4.51   5.24   
1903 5.33   5.75   7.23   5.65   3.83   5.06   4.91   5.27   3.88   3.08   2.01   1.94   
1904 2.18   1.71   1.76   2.71   2.63   1.94   1.39   2.14   3.72  -0.13  -1.01  -1.60   
1905 -0.81  -1.17  -0.86  -1.15  -1.31   0.81   1.11   1.79   3.08   2.12   1.74   2.21   
1906 2.04   1.69   2.25   1.62   2.68   3.77   3.47  -0.34  -1.22  -1.53  -1.74  -1.25   
1907 -1.33  -1.56  -0.04   0.61   0.54   0.85   1.14   0.64   2.48   2.77   2.88   3.01   
1908 2.74   3.37   2.93   2.80   3.20  -0.79  -1.22  -0.24  -1.33  -2.23  -3.21   0.01   
1909 1.05   2.04   2.25   2.19   2.29   2.03   1.45   1.42   2.40  -0.67  -1.17  -1.37   
1910 0.63   1.68  -0.54  -0.72  -0.37  -0.12  -0.78   0.50   0.98  -0.79  -1.07  -1.04   
1911 -1.10   0.20   1.06  -0.93  -1.98  -2.25  -0.02   0.58   1.01   1.09   0.70   0.82   
1912 0.94   0.82   2.25   2.02   3.19   2.34   1.60   2.63   3.28   3.17   3.04   2.95   
1913 2.98   2.79   4.91  -0.82  -0.12  -1.21  -1.64  -1.90  -2.19  -2.08  -2.64  -2.35   
1914 -2.05  -2.15   1.35   3.19  -0.92  -1.14  -1.10   1.08  -0.50  -1.39  -1.69  -2.09   
1915 0.51   1.41  -1.22  -1.70  -1.91  -2.10   2.44   4.08   3.21   2.26   1.73   2.26   
1916 1.70   2.29   2.43   2.30   2.61   4.20   3.50   3.31   4.08   3.09   3.05   3.00   
1917 3.19   2.61   2.88   2.48   2.57   4.60   3.67   4.33   3.22   3.71   2.24   2.13   
1918 1.95   1.90   1.41   0.75   0.77   1.30   1.00   1.59   3.84   4.03   3.58   3.53   
1919 3.21   2.55   3.78   3.19   3.67   2.86   1.57   1.57   2.06   2.40   2.81   1.88   
1920 1.42   2.41   3.31   5.06   4.13   3.53   3.63   4.07   5.74   4.50   4.52   6.09   
1921 4.97   4.51   4.85   4.27   3.03   2.70   1.66   1.81   1.25   0.88   1.95   1.52   
1922 1.29   1.55   3.31   3.63   3.46   6.45   5.11   5.77   4.77   3.81   2.73   2.39   
1923 3.08   2.33   2.26   3.57   3.10   2.43   2.28   2.05   1.94   1.80   2.39   2.43   
1924 2.88   2.49   1.27   2.52   2.76   2.32   1.91   2.56   4.37   3.02   2.92   2.25   
1925 2.11   2.47   3.97   3.09   2.77   3.46   3.60   2.74   3.50   3.97   4.18   3.18   
1926 3.03   3.14   2.90   3.37   2.44   2.80   2.58   2.80   2.90   3.23   3.78   3.08   
1927 2.80   2.96   2.17   1.16   1.81   1.46   1.74   2.72   2.03   2.48   5.05   5.49   
1928 5.31   4.81   4.46   4.48   4.90   4.77   4.07   5.03   5.11   4.29   3.53   2.96   
1929 3.23   3.36   3.99   4.65   4.94   5.39   4.38   4.27   3.58   2.88   2.29   2.52   
1930 2.54   2.00   3.50   2.68   3.12   3.27   3.18   3.20  -0.30  -0.74  -0.84  -1.50   
1931 -1.70  -2.08  -2.33  -2.66   0.03   0.13   0.89   0.53   1.13  -0.03  -1.12  -1.18   
1932 0.58  -0.39  -0.06  -0.10  -0.56  -1.18   1.32   1.35   2.14   2.11   2.42   1.49   
1933 1.10   1.13   1.71   2.87  -0.44  -1.23  -1.03  -0.37  -0.83  -0.40  -0.94  -0.74   
1934 -0.55  -0.67  -0.79   0.97  -0.70  -0.85  -0.77  -1.11  -0.81  -1.04   0.18   0.29   
1935 1.31  -0.20  -0.77  -0.91  -0.78  -0.06  -0.63  -1.18  -0.68  -1.32  -0.90  -1.78   
1936 1.12   0.77   4.11   4.49   3.85   2.77   2.04   1.51   1.05   1.77   1.15   1.75   
1937 1.93   2.05   1.61   1.32   2.05   2.39  -0.24  -0.77  -1.14   0.76   0.78   0.71   
1938 0.94   1.02  -0.14  -0.75  -1.00  -1.38   1.31   1.40   3.65   2.71   2.11   2.56   
1939 2.19   2.19   2.13   2.95  -0.53  -0.26  -0.31  -0.97  -1.24  -0.56  -1.79  -1.78   
1940 -2.16  -2.24   0.63   1.23   1.76   1.36   1.35   0.65   1.36   0.63   1.49  -0.14   
1941 -0.68  -0.96  -1.22  -2.69  -2.76  -3.08  -2.21  -1.86  -2.18  -1.57  -1.97  -2.01   
1942 -2.21  -2.08   1.01   1.13  -0.51   0.78  -0.80  -1.71  -1.30  -1.62  -1.21  -1.00   
1943 -1.54  -1.60  -1.70   0.52   0.77   1.52   1.64   2.54   2.27   3.02   4.16  -0.87   
1944 -1.13  -1.13  -1.28  -1.00  -1.84   0.68   1.06  -0.74   0.60   0.78   0.52   0.33   
1945 0.81  -0.01  -0.70   0.44   2.12   2.15   2.31   1.36   1.91   2.52   2.95   2.81   
1946 2.67   2.50  -1.09  -1.15  -0.86  -1.19  -1.27   1.41   1.40   1.58   1.02   1.41   
1947 1.72   1.90   1.79   1.22   2.19   3.35   3.75  -1.00  -1.88  -3.42  -3.15  -3.58   
1948 -3.54  -3.65  -3.53  -3.39  -2.04  -2.07  -2.58  -2.83  -3.80  -3.99  -3.03  -2.76   
1949 -2.41  -2.38  -2.44  -2.37  -2.10  -2.27  -2.67  -2.75  -2.40  -2.76  -2.69  -2.75   
1950 -2.09  -2.11  -1.43  -1.28  -1.82  -1.33  -1.79  -1.28  -1.38  -1.71   1.29   1.32   
1951 0.90   1.71   1.82   2.61   2.06   1.18   1.83   1.83   1.76   1.30   1.76   1.74   
1952 1.47   1.90   1.58   1.29   1.67   2.55  -0.77  -1.44  -2.03  -2.23  -3.18   1.31   
1953 1.39   1.19   2.86   2.91  -0.19  -1.03  -1.50  -1.64  -2.01  -2.34  -2.89   0.08   
1954 0.15   0.75   1.22   2.02   2.89   3.72   3.74   4.03   5.85   5.47   5.12   4.92   
1955 3.67   4.11   4.04  -0.62  -0.79  -0.06  -1.00   1.04  -0.68  -0.59  -0.87  -1.61   
1956 0.70   0.48   0.95   0.81   1.30   0.58   1.00   0.98   1.50  -0.70  -1.07  -1.01   
1957 -1.16  -1.63  -2.28  -2.76  -2.59  -2.45  -1.35  -2.00  -1.95  -2.38   0.12   1.25   
1958 2.55   2.44   1.91   1.81   1.89   1.51   2.08  -0.36  -0.54  -0.20  -0.64  -1.44   
1959 -1.06  -0.98  -1.09  -1.82  -2.70  -2.20  -3.22  -3.05  -3.44   1.48   2.44   2.07   
1960 1.71   2.27  -0.40  -0.30  -0.34   0.15   0.37  -0.94  -0.51  -0.03  -0.72  -1.21   
1961 -1.74  -1.43  -1.69   0.61   0.42   0.53   0.69  -0.29  -0.94  -1.56  -1.51  -1.53   
1962 -1.63  -1.55  -1.93  -1.27  -1.36  -1.91   0.64   1.47   1.55   2.73  -0.09  -0.29   
1963 -0.41  -0.47  -0.51  -0.34  -0.66  -1.37  -1.63  -0.94  -1.44  -2.50  -1.15  -1.53   
1964 -0.94  -1.31  -0.74  -0.82  -0.91  -1.27  -1.08  -0.63  -1.22  -1.41  -1.07  -0.97   
1965 -1.50  -1.18  -2.21  -2.53  -3.44  -3.19  -3.22  -2.92  -2.02  -1.38  -1.14  -1.65   
1966 -1.29  -1.26  -0.89  -1.61  -1.67  -1.58  -1.83  -1.10  -1.01  -0.84  -0.72  -0.73   
1967 -1.15  -1.05  -1.64   0.46   1.61  -0.69  -0.57  -1.02  -1.18  -1.11  -1.33  -0.99   
1968 -1.16  -1.51   0.16   0.18   0.27   0.95  -0.45  -1.11  -1.87  -2.58   0.02   1.18   
1969 0.85   2.30   1.98   2.31   2.03   1.65   2.55   2.77   2.11   1.53   2.48   3.93   
1970 -0.86  -0.04  -0.11  -0.22  -0.35  -0.80  -1.37  -1.06  -0.81  -0.83  -1.22   0.28   
1971 -0.29   0.31   0.36  -0.59  -0.71  -1.07   0.13   0.60  -0.50  -0.91  -0.95  -0.80   
1972 -1.18   0.27   0.94   0.86   0.47   0.94   1.60  -0.01  -0.89  -0.92   0.44   1.29   
1973 1.36  -0.37  -0.82  -0.78   0.69   2.46   2.53   2.17   2.04   1.75   1.69   3.82   
1974 3.38   2.95   3.08   3.39   4.13   3.22   3.54   3.10   3.18  -0.36  -0.21  -0.31   
1975 -0.47  -0.63  -0.68  -0.64  -1.39  -1.85   0.30  -0.34   0.66   1.12   0.87   0.80   
1976 1.33   1.74   1.58   0.71   1.20   1.01   1.46   2.21   2.23   3.08  -0.63  -0.81   
1977 -0.99  -1.14  -0.99  -0.74  -1.86  -1.43  -2.10   0.32   1.02   1.92   1.67   1.74   
1978 2.89  -0.72  -1.00  -0.93  -1.57   1.10  -0.67  -1.12  -1.77  -1.80  -2.63  -2.64   
1979 -0.62  -1.11  -1.11  -1.28  -0.83  -1.69  -2.36  -2.20  -2.25  -2.16  -2.50  -2.75   
1980 -3.21  -3.82  -3.18  -3.01  -3.55  -3.83  -3.48  -3.64  -2.87  -2.17  -1.85  -2.30   
1981 -3.12   2.05   1.05   0.69   0.50   0.40   0.86   1.42   2.51   3.42  -0.84  -0.53   
1982 -0.71  -0.59  -0.78  -0.61  -1.58  -0.95  -1.59  -1.61  -1.92  -2.54  -2.12  -2.60   
1983 0.44   0.16   0.80   1.28   2.06  -0.79  -1.23  -0.57  -1.10  -1.38   1.56   2.10   
1984 1.11   1.26   1.27   0.92   2.89  -0.09   0.19  -0.99  -1.68  -2.09  -2.32  -1.95   
1985 -2.52  -2.26  -2.20  -2.53  -2.34  -2.12  -2.30  -2.01  -1.91  -2.07  -1.90  -2.27   
1986 -0.93  -1.27  -1.00  -2.21  -2.10  -1.98  -1.59  -0.85  -0.57  -0.96  -0.89  -1.24   
1987 -1.27  -2.24  -2.30  -2.00  -2.27  -1.55  -1.50  -1.87   0.44   1.04  -0.51  -0.99   
1988 -1.36  -1.43  -2.02  -1.53  -2.03  -2.49  -2.31  -1.00  -1.39  -1.62  -1.11  -1.92   
1989 -2.33  -2.65  -2.48  -0.04   0.31   0.56  -0.72   1.04   1.50   1.73   2.58   1.60   
1990 2.24   2.18   1.54   1.15   1.54   2.18   1.96   3.20   2.60   4.06   3.36   3.85   
1991 -0.25  -0.71  -0.59  -0.53  -0.71  -1.23  -2.06   1.31   1.72   2.27  -0.50  -0.51   
1992 -0.67  -0.72  -0.37  -0.28  -1.27  -1.75  -1.71  -1.54  -1.39  -1.24  -0.81  -1.31   
1993 -1.23  -1.10  -0.79  -0.92  -1.52  -1.61  -1.63  -1.97  -1.53  -1.36  -1.56  -1.42   
1994 -0.77  -1.45   0.30   0.63   0.58  -0.08  -0.25  -0.24  -0.16  -1.07  -1.73  -2.03   
1995 -1.73  -1.79  -1.81  -2.12  -2.22  -3.27  -3.26  -3.60  -3.63   1.42   1.86   1.58   
1996 1.90   2.02   1.11   2.34   3.02   2.81   4.25  -0.79  -1.37   0.70   0.19   0.80   
1997 0.67   0.41   0.48   0.30   0.45   0.13   0.57   1.17   0.73   0.13   0.83   0.32   
1998 1.51   1.34   1.34  -0.64  -1.21   1.90   2.36   2.18   1.90   1.81   1.42   0.60   
1999 2.25   1.25   2.29  -1.22  -1.34  -1.51  -1.23  -1.37   1.93   2.47   2.02   1.22   
2000 1.53   1.77   1.43   3.00   3.68  -0.58  -0.60  -0.66  -0.61  -0.86  -0.91  -0.24   
2001 -0.84   0.50   1.30  -1.11  -1.79  -2.20  -2.00  -2.81  -2.68  -2.99  -3.41  -3.66   
2002 0.08   0.67   0.72   1.39   1.59   3.32  -0.27  -1.48  -1.51  -1.58  -1.32  -1.55   
2003 -2.03  -2.17  -2.12  -2.43  -1.92  -2.11  -1.98  -0.03   0.13   1.54   1.44   3.18   
2004 -0.77  -1.37  -1.92  -1.82   0.40  -0.37   0.23   1.90   1.52   0.83   0.74   0.85   
2005 0.73   0.55   0.72   1.59   2.07   2.24   2.57   2.98   3.22   6.58   6.87   6.66   
2006 6.47   5.65   4.55   3.98   5.01   6.43   6.40   7.16   6.22   7.94   6.83   6.47   
2007 6.03   5.48   5.23   6.43   6.16   5.57   5.69   5.58   5.19   5.50   5.78   5.64   
2008 4.67   5.44   5.59   5.25   4.06   5.18   6.53   7.53   7.06   7.22   6.92   7.37   
2009 6.47   6.19   5.26   4.59   4.89   5.46   6.53   6.40   5.34   5.92   5.70   5.29   
2010 4.71   4.71   5.18   4.89   3.83   4.38   3.91   4.16   4.18   5.95   5.15   5.13   
2011 4.23   4.07   4.26   5.12   5.43   4.73   3.71   5.12   5.07   5.38   4.12   4.00   
2012 3.57   2.54   1.62   1.77   2.35   2.97   2.59   2.55   2.95   3.17   1.65   2.12   
2013 1.53   1.25 -99.99 -99.99 -99.99 -99.99 -99.99 -99.99 -99.99 -99.99 -99.99 -99.99   
