1895 0.10  -0.37  -0.44  -0.63  -1.04  -1.62  -1.70  -1.05  -1.39  -1.88  -1.49  -1.09   
1896 -1.74   1.27   3.30  -1.01  -1.37  -1.93  -2.00   0.03   0.90   1.29  -0.01  -0.82   
1897 0.30   0.20   0.59  -0.54   0.56   1.58   2.71   2.77   2.09   1.12   2.07   2.42   
1898 3.11   3.71   2.44   2.63   2.34   2.07   1.37   2.42   2.50   3.04   3.49   2.83   
1899 2.54   2.54   4.00  -0.94  -1.71  -2.18  -1.86  -2.23  -1.87  -2.75  -3.54  -4.06   
1900 0.90   3.49   4.47  -0.94  -0.79  -1.21  -1.72  -1.59  -1.49  -1.68  -0.65  -1.01   
1901 -1.41  -2.35   0.89   2.16   3.13   2.02   1.99   2.47   2.11   1.77   0.91   2.61   
1902 2.27   2.24   3.06   3.28   2.93   3.01   3.07   4.06   4.59   4.72   3.21   3.83   
1903 3.70   3.98   4.61   3.49   1.98   3.54   3.17   3.61  -0.60  -0.65  -1.34  -1.35   
1904 -0.88  -1.18  -1.20   1.74   0.00  -0.19  -0.75   0.57   1.25  -0.31  -0.97  -1.53   
1905 -0.86  -1.48  -1.33  -1.82  -2.33   0.47   0.31   1.19   2.64  -0.64  -1.08  -0.65   
1906 -0.73  -0.96  -0.40  -0.84   1.32   1.96   2.16  -0.45  -1.32  -1.59  -2.14  -1.84   
1907 -2.00  -2.41  -2.55  -2.28  -2.11  -2.02  -1.91  -2.30   1.83   2.34   2.57   2.40   
1908 2.02   2.40  -0.30  -0.79  -0.32  -1.44  -1.54   0.97  -1.02  -1.72  -3.03  -3.31   
1909 -2.47  -1.42  -1.20  -0.99  -1.27  -1.46  -1.97  -1.77  -1.42  -2.13  -2.78  -2.87   
1910 -2.12  -0.94  -1.71  -1.92  -1.98  -1.58  -2.23  -1.77  -1.70  -2.66  -3.02  -3.16   
1911 -3.18  -2.91  -2.33  -2.95  -3.74  -3.93   0.16   0.83   0.82   1.04   0.93   0.69   
1912 0.54   0.09   1.13   0.87   1.31  -1.04  -1.31   0.80  -0.03  -0.38  -0.62   0.30   
1913 0.17   0.17   1.35  -0.44  -0.07  -1.13  -1.75  -1.77  -2.04  -1.53  -2.10  -2.20   
1914 -2.06  -2.17   0.79   2.24  -0.65  -1.22  -1.33   0.91  -1.12  -2.18  -2.81  -3.04   
1915 -2.14  -1.32  -2.48  -2.87  -3.30  -3.56   2.60   4.40   3.27   2.50   1.79   2.02   
1916 1.17   1.81   1.71   1.83   1.90   3.30   3.33   3.27   3.77  -0.74  -0.84  -0.87   
1917 -0.71  -1.10  -0.80  -1.05   0.28   1.96  -0.84  -0.42  -1.30  -0.56  -1.50  -1.53   
1918 -1.55  -1.53  -1.81  -2.02  -2.11  -1.73  -2.06   0.75   2.44  -0.11  -0.49  -0.41   
1919 -0.42  -0.82   0.81   0.27   0.87  -0.69  -1.30   0.31   0.91   1.10   1.85  -0.73   
1920 -1.06   0.85   1.32   2.55   2.15   2.19   2.13   2.81   3.93   2.70   2.74   3.59   
1921 -0.56  -0.66  -0.62  -0.45  -0.95  -0.93  -0.50  -0.31  -0.64  -1.05   0.90  -0.41   
1922 -0.73   0.14   1.33   1.05   1.22   3.59   3.02   3.70  -0.15  -0.51  -1.36  -1.42   
1923 -0.68  -1.23  -1.27   1.33  -0.51  -1.00  -1.06  -1.09  -1.39  -1.44   0.63   0.75   
1924 0.95  -0.30  -1.14   1.00  -0.13  -0.51  -0.82   0.62   2.05  -0.96  -0.77  -1.27   
1925 -1.31   0.12   1.10  -0.64  -0.84   0.32   0.69   0.03   0.21   0.79   0.77   0.36   
1926 0.16   0.61   0.32   0.51  -0.63  -0.64   0.10   0.38   0.15   0.45   0.95  -0.31   
1927 -0.48  -0.17  -0.88  -1.70   0.19  -0.21   0.37   1.27   1.11   1.54   3.32   3.46   
1928 3.03   2.74   2.17   2.21   2.30   2.53   2.48   3.80   3.84   3.19   2.58   1.86   
1929 1.95   2.27   2.43   2.84   3.00   2.84  -0.58  -0.18  -0.57  -0.96  -1.45  -1.18   
1930 -1.17  -1.54   0.67  -0.70   0.22   0.09   0.38   0.73  -0.75  -0.92  -1.15  -1.77   
1931 -2.02  -2.45  -2.22  -2.40   0.07   0.79   0.85   1.23  -0.09  -0.21  -1.27   0.20   
1932 0.57  -0.26  -0.34  -0.64  -1.40  -1.97  -2.12  -2.15   0.78   0.77   1.18  -0.88   
1933 -1.11   0.17   0.84   2.47  -0.64  -1.32  -1.77   0.70   0.91   1.41  -0.64  -0.76   
1934 -0.85  -1.02  -1.12  -0.63  -0.95  -0.83  -0.74  -1.28   1.08  -0.08  -0.33  -0.34   
1935 1.05  -0.16  -0.93  -1.09  -1.47   1.03  -0.15  -0.76  -0.12  -0.94  -0.91  -1.69   
1936 1.16   0.81   2.90   2.85  -0.70  -1.29  -1.35  -1.09  -1.78  -1.30  -1.81   1.17   
1937 1.28   1.17   1.16   1.47   1.98   2.30   1.82   1.41   0.98   1.15   1.99   1.79   
1938 1.90  -0.46  -0.96  -1.35  -1.31   0.37   2.17   1.94   4.43  -0.19  -0.53  -0.28   
1939 -0.42  -0.40   0.07   0.72  -0.67  -0.92  -1.57  -1.63  -1.97  -1.88  -3.06  -3.33   
1940 -3.46  -3.20   0.19   0.99   1.40   1.10   1.39  -0.66  -0.59  -1.48  -0.88  -0.81   
1941 -1.20  -1.41  -1.93  -3.43  -3.36  -3.57  -2.84  -3.16  -3.73  -3.92  -4.28  -4.18   
1942 -4.04  -3.86  -2.43  -3.12  -3.40  -2.73  -1.76  -2.16  -1.98  -2.15  -1.62  -0.93   
1943 -1.27  -1.72  -1.90   0.28   0.64   0.22   0.82   1.47   0.71   1.16   1.84  -1.08   
1944 -1.49  -1.44  -1.03  -0.82  -1.64   1.03  -0.17  -1.23   0.91   0.79   0.68   0.30   
1945 0.53   0.70  -0.91   0.18   1.21   2.04   2.69  -0.69  -0.89   0.11   0.55   1.05   
1946 -0.05  -0.21  -1.28  -1.37   0.56   0.24   0.17   1.53   1.79  -0.28  -1.08   0.04   
1947 0.22  -0.35  -0.22  -0.37   0.31   1.01   1.37  -0.88  -1.46  -2.76  -2.39  -2.61   
1948 -2.51  -2.71  -2.67   0.04   1.03   1.27   1.18  -0.30  -1.34  -1.89  -1.34  -1.48   
1949 -0.96  -1.06  -1.54  -1.63  -1.46  -2.03  -2.35  -2.60  -1.92  -2.26  -2.53  -2.88   
1950 -2.07  -1.89  -1.52  -1.45  -1.92  -1.98  -2.54  -2.04  -2.15  -2.50   0.39   0.38   
1951 0.03   1.17   1.78   1.82   1.49   1.22   1.88   2.03   1.94   2.16   2.96   2.99   
1952 3.10   3.06   2.70   2.59   2.62   2.67  -0.55  -0.60  -0.70  -1.30  -2.12   0.61   
1953 1.27   1.07   2.92   3.02   2.99  -1.10  -1.54  -1.21  -1.90  -1.70  -2.11   0.18   
1954 -0.22   0.11   0.30   0.49   2.29   2.32   1.97   2.41   3.83   3.17   3.42   3.21   
1955 -0.92  -0.21  -0.01  -0.57  -1.04  -0.83  -1.73   1.13  -0.53   0.80   0.83  -1.00   
1956 0.65   0.82   1.39   1.45  -0.23  -0.63  -0.43  -1.11   0.59  -0.40  -0.78  -0.40   
1957 -0.84  -1.56  -2.15  -2.79  -2.73  -2.73  -2.54  -3.02  -3.38  -3.48   0.17   0.90   
1958 2.49  -0.12  -0.64  -0.32  -0.49  -0.88  -0.37  -0.92  -0.84  -0.91  -0.87  -1.58   
1959 -1.32  -1.26  -0.87  -1.18  -2.07  -1.69  -1.94  -1.29  -1.76   1.17   1.83   1.78   
1960 1.48   2.02   1.59   1.89   1.97   1.74   2.04   1.43   2.70   2.72  -0.31  -0.68   
1961 -1.30  -1.16  -1.38   0.60  -0.03  -0.34  -0.07  -0.29  -0.69  -1.31  -1.58  -1.55   
1962 -1.63  -1.24  -1.63  -1.51  -1.52  -1.68   0.45   0.41   0.32   2.27   2.00   1.98   
1963 -0.19  -0.27  -0.34  -1.09  -1.14  -1.72  -2.35  -2.07  -2.20  -3.20  -1.87  -2.21   
1964 -1.44  -1.73  -1.32  -1.38  -1.99  -2.81  -2.99  -2.67  -3.45  -3.80  -4.04  -3.73   
1965 -3.99  -3.22  -3.76  -3.73  -4.37  -4.25  -4.33  -4.43  -4.12  -3.86  -3.80  -4.05   
1966 -3.56  -3.35  -3.31  -3.90  -3.59  -3.54  -3.50  -3.07  -2.27  -1.82  -1.66  -1.74   
1967 -2.26  -1.82  -2.08   0.46   1.29   1.10   1.22  -0.16  -0.42  -0.91  -1.16   0.51   
1968 -0.38  -1.20   0.43   0.00   0.54   1.64  -0.82  -1.23  -1.54  -2.01   0.67   1.63   
1969 0.97   2.05   1.65   1.51   0.82   0.94   1.58   1.43   1.25   0.64   1.57   2.98   
1970 -1.00   0.86   0.85   0.84  -0.12  -0.37  -0.83  -1.03  -0.90  -0.79  -1.12  -0.84   
1971 -1.17   0.60  -0.10  -0.69  -0.60  -1.10   0.25   0.41  -0.38  -0.77  -0.81  -0.83   
1972 -1.26   0.53   1.27   1.10   1.13   1.79   2.33   2.05   1.61   1.63   2.69   3.44   
1973 3.28   2.59   2.00   2.92   3.44   4.08   3.51   3.38   2.68   2.34   1.64   3.57   
1974 3.25   2.66   2.75   2.13   2.58  -0.32  -0.96  -1.27   0.80   0.46   0.47   0.61   
1975 0.91  -0.04  -0.07  -0.05  -1.04   0.12   0.72   1.39   2.18   2.99   3.22   3.21   
1976 3.31   3.10   2.71   2.00   2.27   1.26   1.69   1.99   1.68   2.43  -0.75  -0.96   
1977 -0.94  -1.08   0.75   0.82  -0.64  -0.19  -0.75  -0.71   0.91   2.42   2.12   2.62   
1978 3.81  -0.89  -1.20  -1.35  -1.36  -0.85  -1.26  -1.25  -1.95  -1.82  -2.41  -2.22   
1979 2.01   1.57   1.25   1.38   1.90  -1.00  -1.01   0.56   0.62   1.27  -0.25  -0.80   
1980 -1.62  -2.40  -1.47  -0.95  -1.68  -1.63  -1.86  -2.24  -2.32  -2.08  -1.99  -2.70   
1981 -3.42   2.84   1.52   1.13   0.92   0.81   1.61   1.64   2.03   3.00   2.47   2.55   
1982 2.56   2.39   1.95   1.91   1.08   2.57  -0.22  -0.25  -0.64  -1.16  -1.58  -2.21   
1983 0.40   0.40   1.97   2.90   3.47  -0.65  -1.42  -1.02  -1.89  -1.85   1.56   2.45   
1984 1.70   2.61   2.62   2.57   4.65   4.03   4.24  -0.78  -1.55  -1.49  -1.79  -1.71   
1985 -2.36  -2.27  -2.24  -2.98  -2.98  -2.73  -3.09   0.43   0.75   0.62   1.29   0.50   
1986 1.33  -0.17   0.22  -0.89  -1.31   0.74   1.75   2.10   1.90   1.44   1.83   2.06   
1987 2.14  -1.32  -1.48   1.41  -0.80   0.93   0.49   0.32   0.97   1.60  -0.42  -0.90   
1988 -1.24  -1.01  -1.59  -1.21  -1.00  -1.77   1.13   1.64   1.18   0.77   1.43  -0.86   
1989 -1.54  -1.54  -1.71   0.10   0.78   1.45   1.30   1.73   1.86   2.72   2.80   1.59   
1990 1.83   1.83   1.07   1.04   1.88   1.70   1.14   3.32   2.72   3.70   3.16   3.35   
1991 -0.24  -0.73  -0.53  -0.80  -1.09  -1.42  -1.76   2.10   3.00   3.09   2.91   0.01   
1992 -0.27  -0.68  -0.52  -0.89  -1.42   0.15   0.70   0.99   0.88   0.81   1.17  -0.35   
1993 -0.70   0.06   0.72   0.98  -0.99  -1.36  -1.81  -2.02   0.18   0.19   0.37   0.61   
1994 1.09  -0.69   0.83   0.39   0.76   0.13   0.20   0.30   0.88  -0.80  -1.25   0.48   
1995 0.62  -0.06  -0.47  -1.01  -1.10  -1.80  -1.44  -1.83  -2.06   1.60   2.38   1.83   
1996 2.38   2.31   1.76   3.16   3.43   2.74   3.87   2.34   2.26   4.43   3.61   4.44   
1997 4.14   3.49   3.54   3.87  -0.10  -0.88  -0.71  -0.22  -0.66  -1.28   0.65   0.33   
1998 0.91   1.13   1.21   0.43   0.15   2.96  -0.38  -0.74  -1.25  -0.82  -1.13  -1.85   
1999 1.22   0.75   1.29  -1.38  -1.33  -1.87  -2.05  -2.23   1.93   2.17   1.38   0.56   
2000 0.61   0.94   1.02   2.12   1.82   1.86   2.53   2.11   1.77   1.50   1.40   1.42   
2001 0.57   0.55   1.99  -1.11  -1.76  -1.03  -1.03  -1.87  -1.66  -2.45  -3.55  -3.92   
2002 -3.94  -3.53  -2.85  -2.48  -1.82  -0.84  -1.72  -2.42  -2.56  -0.03   0.21   0.33   
2003 0.06   0.09   0.05   0.06   0.36  -0.29  -0.77   1.11   1.70   2.71   2.30   3.07   
2004 -0.93  -1.61  -2.19   1.49   1.86   1.41   1.64   2.06   2.42   1.92   1.84   1.93   
2005 1.62   1.40   1.66   2.32   2.92   3.05   2.71   2.48   1.95   5.87   5.92   5.60   
2006 5.43   4.73   3.37   2.69   4.89   6.81   6.92   6.72   5.86   7.08   6.79   5.95   
2007 5.27   4.22   3.96   5.63   4.87   4.29   4.49   3.38   2.81   2.62   2.39   2.55   
2008 2.09   4.78   5.20   4.70   3.34   3.47   4.57   5.08   6.44   6.11   5.59   6.14   
2009 5.52   4.60   4.00   3.55   3.33   4.22   5.64   6.01   4.93   5.54   4.87   4.75   
2010 4.09   4.61   6.21  -0.90  -1.49  -1.63  -2.15  -2.21  -2.82   1.07   1.01   1.06   
2011 0.76   1.02   1.65   2.06   1.99   2.39   1.53   3.81   4.57   5.70  -0.17   0.25   
2012 0.26  -0.91  -1.76  -1.97   0.44   0.98   0.16   0.48   0.72   1.51  -1.14  -0.64   
2013 -1.09  -0.84 -99.99 -99.99 -99.99 -99.99 -99.99 -99.99 -99.99 -99.99 -99.99 -99.99   
