1895 0.24  -0.72  -0.94  -0.68  -1.19  -1.46  -1.38  -2.00  -2.81  -2.60  -2.67  -2.74   
1896 -3.18  -1.37  -0.62  -1.54  -2.03  -1.44  -1.01  -1.73  -1.26  -1.33  -1.62  -2.07   
1897 -2.02  -1.82  -1.99  -1.91   0.37   0.34   2.56   2.43   1.71   0.84   0.92   1.24   
1898 1.35   1.48   1.05   0.99   1.71  -0.78  -0.77  -0.40  -1.16   0.88   1.64   1.28   
1899 1.25   2.04   2.78  -0.71  -1.41  -1.82  -1.51  -1.67  -0.70  -0.81  -1.22  -1.58   
1900 0.02   1.10   0.04  -0.62  -0.54  -0.97  -0.85  -1.33  -1.78  -1.86  -1.93  -2.16   
1901 -2.44  -3.07   0.44   1.52   1.92   0.87   0.95   2.13   1.99   1.61   1.09   2.17   
1902 1.72   2.67   2.47   2.01   1.13   1.89   2.29   2.01   2.37   3.44   2.30   3.04   
1903 2.76   3.11   2.82   2.44   0.85   2.61   2.73   3.41   2.90   4.77  -0.65  -0.56   
1904 -0.59  -0.76  -0.73  -0.45  -0.99  -1.21   0.11   0.80   1.16   1.55  -0.50  -0.86   
1905 -0.60  -1.01  -0.88  -1.18  -1.99  -1.85  -1.79  -1.34  -0.89  -0.74  -1.15  -1.29   
1906 -1.50  -1.71   0.39   0.40   0.36   0.27   0.52   0.53   0.06   0.59  -0.70  -0.67   
1907 -0.57  -0.74  -0.98  -0.81  -0.53  -0.26  -0.77  -1.15   1.28   2.19   2.31   2.36   
1908 2.11   2.69  -0.17  -0.65   0.62  -0.62  -0.71  -0.60  -1.20  -1.54  -2.42  -2.67   
1909 -2.57   0.95   0.70   1.48  -0.60  -0.97  -1.54  -1.67  -1.73  -2.38  -2.93  -2.81   
1910 -1.92  -1.44  -2.53  -1.97  -2.21  -1.69  -2.49  -2.74  -2.57  -2.92  -2.74  -2.82   
1911 -2.71  -2.52  -2.44  -2.20  -3.01   0.39  -0.42   1.12   1.21   2.39   2.38   1.98   
1912 1.37   0.98   2.11  -0.04  -0.10  -0.83  -1.19  -1.18   0.25   0.25   0.03   0.26   
1913 -0.09  -0.27   0.41   0.87  -0.34  -1.11  -1.85  -2.13  -1.97   1.55  -0.34  -0.55   
1914 -0.42  -0.46  -0.40  -0.35  -0.82  -1.15  -0.69  -1.17  -2.04  -2.62  -2.96   0.07   
1915 1.08   1.86  -0.95  -1.48  -1.56  -1.79   0.64   1.66  -0.37  -0.40  -0.93  -0.36   
1916 -1.08   0.54   0.48   0.32   0.02   0.50   0.62  -0.84  -1.03  -1.76  -2.32  -2.22   
1917 -2.13  -2.39  -2.07  -2.35   0.09   0.33   0.34  -0.27  -0.54   1.49  -0.86  -0.86   
1918 -0.69  -0.86  -1.62  -1.52  -1.44  -1.23  -1.11  -1.66  -1.33  -1.84  -2.31  -2.24   
1919 -2.12   0.03   0.36  -0.37  -0.17  -0.44   0.93   1.44   1.23   1.36   0.01  -0.34   
1920 -0.70   0.29   0.16   0.49   0.12   0.95   1.51   1.64   1.71  -0.46  -0.48   0.56   
1921 -0.33  -0.08  -0.60  -0.85  -0.96  -1.16  -1.31  -1.36  -1.47  -2.16  -2.01  -2.24   
1922 -2.54  -2.44  -1.98  -2.26  -2.19  -1.05  -0.60  -0.70  -1.16  -1.66  -2.47  -2.55   
1923 -1.68  -1.81  -1.80  -1.79  -2.35  -2.83  -3.02  -3.48  -3.31  -2.71  -2.89   0.04   
1924 0.32   0.55  -0.75   0.84   1.22  -0.04  -0.47  -0.57   0.68  -0.89  -1.45  -1.76   
1925 -1.51  -1.67  -1.70  -2.19  -2.24  -2.34  -1.15  -1.75  -1.76  -0.92  -0.96  -1.08   
1926 -1.37  -0.56  -0.94  -1.25  -1.72  -1.79  -0.02   0.48   0.87   1.61   1.53  -0.14   
1927 -0.53  -0.47  -1.31  -1.71  -1.53  -1.54   0.60   1.98   1.50   3.21   2.91   2.82   
1928 1.96   2.18   1.63   1.80   1.05   2.14   2.73   2.72  -0.05  -0.53  -1.10  -1.78   
1929 -1.59  -1.18  -1.53  -0.65  -0.69  -1.00  -1.66  -2.22  -1.93  -1.30  -1.53  -1.52   
1930 -1.74  -1.69  -1.91  -2.18  -2.46  -2.06  -1.98  -2.30  -2.77  -3.08  -2.96  -2.96   
1931 -3.11  -3.06  -2.82  -2.85  -2.51  -1.80  -1.44  -1.50  -2.00  -2.29  -3.23  -3.68   
1932 -3.30  -3.22  -2.48  -2.69  -2.95  -2.81  -3.16  -3.50  -3.81   0.68   2.14   1.53   
1933 0.74   0.76   1.14   1.37   0.02  -0.49  -0.75   1.50   2.34  -0.13  -0.98  -1.06   
1934 -1.05  -1.24  -1.19  -0.94  -0.80  -0.80  -1.01  -1.26   1.59   0.00  -0.26  -0.45   
1935 -0.38  -0.52  -1.07  -1.64  -2.26  -1.93  -1.34  -1.90   0.17   0.54   0.59  -0.66   
1936 1.12   0.95   1.43   1.30   0.72   1.31  -0.72  -0.82  -1.17  -1.12  -1.73   0.82   
1937 1.65  -0.22  -0.48  -0.17  -0.52   0.35   0.08   0.82   0.50   1.00   1.17  -0.41   
1938 -0.19  -0.52  -1.11  -1.36  -1.42   1.35   2.56   1.77   3.03   2.45   2.02   1.80   
1939 1.69   2.46   2.43   2.63  -0.93  -1.09  -1.76  -1.88  -2.45  -2.34  -2.80  -3.17   
1940 -3.24  -0.04   0.77   1.48   1.96   1.85   1.28   1.47   1.43   1.31   1.43  -0.03   
1941 -0.15  -0.36  -0.63  -1.40  -2.04  -1.59  -1.00  -0.69  -1.63  -2.21  -2.39  -2.11   
1942 -2.07  -1.95  -1.23  -2.08  -2.36  -0.04   0.85   2.40   2.80   2.62   2.60   2.84   
1943 -0.12  -0.49  -0.79  -0.97  -0.51  -0.81  -0.80  -1.15  -1.76   1.23  -0.08  -0.80   
1944 -0.74  -0.89   0.71   1.19  -0.92  -0.75  -1.60  -2.35   0.69   0.15   0.80   0.67   
1945 0.64   0.68  -0.78  -0.92   0.61   0.89   2.55   2.51   2.66   2.29   2.67   2.69   
1946 -0.64  -0.89  -1.39  -2.12   0.94   1.34   1.79   1.96  -0.02  -0.53  -1.34  -1.68   
1947 -1.51  -1.75  -1.75   0.34   1.32   1.48   1.53  -0.27  -0.52  -1.13   0.94   0.81   
1948 1.00   0.63   0.43   0.33   1.34   1.96  -0.09  -0.04  -0.91  -1.46  -1.57   1.01   
1949 1.84  -0.05  -0.76  -0.63  -0.44  -1.84  -2.08  -2.49  -2.25  -2.94  -3.62  -3.72   
1950 -3.69  -2.66  -2.09  -2.34  -2.20  -2.25  -1.73  -1.39  -1.63  -2.09   0.42   0.89   
1951 0.88   1.43   2.11   1.62   1.40   1.35   1.82   1.48   0.79   1.00   1.96   2.29   
1952 2.57   2.03   2.35   3.10   3.34   3.30   3.21   3.46   3.48   2.55   2.61   2.60   
1953 3.19   2.52   3.40   3.78   3.48  -0.58  -0.73  -1.44  -1.99  -2.09  -2.57  -2.04   
1954 -2.33  -2.56  -2.41  -2.57  -2.14  -2.97  -3.63  -2.55  -1.80  -1.99  -1.12  -0.94   
1955 -1.70  -1.40  -1.14  -1.60  -2.35  -2.16  -3.27   2.48   1.95   3.64  -0.22  -1.19   
1956 -1.61   0.75   1.16   1.07   0.57   0.51   0.88   0.62   0.67   0.58   0.49   0.64   
1957 -0.46  -0.65  -1.04   0.51  -0.48  -1.20  -2.00  -2.62  -2.86  -2.96  -2.94   0.98   
1958 1.45   1.86   1.79   2.40   2.15   1.67   1.54   1.02   1.02   1.86  -0.23  -0.89   
1959 -1.11  -1.40  -1.30  -1.59  -2.39  -1.86  -1.90  -1.51  -1.94   0.55   0.53   0.82   
1960 0.70   1.15  -0.41  -0.62  -0.57  -1.07   1.00   1.42   2.22  -0.24  -0.70  -0.83   
1961 -0.93   0.19   0.51   1.13  -0.12  -0.60  -0.04  -0.04  -0.80  -1.45  -1.70  -1.64   
1962 -1.69  -1.00  -1.20  -1.05  -1.82  -1.87  -2.26  -1.81  -1.69  -1.52  -1.14  -1.28   
1963 -1.46  -1.57  -1.60  -2.51  -2.62  -2.83  -3.01  -3.44  -2.97  -3.95  -2.94  -3.08   
1964 -2.33  -2.15  -2.56  -1.65  -2.47  -2.44  -2.36  -3.29  -3.78  -4.41  -4.74  -4.37   
1965 -4.19  -3.70  -3.66  -3.71  -4.29  -4.81  -5.10  -4.94  -4.93  -4.68  -4.89  -5.07   
1966 -4.68  -3.86  -4.02  -3.89  -3.47  -4.19  -4.89  -5.25   0.83   1.17   1.01   1.05   
1967 -0.68  -1.01   0.89   0.40   0.52   0.26   0.84   1.67  -0.40  -0.44  -0.71   0.64   
1968 -0.39  -1.21  -0.96  -1.38   0.99   1.53  -0.84  -1.28  -1.76  -2.25  -1.88  -1.56   
1969 -2.00  -2.13  -2.08  -2.13  -2.35  -2.22   1.24   1.20   1.49   1.03   0.86   1.50   
1970 -0.90  -0.59  -0.56  -0.45  -0.74  -1.03  -1.29  -1.32  -1.80   0.11   0.54  -0.23   
1971 -0.45   0.93  -0.13  -0.53  -0.29  -1.14   0.15   1.82   2.31   2.36   2.62   1.77   
1972 1.25   1.82   1.59   1.34   1.87   4.26   3.71   2.60   1.78   1.96   3.56   4.00   
1973 4.00   3.90   3.22   3.85   3.89   4.26   3.79   3.49   3.08   3.17   2.21   3.69   
1974 3.33   2.49   2.72   2.33   2.05   2.08   1.24   1.70   2.59   2.23   1.40   1.71   
1975 2.22   2.30   2.21   1.81   1.63   2.53   4.18   3.82   5.05   4.93   4.33   3.67   
1976 3.95  -0.20  -0.86  -1.29  -1.16  -0.89  -0.88  -0.85  -0.87   1.13  -0.83  -1.09   
1977 -1.60  -1.52   0.99   1.04  -0.81  -0.40  -1.03  -1.09   0.25   0.67   1.61   2.10   
1978 3.51   2.57   2.35   1.56   2.36   1.76   1.42   1.83   1.70   1.22   0.72   1.02   
1979 3.37   3.66   3.04   2.78   3.10   2.67   2.13   1.98   2.76   2.98  -0.14  -0.54   
1980 -0.98  -1.70   1.25   2.16  -0.58  -0.63  -0.99  -1.92  -2.57  -2.21  -2.16  -2.84   
1981 -3.52  -2.05  -2.73  -2.67  -2.15  -2.04  -1.58  -2.21  -2.11  -1.65  -2.18   0.39   
1982 0.91   0.76   0.16   0.88   0.36   1.22  -0.25  -0.42  -0.63  -1.24  -1.34  -1.86   
1983 0.27   0.29   1.76   3.75   3.77   3.32   2.42   1.62   0.91   1.33   1.78   3.30   
1984 2.50   2.69   3.29   3.62   4.95   4.15   5.19  -0.70  -1.09  -1.17  -1.47  -1.43   
1985 -2.08  -2.12  -2.80  -3.56   0.29   0.86   0.86   0.67   1.13   0.61   1.65   0.87   
1986 1.17   1.49  -0.64   0.64  -0.86  -0.99  -0.54  -0.21  -0.47  -0.87   0.97   1.41   
1987 1.74  -0.87  -1.24   0.72  -0.62  -0.75   0.36   0.60   1.06   1.77  -0.11  -0.64   
1988 -0.78  -0.19  -0.76  -1.23  -0.70  -1.65   0.91  -0.35  -0.61  -0.68   1.03  -0.72   
1989 -1.19  -1.12  -1.01  -1.08   1.69   2.41   2.12   2.04   3.06   3.82   3.18   1.93   
1990 2.22   1.54   0.88   0.57   1.91   1.53   1.35   2.48   1.86   2.48   1.98   2.51   
1991 -0.01  -0.62  -0.36  -0.41  -0.95  -1.24  -1.28  -1.31  -0.96  -1.27  -1.61  -1.41   
1992 -1.69  -2.08  -1.86  -2.23  -2.27   0.93   1.04   0.99   0.89   0.47   1.07   1.37   
1993 1.00   0.90   1.84   2.12  -1.03  -1.34  -2.24  -2.69   0.46   0.74   0.66   0.87   
1994 1.54   1.54   2.09   1.55   1.26   1.46   1.31   1.70  -0.27  -0.78  -0.72  -0.98   
1995 -0.89  -1.02  -1.66  -2.15  -2.11  -2.47  -2.17  -3.04  -0.02   1.39   1.83   1.24   
1996 2.22   1.73   1.72   2.03   1.64   1.91   2.84   2.00   2.40   3.87   3.37   4.40   
1997 4.02   3.01   2.80   2.52   2.12   1.45   1.74   1.59   1.19   0.68   0.69   0.77   
1998 0.73   1.29   1.10   1.46   1.94   2.52  -0.76  -1.25  -1.78  -2.03  -2.73  -3.63   
1999 -2.10  -1.99  -1.36  -1.76  -1.86  -2.75  -3.86  -3.64   2.04   2.01   1.40   0.98   
2000 0.81   0.37   0.11   0.01   0.12   0.43   0.98   1.41   1.35  -0.61  -0.79  -0.35   
2001 -0.59  -0.66   0.60  -0.77  -0.90  -0.08  -0.44  -0.96  -0.85  -1.77  -2.71  -3.30   
2002 -3.76  -4.42  -4.07  -3.71  -3.03  -2.23  -2.91  -3.08  -2.86   1.14   1.37   1.55   
2003 1.24   1.68   1.67   1.19   1.08   3.18   2.61   2.83   3.47   4.18   3.81   4.35   
2004 3.55   2.98   2.25   2.31   1.98   1.39   2.51   2.31   3.40   2.64   2.53   2.41   
2005 2.66   2.26   2.40  -0.01  -0.67  -0.81  -1.09  -2.18  -2.93   3.30   3.01   2.74   
2006 3.04  -0.31  -1.43  -1.42  -1.55   1.60   1.57   1.27   1.45   2.82   3.08   2.26   
2007 1.99   1.33   1.48   3.79   2.58   2.27   2.49   2.84   1.72   2.00   1.48   1.94   
2008 1.21   2.49   2.54  -0.52  -0.39  -0.72  -0.88  -1.44   0.67   0.93   0.56   1.54   
2009 -0.24  -1.22  -1.87  -1.95   0.15   1.46   1.81   2.35   1.70   2.39   1.27   2.28   
2010 1.68   2.27   4.23  -0.59  -0.95  -1.58  -2.24  -2.67  -2.82   0.46  -0.50   0.17   
2011 0.14   0.30   1.18   1.67   0.00  -0.15  -0.79   3.80   4.84   4.91   4.31   4.11   
2012 -0.17  -1.18  -2.33  -2.50  -2.21  -2.12  -2.22  -2.24  -1.98  -1.10  -1.67  -0.70   
2013 -0.70  -0.90 -99.99 -99.99 -99.99 -99.99 -99.99 -99.99 -99.99 -99.99 -99.99 -99.99   
