1895 0.50  -0.74  -0.71  -0.07  -0.42  -0.58  -0.48  -1.16  -2.01  -1.66  -1.90  -2.14   
1896 -2.52   1.73   2.35  -0.93  -1.39   0.83   1.11  -0.71  -0.50  -0.69  -0.98  -1.54   
1897 -1.68   0.44   0.01   0.07   0.42   0.43   2.34   2.24   1.56   1.37   1.40   1.60   
1898 1.68   1.68   1.16   1.12   1.82  -0.51  -0.38  -0.47  -0.89   0.65   1.49   1.41   
1899 1.49   2.89   3.75  -0.72  -1.32  -1.83  -1.45  -1.43  -0.68  -0.63  -0.90  -1.30   
1900 0.18   1.10   0.00  -0.52  -0.35  -0.45  -0.38  -0.73  -0.96  -1.01  -1.32  -1.52   
1901 -1.62  -2.33   0.30   1.09   1.30  -0.76   0.16   1.34   0.03  -0.27  -0.45   1.09   
1902 0.98   2.44   2.28   2.07   1.23   2.34   2.09   1.84   2.43   3.62   2.85   3.76   
1903 3.58   4.11   4.05   3.73   2.30   3.48   3.60   4.16   3.98   6.05  -0.55  -0.26   
1904 -0.40  -0.58  -0.55  -0.62  -1.16  -1.17   0.12   0.63   1.07   1.56   1.17   1.10   
1905 1.27   1.10   1.10  -0.27  -0.93  -0.99  -1.15   0.20   0.80  -0.04  -0.50  -0.36   
1906 -0.58  -0.58   0.77   0.49   0.32   0.71   1.14   1.64   1.11   1.50  -0.50  -0.24   
1907 -0.24  -0.29  -0.55   0.26   0.75   1.31  -0.38  -0.55   1.26   1.89   2.38   2.52   
1908 2.39   2.93  -0.55  -0.87   0.79  -0.45  -0.41  -0.24  -0.54  -0.83  -1.63  -1.60   
1909 -1.52   0.65   0.58   1.19  -0.54  -0.56  -1.15  -1.04  -0.99  -1.62  -2.14  -1.83   
1910 -1.13  -1.10  -2.01  -1.35  -1.74  -0.71  -1.49  -1.55  -2.11  -2.04  -1.96  -1.92   
1911 -1.68  -1.59  -1.45  -0.94  -1.83   0.62   0.25   1.33   0.94   1.75   2.18   1.99   
1912 1.64   1.28   2.84  -0.14  -0.32  -0.75  -0.76  -1.18  -0.91  -0.92  -1.03   0.30   
1913 -0.10  -0.31   0.34   0.97  -0.19  -0.77  -1.24  -1.37   0.07   1.49  -0.32  -0.54   
1914 -0.34  -0.34  -0.20  -0.14  -0.65  -0.91  -0.25  -0.62  -1.46  -2.13  -2.55   0.65   
1915 1.65   2.51  -0.83  -1.27   0.07   0.13   0.25   1.14  -0.38  -0.34  -0.89  -0.46   
1916 -1.14   0.52   0.58   0.44   0.11   0.42   0.78  -0.87  -1.06  -1.84  -2.39  -2.02   
1917 -1.86  -2.10   0.56   0.09   0.19   0.39   0.61  -0.91  -0.93   1.45  -0.73  -0.80   
1918 -0.41  -0.84  -1.36  -1.02  -0.87  -0.75  -0.71  -1.60  -1.40  -2.27  -2.93  -2.93   
1919 0.03   0.26   0.79   0.57   0.66   0.46   1.75   2.59   2.43   2.28   2.08   1.78   
1920 1.33   1.84   1.76   1.88   1.45   2.33   2.58   3.04   2.89   2.16   2.27   2.34   
1921 1.80   2.02  -0.63  -0.95  -0.80  -0.87  -1.20  -1.14  -1.79  -2.69  -2.67  -2.91   
1922 -2.79  -2.47  -1.93  -2.20  -2.29   0.82   1.33   1.30  -0.19  -0.86  -1.69  -0.02   
1923 0.61   0.45   0.78  -0.03  -0.71  -1.47  -1.47  -2.07  -1.93  -1.57  -1.84  -0.01   
1924 0.38   0.95   0.60   1.47   1.88   2.21   1.64   1.42   1.91  -0.80  -1.21  -1.35   
1925 -0.74  -1.13  -1.24  -1.58  -1.75  -2.03   0.82  -0.50  -0.78  -0.06  -0.02  -0.29   
1926 -0.52   0.67  -0.44  -0.90  -1.15  -1.22   0.46   1.01   1.18   1.57   1.57   0.01   
1927 -0.47  -0.42  -1.30  -1.45  -1.48   0.09   0.63   1.97   1.75   3.42   3.02   2.99   
1928 2.31   2.56   2.02   2.60   1.87   2.93   3.40   3.92   4.37  -0.61  -1.12  -1.59   
1929 -1.43   0.58   0.12   1.08  -0.30  -0.38  -1.16  -1.70   0.25   0.82  -0.22  -0.43   
1930 -0.48  -0.56  -0.99  -1.27  -1.72  -1.50  -1.52  -1.69  -2.08  -2.45  -2.55  -2.73   
1931 -2.89  -3.08  -2.48  -2.57  -2.54  -1.89  -1.84  -1.06  -1.61  -1.70  -2.57  -3.07   
1932 -2.56  -2.89   1.03  -0.18  -0.27  -0.05  -0.26  -0.82  -1.15   0.55   1.61   1.43   
1933 0.98   1.01   1.31   1.51   1.71   1.24   1.06   2.86   2.89  -0.34  -0.83  -0.64   
1934 -0.88  -0.69  -0.78  -0.70  -0.49  -0.58  -0.88  -0.88   1.14   0.01  -0.23  -0.30   
1935 0.38   0.37  -0.58  -0.72  -0.97  -0.30  -0.45  -0.76   1.27   2.06   2.52   1.86   
1936 2.75   2.59   2.40  -0.28  -0.84  -0.50  -0.81  -1.08   0.48  -0.11  -0.83   0.82   
1937 1.69  -0.38  -0.63  -0.10  -0.40  -0.08  -0.76  -0.41  -0.72   1.00   1.29  -0.67   
1938 -0.66  -0.85  -1.58  -1.99  -0.03   1.74   2.98   2.37   4.19   3.78   3.51   2.78   
1939 2.82   3.66   3.80   4.10  -0.88  -0.80  -1.25  -0.13  -0.71  -0.22  -0.53  -1.20   
1940 -1.73   0.13   0.51   1.34   2.06   1.49   0.65   1.17   1.70   1.60   1.96  -0.25   
1941 -0.06  -0.29  -0.51  -1.12  -1.72   0.70   1.67  -0.16  -1.17  -1.95  -2.30  -2.32   
1942 -2.20  -2.12  -1.27  -1.97  -2.58  -2.74   0.49   1.08   0.99   1.16   1.22   1.46   
1943 -0.17  -0.63  -0.85  -0.84  -0.54  -0.76  -0.75  -1.72  -2.32   1.36   1.10   0.45   
1944 0.47   0.08   0.88   1.57  -0.94  -0.86  -1.88  -2.46   1.30   1.36   2.25  -0.10   
1945 -0.36  -0.19  -1.14  -1.43   0.08   0.11   1.74   1.71   1.68   1.51   1.94   2.52   
1946 -0.52  -0.83  -1.11  -1.74   0.68   1.46   1.87   1.78  -0.23  -0.96  -1.65  -1.93   
1947 -1.61  -1.90  -2.15  -0.01   1.12   0.99   0.90  -0.01  -0.50  -1.28   0.46   0.11   
1948 0.86   0.66   0.39   0.34   1.77   2.10   1.88   2.42   1.65   1.30   1.54   2.34   
1949 2.90   3.00  -0.36  -0.52  -0.14  -1.45  -1.95  -2.30  -2.00  -2.30  -2.81  -3.03   
1950 -3.38   0.22   0.46  -0.46  -0.34  -0.63   0.25   0.39   0.68   0.23   0.78   0.65   
1951 0.40   0.79   0.93  -0.30  -0.16  -0.11  -0.60  -1.20  -1.82   0.04   0.87   1.58   
1952 2.08   1.49   1.97   2.61   2.94   2.28   2.01   2.73   2.42   1.57   1.83   1.87   
1953 2.15   1.78   2.55   2.78   3.27  -0.10  -0.23  -0.44  -1.28  -1.16  -1.21  -0.93   
1954 -1.26  -1.79  -1.67  -1.56  -1.37  -2.10  -2.80  -2.22  -1.49  -1.74  -1.17  -0.89   
1955 -1.85  -1.68  -1.25  -1.64  -2.37  -1.78  -2.82   1.13   0.74   1.65  -0.45  -1.36   
1956 -1.42   0.88   1.26   0.98   0.62   1.04   1.58   1.32   1.14   1.68   1.74   1.76   
1957 -0.57  -0.63  -0.72  -0.62  -1.52  -2.11  -3.15  -3.78  -3.96  -4.14  -3.90   0.67   
1958 1.14   1.94   2.57   2.81   2.86   2.69   3.15   3.95   3.66   4.23  -0.25  -0.76   
1959 -1.11  -1.39  -1.18  -1.47  -2.02  -1.96   1.37   1.33   0.63   0.56   0.81   0.88   
1960 0.70   1.24  -0.35  -0.89  -0.85  -1.43   0.88   0.65   2.02   1.80   1.25   1.10   
1961 0.98   1.20   1.72   2.04   1.84   1.65   2.03  -0.04  -0.37  -0.44  -0.94  -0.77   
1962 -0.86  -0.36  -0.26  -0.21  -0.92   0.40   0.12   0.59   0.73   0.34   0.90  -0.13   
1963 -0.45  -0.64  -0.37  -1.36  -1.72  -1.83  -2.33  -2.56  -1.92  -2.96   0.75   0.31   
1964 0.76   1.03   0.13   1.09  -1.07  -1.90  -1.66  -2.65  -2.47  -2.69  -3.29  -2.84   
1965 -2.58  -2.62  -2.39  -2.44  -3.05  -3.37  -3.36  -3.66  -3.95  -4.43  -5.08  -5.63   
1966 -5.58  -4.43  -4.96  -4.53  -3.92  -4.49  -4.77  -5.23   1.26   2.18   1.57   1.63   
1967 0.63   0.41   0.72   0.37   0.60   0.01   0.54   2.18  -0.18  -0.36  -0.73   0.89   
1968 -0.21  -0.97  -0.37  -1.14   0.66   1.24  -0.48  -1.04  -1.88  -2.18  -1.84  -1.73   
1969 -1.92  -1.76  -1.88  -2.15  -2.46   0.09   2.00   1.52   1.51   0.93   0.62   2.26   
1970 -0.87  -0.89   0.11   1.04  -0.53  -0.12  -0.37  -1.02  -1.91  -2.06  -1.60  -1.56   
1971 -1.73   1.12  -0.35  -0.62  -0.38  -1.24  -1.40   1.67   2.07   2.49   2.93   2.07   
1972 1.68   2.39   1.94   2.00   2.13   3.39   3.01   2.08   1.33   2.23   3.77   4.27   
1973 4.10   4.04   3.37   4.02   3.97   4.25  -0.46  -1.34  -1.50  -1.52  -2.33  -1.38   
1974 -1.17  -1.34  -0.82  -1.18  -1.13  -1.03  -1.53  -1.09  -0.76  -0.93  -1.57   0.47   
1975 1.09   0.97   1.08   1.14   1.21   2.09   3.22   2.77   3.89   3.77   3.39   2.84   
1976 3.37  -0.43  -1.24  -1.98  -1.90  -2.45  -2.35  -2.19  -2.52  -1.10  -1.71  -1.78   
1977 -1.86  -2.21  -2.33  -2.37  -3.12  -2.78  -3.12   0.25   0.12   0.40   1.63   2.52   
1978 3.68   2.59   2.60   1.69   2.67   2.08   2.18   2.78   2.14   1.43   0.84   1.34   
1979 3.06   3.98   3.39   3.01   3.12   3.20   3.05   3.31   3.68   3.82  -0.09  -0.57   
1980 -0.80  -1.56   1.06   1.64  -0.52  -0.35  -0.60  -1.39  -1.98  -1.76  -1.84  -2.44   
1981 -3.25  -2.74  -3.23  -2.79  -2.38  -1.61  -1.80  -1.80  -1.73  -1.43  -1.91   0.30   
1982 0.60  -0.16  -0.69   0.84   0.48   0.99  -0.24  -0.72  -1.17  -1.76  -1.88  -2.26   
1983 -2.27  -2.13   1.17   2.69   3.14   3.12  -0.93  -1.66  -1.92  -1.82   0.78   1.73   
1984 1.11   1.29   2.29   2.61   3.45   2.97   3.05  -0.54  -0.70  -1.16  -1.61  -2.11   
1985 -2.55  -2.53  -3.09  -3.90  -3.36  -3.10  -2.65  -2.32  -1.59  -1.86  -1.34  -1.79   
1986 -1.34  -1.05  -1.79  -1.22  -2.17  -2.70  -2.54  -2.63  -2.88  -2.99   0.50   1.50   
1987 2.23  -0.61  -0.99  -0.40  -0.68  -0.80   0.52   0.29   0.20   0.59  -0.25  -0.56   
1988 -0.59  -0.04  -0.61  -0.86  -0.62  -1.46  -1.26  -1.66  -1.78  -1.82  -1.15  -1.84   
1989 -2.06   0.23   0.37   0.63   1.74   2.31   3.40   3.41   4.18   4.46  -0.13  -0.87   
1990 -0.60  -1.26  -1.62   0.04   1.15   0.66   0.23   1.14  -0.23  -0.24  -0.85   0.32   
1991 0.99  -0.90  -0.25  -0.24  -1.16  -1.53  -0.92  -0.80  -0.74  -1.21  -1.94  -1.68   
1992 -2.22  -2.42  -2.24  -2.76  -2.57   0.26   0.48   0.94   1.21   0.77   0.94   1.49   
1993 0.95   0.84   2.27   2.12  -0.83  -1.21  -1.76  -1.86   0.25   0.49   0.12   0.69   
1994 1.44   1.70   3.22  -0.53  -0.48  -1.08  -0.78  -0.17  -0.17  -0.96  -1.20  -1.52   
1995 -1.58  -1.67  -2.40  -2.80  -2.30  -2.59  -2.53  -3.07   0.04   0.83   1.47   1.10   
1996 1.78   1.29   1.50   1.67   1.64   2.12   2.81   2.75   3.15   3.97   3.24   4.47   
1997 3.92   3.37   3.51   3.44   2.96   2.10   1.91   2.29   1.56   1.11   1.20   1.26   
1998 1.59   1.91   2.32   2.01   2.09   2.16  -0.57  -1.28  -2.00  -2.37  -3.16  -3.93   
1999 -2.50  -2.37  -1.74  -1.82  -1.87  -2.22  -3.06   0.06   1.32   1.59  -0.45  -0.50   
2000 -0.53  -0.92  -0.47  -0.65  -0.85   0.10   0.44   0.91   1.67  -0.74  -0.63  -0.62   
2001 -0.59  -0.58   1.06  -0.77  -1.10   0.49  -0.25  -0.53  -1.04  -1.93  -2.95  -3.69   
2002 -4.19  -5.00  -4.36  -3.94  -3.52  -2.75  -3.19  -3.32  -3.17   1.27   1.87   2.06   
2003 1.68   2.60   2.32   1.99   1.86   3.48   3.17   2.69   3.02   3.39   3.36   3.84   
2004 2.92   2.44   2.05   2.55   1.79   1.37   1.92   1.86   1.80   1.67   1.94   1.61   
2005 1.69  -0.28   0.17   0.24   0.24   0.11   0.24  -0.72  -1.73   2.47   2.30   2.19   
2006 2.43  -0.59  -1.71  -1.77  -1.89   1.26   1.54   1.21   1.93   3.27   3.85   2.89   
2007 2.75   2.11   1.92   3.45  -0.78  -0.71  -0.92  -1.32  -2.23  -1.93  -2.41  -1.59   
2008 -1.81  -1.10  -1.32  -1.59  -0.99  -1.12  -1.39  -1.91   0.43   0.14   0.41   1.38   
2009 -0.06  -1.11  -1.65   0.50   0.51   1.64   1.70   2.56   2.93   3.83   3.12   4.91   
2010 4.18   4.95   6.20  -0.73  -0.94  -1.58  -1.98  -2.97  -3.12  -2.55  -2.92  -2.83   
2011 -2.50  -2.33  -1.77  -1.28  -1.64  -1.89  -1.94   3.58   3.63   3.76   3.45   3.25   
2012 -0.28  -1.13  -2.08  -2.24  -2.30  -1.65  -1.99  -1.86  -1.84   1.00   0.38   1.10   
2013 0.84   1.12 -99.99 -99.99 -99.99 -99.99 -99.99 -99.99 -99.99 -99.99 -99.99 -99.99   
