1895 0.58  -0.68  -0.62  -0.02  -0.32  -0.51  -0.44  -0.96  -1.57  -1.27  -1.44  -1.80   
1896 -2.18   1.67   2.21  -0.79  -1.08  -0.25  -0.12  -0.79  -0.56  -0.62  -0.95  -1.48   
1897 -1.67   0.43   0.01   0.02   0.28   0.33   2.53   2.37   1.76   1.86   2.00   2.15   
1898 2.09   2.10   1.43   1.36   1.98   1.37   1.44   1.28   0.95   1.46   2.23   2.03   
1899 2.06   3.43   4.10  -0.62  -1.17  -1.71  -1.14  -1.24  -0.87  -0.88  -1.36  -1.94   
1900 0.15   1.15   0.02  -0.44  -0.27  -0.31  -0.52  -0.96  -1.13  -1.21  -1.41  -1.60   
1901 -1.60  -2.28   0.23   0.93   1.16  -0.65   0.20   1.07   1.02  -0.28  -0.54   1.20   
1902 1.17   2.62   2.41   2.18   1.35   2.35   2.04   1.61   2.29   3.30   2.58   3.48   
1903 3.35   3.85   3.87   3.56   2.30   3.34   3.21   3.60   3.52   5.11  -0.49  -0.07   
1904 -0.32  -0.52  -0.58  -0.64  -1.15  -1.12   0.08   0.24   0.64   0.89   0.55   0.73   
1905 0.96   0.89   0.81  -0.23  -0.83  -0.71  -0.88   0.22   0.83  -0.14  -0.69  -0.49   
1906 -0.66   0.02   0.74   0.52   0.38   0.86   1.59   2.10   1.59   2.00   1.42   1.48   
1907 1.20   1.06   0.57   0.71   1.11   1.56   1.06   0.60   1.72   2.21   2.84   2.92   
1908 2.77   3.22  -0.67  -0.93  -0.16  -0.55  -0.31  -0.09  -0.34  -0.67  -1.53  -1.42   
1909 -1.39   0.58   0.53   1.09  -0.48  -0.47  -1.05  -1.03  -0.89  -1.47  -2.01  -1.73   
1910 -1.13  -1.20  -1.93  -1.40  -1.82  -0.88  -1.29  -1.33  -2.05  -1.76  -1.64  -1.59   
1911 -1.30  -1.25  -1.14  -0.70  -1.53   0.45   0.08   1.01  -0.42   0.64   1.32   1.20   
1912 1.04   0.78   2.29  -0.14  -0.26  -0.72  -0.75  -1.28  -1.09  -1.22  -1.30   0.36   
1913 -0.17  -0.32   0.25   0.81  -0.18  -0.69  -1.25  -1.41   0.08   1.21  -0.23  -0.44   
1914 -0.28  -0.29  -0.15  -0.15  -0.64  -0.85  -0.24  -0.46  -1.22  -1.70  -2.10   0.63   
1915 1.57   2.42  -0.80  -1.17  -1.08   0.14   0.25   1.09  -0.46  -0.28  -0.85  -0.56   
1916 -1.22   0.57   0.55   0.38   0.10   0.42   1.11  -0.77  -0.84  -1.46  -1.95  -1.56   
1917 -1.46  -1.67   0.58   0.18   0.21   0.53   0.75  -0.83  -0.81   1.34  -0.70  -0.72   
1918 -0.28  -0.73  -1.17  -0.87  -0.80  -0.64  -0.70  -1.59  -1.18  -1.97  -2.63  -2.63   
1919 0.01   0.29   0.82   0.62   0.70   0.44   1.64   2.52   2.54   2.41   2.22   2.00   
1920 1.58   2.19   2.07   2.11   1.75   2.50   2.69   3.13   3.09   2.33   2.61   2.68   
1921 2.10   2.31  -0.58  -0.84  -0.69  -0.76  -0.83  -0.86  -1.48  -2.26  -2.19  -2.42   
1922 -2.19  -1.89  -1.47  -1.75  -1.81   1.00   1.68   1.81  -0.02  -0.49  -1.31   0.09   
1923 0.64   0.50   0.87   0.80  -0.65  -1.22  -1.14  -1.70  -1.58  -1.20  -1.44  -1.46   
1924 0.34   0.89   0.62   1.36   1.66   1.92  -0.43  -0.44   0.52  -0.83  -1.30  -1.51   
1925 -0.75  -1.10  -1.20  -1.49  -1.68  -1.87   0.70  -0.39  -0.73   0.63   0.56   0.30   
1926 0.06   0.72  -0.39  -0.81  -1.03  -1.07   0.85   1.28   1.27   1.51   1.66   1.65   
1927 -0.51  -0.51  -1.34  -1.43  -1.43   0.03   0.54   1.58   1.36   2.66   2.71   2.71   
1928 2.13   2.39   1.85   2.35   1.69   2.65   3.10   3.86   4.53  -0.50  -0.95  -1.31   
1929 -1.24   0.62   0.24   1.03  -0.32  -0.39  -1.22  -1.67  -1.45  -0.86  -1.15  -1.27   
1930 -1.17  -1.18  -1.55  -1.72  -2.04  -1.77  -1.88  -2.10  -2.38  -2.67  -2.71  -2.90   
1931 -3.03  -3.41  -2.60  -2.73  -2.54  -2.21  -2.62  -1.88  -2.26  -2.52  -3.55  -4.00   
1932 -3.78  -3.85  -2.61  -2.09  -1.89  -1.38  -1.56  -2.27  -2.60   0.36   1.16   1.08   
1933 0.48   0.66   1.03   1.26   1.52   1.31   0.88   2.46   2.97  -0.25  -0.60  -0.49   
1934 -0.85  -0.48  -0.38  -0.46  -0.18  -0.25  -0.35  -0.55   1.23   1.10   0.87   0.66   
1935 1.10   1.10  -0.74  -0.94  -1.27   0.60  -0.24  -0.82   1.66   1.91   2.40   1.80   
1936 2.73   2.82  -0.12  -0.22  -0.68  -0.19  -0.49  -0.90   0.73   0.73   0.05   1.58   
1937 2.24  -0.26  -0.53  -0.16  -0.76  -0.49  -1.11   0.54   0.45   1.57   1.97  -0.62   
1938 -0.52  -0.72  -1.47  -1.77   0.10   1.32   3.25   2.99   5.56   5.06   4.89   3.98   
1939 4.06   4.87   4.92   4.91  -0.95  -1.12  -1.95  -0.91  -1.37  -0.61  -0.89  -1.50   
1940 -1.90   0.01   0.29   1.03   1.54   1.32   1.31   1.61  -0.24  -0.41   0.48   0.12   
1941 0.42   0.45  -0.27  -0.78  -1.30   0.34   0.79  -0.34  -1.42  -2.03  -2.64  -2.69   
1942 -2.72  -2.74  -1.83  -2.45  -2.86  -3.04   0.87   1.66   1.76   2.01   1.86   1.96   
1943 -0.09  -0.50  -0.65  -0.52  -0.87  -1.19  -1.68  -2.60  -2.68   1.34   0.96   0.36   
1944 0.53   0.20   0.62   1.39  -0.85  -0.85  -1.73  -2.23   1.35   1.46   2.70  -0.21   
1945 -0.37  -0.40  -1.47  -1.81   0.16   0.52   1.89   1.65   1.47   1.24   1.66   2.70   
1946 -0.49  -0.89  -1.44  -1.92   0.58   1.19   1.22   1.37  -0.05  -0.87  -1.73  -2.20   
1947 -2.07  -2.25  -2.58  -2.03  -1.34  -1.65  -1.83  -2.42  -2.56  -2.90   0.59   0.60   
1948 1.97   1.67   1.41   1.17   2.53   3.03   3.26   3.79   2.81   2.76   3.23   3.89   
1949 4.19   4.30  -0.33  -0.54  -0.40  -1.59  -2.14  -2.38  -2.24  -2.51  -2.91  -3.55   
1950 -4.15  -3.68  -3.18  -3.36  -3.16  -3.06   0.29   0.97   1.37   0.70   1.00   0.87   
1951 0.49   0.98   0.97  -0.61  -0.60  -0.37  -0.62  -1.40  -2.06  -1.91   1.18   1.70   
1952 2.25   1.47   1.89   2.37   3.10  -0.20  -1.03   0.95  -0.48  -1.22  -1.40   0.30   
1953 0.46   0.14   1.03   1.14   1.46  -0.38  -0.52  -0.12  -0.80  -1.02  -1.16  -1.04   
1954 -1.32  -2.08  -2.06  -1.89  -1.95  -2.73  -3.24  -2.37  -1.28  -1.40  -0.81  -0.62   
1955 -1.57  -1.52  -1.16  -1.45  -2.14  -1.71  -2.54  -1.61  -1.88  -1.19  -1.31  -2.01   
1956 -2.00   0.65   0.83   0.63   0.49   0.73   1.19   0.89   0.83   1.90   1.58   1.67   
1957 -0.52  -0.53  -0.46  -0.40  -1.31  -1.79  -2.70  -3.14  -3.16  -3.20   0.11   0.98   
1958 1.29   2.16   2.93   3.42   3.77   3.54   4.45   5.54   5.19   5.91  -0.23  -0.41   
1959 -1.03  -1.43  -1.21  -1.26  -1.75  -2.05   2.13   2.42   1.39   1.55   1.89   1.69   
1960 1.33   1.75  -0.22  -0.83  -1.10  -1.53   0.76   0.99   1.89   1.76   1.19   1.29   
1961 1.06   1.50   2.00   1.98   2.04   1.85   2.13  -0.44  -0.62  -0.52  -0.86   0.11   
1962 0.23   0.60   0.68  -0.10  -0.80  -0.26  -0.38  -0.36  -0.25  -0.69  -0.09  -0.03   
1963 -0.21  -0.48   0.64  -1.04  -1.12  -1.59  -1.85  -2.41  -1.82  -2.92   0.44   0.18   
1964 0.77   1.18   0.65   1.87  -1.05  -1.66  -1.89  -2.77  -2.28  -2.45  -3.13  -3.12   
1965 -2.63  -2.67  -2.35  -2.39  -2.84  -2.96  -2.39  -2.21  -2.63  -3.37  -4.12  -4.86   
1966 -4.84  -3.63  -4.32  -3.90  -2.99  -2.96  -3.45  -3.73   0.98   1.27  -0.42  -0.10   
1967 -1.01  -0.84  -0.73  -0.92   0.67   0.86   0.85   2.77  -0.29  -0.61  -1.16  -0.39   
1968 -0.71  -1.46  -0.92  -1.72   0.36   1.27  -0.54  -1.10  -1.80  -2.20  -1.93  -1.72   
1969 -1.87  -1.70  -1.80  -1.79  -2.17  -2.16   1.31   1.14   0.96   0.29   0.36   1.81   
1970 -0.68   0.09   0.31   0.68   0.11   0.68  -0.43  -0.82  -1.61  -1.84  -1.40  -1.38   
1971 -1.51  -0.64  -1.00  -1.21  -0.92  -1.73  -1.62   0.81   1.36   2.18   2.43   1.77   
1972 1.26   1.76   1.41   1.40   2.01   3.45   3.20   2.11   1.76   2.37   3.88   4.30   
1973 3.90   3.60   2.80   3.23   3.17   3.75  -0.17  -0.79  -0.94  -1.08  -1.86  -1.05   
1974 -1.09  -1.06  -0.80  -1.30  -1.26  -1.11  -1.63  -1.31  -1.10  -1.30  -2.12   0.67   
1975 1.13   1.03   0.79   1.09   0.98   1.66   2.28   1.83   2.68   2.52   2.24   1.90   
1976 2.02  -0.25  -1.06  -1.85  -1.78  -2.17  -2.39   0.53   0.53   1.61  -0.55  -0.70   
1977 -0.75  -1.12  -1.37  -1.70  -2.35  -2.36  -2.69  -2.48  -2.38   0.20   1.37   2.34   
1978 3.54   2.73   2.64   1.88   2.66   2.10   2.30   2.30   1.69   1.41   0.95   1.30   
1979 2.96   3.92   3.48   3.30   3.67   3.45   2.85   3.18   3.20   3.09   2.89   2.08   
1980 1.70   0.65   1.76   2.25  -0.54  -0.53  -0.80  -1.81  -2.22  -1.70  -1.43  -1.96   
1981 -2.88  -2.26  -2.77  -2.37  -2.36  -1.42  -1.72  -2.14  -2.42  -2.03  -2.46  -2.05   
1982 -1.61  -1.76  -2.07   0.61   0.26   0.92   1.06  -0.46  -1.03  -1.36  -1.36  -1.63   
1983 -0.02  -0.09   1.18   2.86   3.01   2.65   1.72   1.14   0.60   1.09   1.55   2.10   
1984 1.57   1.94   2.86   3.14   4.47   3.82   4.72  -0.58  -0.76  -1.26  -1.69  -2.19   
1985 -2.41  -2.46  -3.02  -3.78  -3.38  -2.24  -1.89  -1.58  -1.42  -2.09  -1.60  -2.17   
1986 -2.00  -1.94  -2.65  -2.43  -3.21  -3.79  -3.17  -2.83  -3.05  -2.88   0.45   1.26   
1987 2.60  -0.62   0.03   0.59  -0.20  -0.85  -0.53  -0.91  -1.09  -0.99  -1.24  -1.52   
1988 -1.30  -0.78  -1.33  -1.44  -1.12  -1.52  -1.65  -1.93  -2.23  -1.83  -1.42  -2.14   
1989 -2.37  -0.03   0.96   1.62   2.47   1.99   2.59   3.07   3.61   3.92   3.70  -0.81   
1990 -0.52  -1.25  -1.60   0.12   1.31  -0.41  -0.36  -0.11  -0.63  -0.78  -1.39   0.05   
1991 0.79  -0.86   0.49   0.70  -0.83  -1.45  -1.23  -1.07  -0.95  -1.39  -2.13  -1.96   
1992 -2.55  -2.70  -2.63  -2.98  -2.86   0.20   0.54   1.55   1.62   1.19   1.24   1.46   
1993 0.95   0.60   1.95  -0.24  -0.78  -1.14  -1.53  -1.70   0.04   0.57  -0.63   0.26   
1994 0.67   0.90   2.09  -0.67  -0.47  -0.80  -0.75   0.70   0.76  -0.59  -0.76  -1.17   
1995 -1.39  -1.51  -2.35  -2.75  -2.27  -2.16  -2.15  -2.86   0.01   0.51   0.99   0.75   
1996 0.98   0.72   0.44   0.62   0.64   0.72   0.97   1.11   2.10   2.95   2.40   3.38   
1997 2.65   2.18   1.94   1.54   1.41   0.83   1.09   1.22   0.56   0.55   0.77   0.94   
1998 1.47   1.80   2.06   1.76   2.31   2.21  -0.76  -1.60  -2.10  -2.64  -3.47  -3.86   
1999 -2.63  -2.35  -2.06  -2.20  -2.73  -3.00  -3.74  -3.57  -2.64  -1.84  -2.33  -2.50   
2000 -2.24  -2.53  -2.35  -2.13  -2.07   0.17   1.32   1.97   2.67  -0.86  -1.04  -1.20   
2001 -1.26  -1.40  -0.83  -1.54  -2.13  -1.70  -1.37  -1.49  -1.97  -2.77  -3.77  -4.65   
2002 -5.37  -6.53  -6.17  -5.42  -5.05  -4.21  -4.59  -4.75  -4.64   1.04   1.88   2.15   
2003 1.35   2.09   1.81   1.57   1.34   2.52   2.35   2.07   1.82   2.26   2.45   3.01   
2004 -0.49  -0.84  -0.88  -0.15  -0.59  -1.06  -0.96  -0.66  -0.80  -1.30  -1.13  -1.27   
2005 -0.98  -1.23   0.17  -0.20   0.33   0.16   0.29  -1.04  -2.00   2.06   1.95   2.12   
2006 2.40  -0.65  -1.88  -2.04  -2.03   0.75   0.74   0.15   0.76   1.32   2.11  -0.69   
2007 -0.93  -1.26   0.03   0.67  -0.93  -0.89  -1.10  -1.16  -1.83  -1.53  -2.05  -1.18   
2008 -1.76  -0.97  -1.55  -1.50  -1.04  -1.23  -1.57  -2.07   0.69  -0.66   0.34   1.81   
2009 -0.33  -1.48  -1.85   1.01   0.90   2.18   1.96   2.05   2.62   3.85   3.53   4.75   
2010 4.02   5.17   6.18  -0.78  -1.00  -1.52  -2.21  -2.37  -2.76  -2.26  -2.68  -2.72   
2011 -2.52  -2.51  -2.33  -2.08  -2.50  -3.16  -3.45  -1.95  -1.37  -1.01  -1.00  -1.16   
2012 -1.65  -2.39  -3.20  -3.24  -3.08   1.32   0.84   0.90   1.17   5.18   4.27   4.81   
2013 3.90   4.10 -99.99 -99.99 -99.99 -99.99 -99.99 -99.99 -99.99 -99.99 -99.99 -99.99   
