1895 1.70   1.99   1.65   1.19   1.80   2.15   2.81  -0.61  -1.09  -1.02  -0.12  -0.48   
1896 -0.60  -0.94  -1.16  -1.20  -1.90  -2.39   0.45   0.06   0.04   1.51   1.32   0.81   
1897 1.58   1.72   2.18   1.65   2.06   2.21   2.41  -0.59  -0.29  -0.17  -0.96  -1.15   
1898 -0.92  -1.42  -1.47  -1.60  -1.77  -1.71  -1.46  -1.89  -2.35  -2.79  -2.64  -2.49   
1899 -2.38  -2.42  -2.25  -2.50  -3.05  -3.17  -2.50  -2.81  -2.99  -2.74  -2.45  -2.62   
1900 -2.99  -3.21  -3.77  -2.84  -3.25  -4.03  -5.27  -5.78  -5.26  -5.03  -4.81  -4.96   
1901 -4.68  -4.31  -4.17  -3.99  -3.98  -4.42  -4.60  -4.13  -4.38  -3.98  -3.96  -4.12   
1902 -4.12  -4.43  -4.21  -4.46  -4.75  -5.56  -6.29  -6.19  -5.87  -6.02  -5.30  -4.83   
1903 -4.79  -4.28  -4.03  -3.74  -3.89  -2.78  -3.11  -3.65  -3.32  -3.72  -4.15  -4.36   
1904 -4.65  -5.05  -5.12  -5.52  -5.67  -5.79  -5.26  -4.88  -4.01  -3.69  -4.04  -3.88   
1905 0.55   1.26   2.25   3.49   3.66   4.30   3.97   3.05   2.75   1.97   3.84   3.67   
1906 3.46   2.99   3.49   3.54   3.40   3.30   3.46   3.67   3.23   2.65   2.84   3.22   
1907 3.83   2.98   2.42   2.17   2.37   2.49   3.23   3.86   3.18   3.54  -0.29  -0.63   
1908 -0.83  -0.72  -1.07  -0.93  -1.16  -1.68   0.85   1.00  -0.78   0.32   0.46   0.48   
1909 0.65   0.60   0.94   0.75   0.45   0.30   0.83   2.32   2.27  -0.55  -0.60  -0.31   
1910 -0.17  -0.40  -1.17  -1.72  -2.33  -2.59  -2.21  -2.47  -3.05  -3.14  -2.85  -2.85   
1911 0.47   0.90   0.67   0.66   0.32   0.46   2.04   0.97   0.98   1.93  -0.12  -0.31   
1912 -0.72  -0.78   0.97   1.33   1.51   2.11   3.76   3.56   3.04   3.22  -0.50  -0.74   
1913 -0.86  -0.50  -0.58  -0.43  -0.95   0.39   0.80   0.66   0.56   0.00   0.25   0.31   
1914 0.73   0.50   0.05   0.26   0.39   0.97   2.76   1.63   0.95   1.74   0.96   1.28   
1915 1.71   1.96   2.00   2.84   3.24   3.44   4.06   2.53   2.21   1.52   1.18   1.24   
1916 2.98   2.52   2.46   2.43   2.23   2.02   3.01   3.34   2.93   4.08   3.40   3.03   
1917 3.28   2.98   2.65   2.97   3.75   3.76   4.59  -0.57  -0.63  -1.37  -1.98  -2.47   
1918 0.68   0.48   0.63   0.60   0.18   0.34   1.20  -0.25  -0.52   0.32   0.70   0.79   
1919 0.17   0.23   0.83   1.06   1.42   1.43   4.08   3.48   3.69   3.77   4.71   4.20   
1920 4.24   4.03   4.11   3.95   4.21   4.99   4.80   4.66   3.96   4.42   3.51   2.78   
1921 2.49   1.86   1.25   1.18   1.03   1.23   2.92   3.45  -0.70  -1.08  -1.51   0.07   
1922 0.28   0.08   0.18   0.69   0.80   0.83   0.76   1.15  -0.60  -1.23   0.58   0.43   
1923 0.16   0.06   0.29   0.66   0.58   0.65   2.14   2.67   2.64   3.66   3.99   4.28   
1924 3.60   2.84   3.38   3.15   2.98   2.84   2.61  -0.73  -1.12  -1.23  -1.56  -1.21   
1925 -1.65  -2.14  -2.34  -2.51  -3.18  -0.03   0.30   0.81   0.79   1.16  -0.20  -0.53   
1926 -0.76  -1.30   0.38   1.53   2.08  -0.26   0.27  -0.56  -0.19  -0.26  -0.85  -0.46   
1927 -0.94  -0.79  -0.55  -0.69  -1.32   0.69   0.88   0.80   1.37  -0.55  -1.17  -1.15   
1928 -1.79  -1.73  -1.88  -1.88  -1.74  -2.37  -2.37  -2.46  -3.03   0.83   1.07   0.68   
1929 0.45   0.30   0.36   0.53   0.62   0.16   1.31   1.91   2.00   0.03  -0.02  -0.59   
1930 -0.13  -0.70  -0.48  -0.78  -0.44  -0.65   1.73   2.46   1.76   1.48   1.97   1.30   
1931 0.77   0.93   1.10   1.69   2.12   2.50   3.04   2.42   2.76   2.38   4.58   4.77   
1932 4.90   5.42   5.14   4.91   5.13   5.52   6.11   6.30  -0.20  -0.39  -1.04  -0.78   
1933 -0.82  -0.99  -1.64  -1.38  -1.63  -1.37  -0.73  -1.20   0.41   0.74   0.79  -0.44   
1934 -0.95  -0.90  -1.91  -2.41  -2.05  -2.56  -3.06  -2.16  -2.20  -2.89  -2.73  -2.53   
1935 0.42   0.94   0.91   1.25   2.07   1.96   2.00   2.28   2.77  -0.52  -0.23  -0.35   
1936 -0.65   0.59  -0.13  -0.42  -0.32  -0.55  -0.87   1.45   1.70   1.23   0.92   1.27   
1937 1.19   1.79   2.22   1.83   2.18   2.43   2.78  -0.40  -0.09  -0.51  -1.18  -1.43   
1938 -1.60   0.25   1.02   1.00   0.78   1.65  -0.47  -0.89  -0.40  -1.01  -1.04  -1.02   
1939 0.57   0.85   0.93   0.90  -0.33  -0.63  -1.04  -1.71  -1.20  -1.57  -1.55  -1.69   
1940 -1.47  -1.04  -1.25  -1.17  -1.29  -1.32  -1.57  -1.74   0.94   0.74   1.03   2.28   
1941 3.00   3.50   4.30   5.42   6.98   8.04   8.29   7.87   9.20  10.59   9.46   9.05   
1942 8.04   7.64   7.17   7.00   6.55   6.33  -0.42  -0.84  -0.93  -0.84  -1.49  -1.23   
1943 -1.29  -1.71  -1.39  -1.88  -2.11  -2.10  -2.41  -1.95  -2.31  -2.18  -2.43  -2.19   
1944 -2.07  -1.57  -1.36  -1.09  -0.84  -0.98  -1.17  -1.60   0.42   0.17   0.29   0.36   
1945 0.32  -0.43   0.27   0.43  -0.44  -0.80  -0.90  -0.71  -1.37  -1.40  -1.82  -1.40   
1946 -1.59  -1.91  -2.07  -2.52  -2.96  -3.59  -2.94  -1.39  -1.10  -1.20  -0.77  -1.22   
1947 -1.44  -1.89  -2.37  -2.72  -2.32  -2.78  -3.18   2.40   1.92   2.14   2.02   1.62   
1948 0.95   1.35   1.80   1.33   1.05   1.81   2.30   1.84   1.58   2.20   1.69   1.57   
1949 1.89   1.68   1.29   1.12   1.30   1.97   2.48  -0.41  -0.76  -0.96  -1.66  -1.95   
1950 -2.11  -2.14  -2.44  -2.98  -3.64  -4.05  -4.15  -5.14  -4.60  -5.32  -5.37  -5.64   
1951 -5.19  -5.15  -5.28  -4.93  -5.40  -5.92  -6.52  -5.88  -6.11  -5.68   0.02   0.41   
1952 0.91   0.67   0.74   1.60   1.55   2.02   1.87  -0.49  -0.89  -1.81  -0.63  -0.72   
1953 -0.97  -1.20  -1.35  -1.09  -1.28  -1.64  -1.72  -2.19  -3.18  -2.81  -2.86  -2.67   
1954 -2.82  -3.47  -2.58  -3.14  -3.16  -3.56  -2.55  -2.86  -2.17  -2.54  -3.02  -3.03   
1955 -2.94  -2.64  -3.09  -3.12  -3.13  -3.33  -2.78  -2.35  -3.17  -3.79  -3.76  -3.62   
1956 -2.93  -2.93  -3.31  -3.51  -3.91  -4.36  -4.49  -4.88  -5.65  -5.61  -5.31  -5.38   
1957 0.75   0.27   0.31   0.85   1.72   1.43   2.72   3.44   2.08   2.94   3.15   2.63   
1958 2.24   1.82   2.36   2.52  -0.01   0.08  -0.67  -0.53  -0.18  -0.32  -0.54  -1.19   
1959 -1.77  -2.08  -2.58  -2.53  -3.48  -3.95  -4.78  -3.69  -3.92  -2.69  -2.72  -2.14   
1960 -2.00  -1.69  -1.90  -2.16  -2.15  -2.04  -2.78  -3.84  -4.26  -2.81  -3.03  -2.70   
1961 -2.69  -2.91  -2.25  -2.09  -2.60  -3.07  -3.24  -2.28  -2.00  -1.32  -1.27  -0.86   
1962 -0.85  -0.62  -0.62  -1.06  -1.45  -1.71  -2.40  -3.35   0.71   1.81   1.96  -0.28   
1963 -0.41  -0.34  -0.60  -0.80  -1.53  -1.99  -2.47  -1.33  -1.24  -1.50  -1.56  -2.03   
1964 -2.41  -2.51  -2.25  -1.37  -1.53  -2.22  -2.11  -1.55  -0.99  -1.86   0.30   0.62   
1965 0.88   0.99   0.78   1.17   1.59   2.56   3.88   3.28   3.12   2.69   2.66   3.38   
1966 -0.16  -0.24  -0.68  -0.86  -1.17  -1.17  -1.35  -1.33  -1.28  -1.89  -2.34  -1.45   
1967 -1.69  -2.21  -2.80  -3.32  -3.65  -3.04  -2.36  -1.69  -1.67  -2.25  -2.65  -1.90   
1968 -2.22  -2.31  -2.08  -1.45  -1.39  -1.82  -1.67  -0.98  -1.67  -1.97   0.30   0.19   
1969 0.71   0.69   0.98   0.79   1.05   1.51   1.59   1.64   1.79   2.88  -0.02  -0.22   
1970 -0.58  -1.21   0.50   0.74   0.50   0.69   0.45   0.04   0.72   0.79  -0.32  -0.50   
1971 -0.92  -1.12  -1.59  -1.69  -2.17  -2.91  -3.36   0.64   1.66   1.80   1.62   1.48   
1972 -0.67  -1.40  -2.39  -3.13  -3.79  -3.64  -4.43  -4.32  -4.27   3.19   3.37   3.68   
1973 3.71   3.90   4.85   4.63   5.63   6.63   6.80  -0.18  -0.01  -0.58  -0.81  -1.26   
1974 -0.38  -0.65  -1.34  -1.45  -2.09  -2.60  -2.42  -2.64  -2.94   1.57   1.28   0.84   
1975 0.61   0.89   1.21   1.66   1.86   1.75   2.15   1.50   2.40  -0.71  -0.65  -0.87   
1976 -1.38  -1.69  -1.95  -2.09  -2.29  -2.84  -2.88  -2.90  -2.56  -2.69  -2.73  -3.13   
1977 -2.78  -3.09  -3.30  -3.42  -3.69  -4.25  -3.52  -3.25  -3.26  -3.44  -3.18  -3.34   
1978 0.43   0.90   1.30   1.04   1.82   1.70  -0.74  -1.63  -1.64   0.08   1.24   1.79   
1979 3.18   3.25   3.44   3.08   4.39   5.30   4.88   4.18   2.79   2.44   3.03   2.91   
1980 3.75   4.64   4.59   4.27   4.47   4.79  -0.38  -0.76  -0.64  -0.78  -1.19  -1.67   
1981 -2.20  -2.51  -1.41  -1.47  -1.27  -1.50  -0.67  -1.20  -1.21  -0.91  -1.24  -1.87   
1982 0.20   0.81   1.24   0.89   1.26   0.98   0.91   2.01   2.19   1.51   1.76   2.15   
1983 2.49   2.44   3.23   3.30   3.51   4.15   4.52   4.30   4.32   4.01   3.92   4.26   
1984 3.57   2.81   2.79   3.15   2.76   2.71   2.21   2.36   2.41   3.22   2.75   3.01   
1985 3.06   2.72   3.24   4.37   4.59   4.81   5.16   3.92   4.14   3.94   3.90   3.15   
1986 2.10   2.06   1.63   1.86   1.47   1.67   2.72   2.32   2.87   2.87   4.08   4.08   
1987 4.04   4.75   4.60   3.99   4.68   5.24   5.10   4.86   3.75   3.14   3.69   3.70   
1988 3.68   3.62   2.80   3.17   3.22   4.24   3.73   4.87  -0.22  -1.00  -0.71  -0.90   
1989 -0.54  -0.37  -1.15  -2.18  -2.74  -3.20  -2.90  -3.01  -3.45  -3.28  -3.58  -3.97   
1990 -3.90  -3.73  -3.58  -2.87  -2.52  -3.14   0.03   0.18   0.55   0.41   0.52   1.32   
1991 1.32  -0.44  -0.03  -0.30  -0.56   0.61   0.57  -0.23  -0.14  -0.55   1.30   1.87   
1992 1.74   1.49   1.58   1.07   2.78   3.03   3.37   3.88   3.08   2.51   2.36   2.79   
1993 4.44   4.63   4.30   3.67   4.13   4.21   2.97   4.32   3.66   3.37   3.55  -0.47   
1994 -0.87  -0.64  -0.90   0.37   0.83  -0.13  -0.86  -1.06   0.56   0.90   1.42   1.24   
1995 1.68   1.20   1.28   1.77   2.28   2.19  -0.57  -0.47  -0.27  -1.05  -1.37  -1.51   
1996 -1.88  -2.17  -2.52  -2.86  -3.96  -3.79  -3.99  -4.03   0.66   1.06   1.23   0.66   
1997 1.56   1.37   0.45   1.43   1.68   2.28   2.66   2.86   3.25   2.82   2.78   2.84   
1998 2.33   2.57   2.73   2.87   2.48   2.14   3.10   2.61   1.79   3.30   3.51  -0.25   
1999 -0.59  -1.11  -1.80   0.54   0.88   0.72   1.83   3.33   3.11  -0.84  -1.58  -2.08   
2000 -2.08  -2.64  -1.25  -1.60  -2.33  -2.49  -3.20  -3.19  -3.67   0.83   1.13   0.76   
2001 0.75   0.88  -0.08  -0.05  -0.12  -0.41  -0.53   0.86  -0.68  -1.37  -1.58  -1.53   
2002 -1.84  -2.33  -2.67  -3.08  -3.97  -4.77  -4.78  -5.05  -3.08  -2.37  -1.99  -1.70   
2003 -2.29  -1.60  -1.38  -1.56  -2.08  -2.27  -3.03  -2.90  -2.40  -2.61  -1.93  -1.87   
2004 -1.80  -1.35  -2.02  -0.95  -1.34  -1.58  -2.13  -2.43   0.75   0.36   0.44   0.32   
2005 1.15   2.47   2.61   2.79   2.96   3.13  -0.45   0.39   0.34   0.41  -0.64  -1.18   
2006 -1.60  -2.27  -2.06  -2.29  -3.31  -3.93   0.67   2.33   2.60   3.31  -0.49  -0.49   
2007 -0.45  -0.33  -0.63   0.06   0.66   0.31   0.49   0.76  -0.35  -0.89  -1.30   0.67   
2008 1.72   2.35   1.68   1.24   1.53   1.64   2.25  -0.15  -0.71  -0.77  -0.83   1.05   
2009 -0.05  -0.42  -0.77   0.06   0.34   0.84  -0.79  -1.77  -1.38  -1.29  -1.59   0.27   
2010 1.43   1.73   1.74   1.77   1.58   1.55   2.28   2.23   2.16   1.94   1.50   2.69   
2011 2.14   1.99   1.42   1.72   1.97   1.62   2.06   2.24   2.41   2.78   2.80   2.63   
2012 -0.32  -0.14  -0.45  -0.65  -1.08  -1.60  -1.23  -1.80  -2.00  -2.58  -2.70  -2.20   
2013 -1.64  -1.85 -99.99 -99.99 -99.99 -99.99 -99.99 -99.99 -99.99 -99.99 -99.99 -99.99   
