1895 0.33   0.55   0.35   0.13   1.06   1.75   4.74   5.29  -0.94  -0.83  -0.50  -0.16   
1896 -0.27  -0.44  -0.32  -0.47  -1.52  -1.80  -1.29  -2.21  -2.15   1.19   0.91   0.90   
1897 0.82   0.84   1.44   1.65   2.75   3.03   2.98   3.03   2.53   3.17  -0.34  -0.39   
1898 -0.43  -0.56  -0.73  -0.63  -1.17   0.44   2.21  -0.15  -0.75  -1.12   0.04   0.46   
1899 -0.13  -0.14  -0.19  -0.53  -1.60  -1.74   2.20  -1.35  -1.52  -1.67   0.10   0.10   
1900 -0.14  -0.20  -0.31   0.99   0.84   0.30   0.76  -1.01   0.46   0.45  -0.51  -0.63   
1901 -0.77  -0.74  -0.68  -0.43  -0.33  -1.18  -0.75  -1.39  -1.75  -1.37  -0.97  -1.14   
1902 -1.23  -1.49  -1.69  -2.46  -2.86  -3.61  -3.45  -3.16  -3.25  -3.23  -3.09  -2.56   
1903 -2.50  -1.79  -1.68  -1.70  -2.23   1.92  -0.78  -1.01  -1.43  -1.76  -2.14  -2.27   
1904 -2.29  -2.71  -3.24  -3.58  -3.91   0.64   0.45   0.08   1.56   2.23   1.85   1.77   
1905 1.72   1.85   2.86   4.84   4.09   4.15   5.45   4.35   3.48   2.82   3.27   3.30   
1906 2.87   2.47   2.33   3.06   2.32   1.52   3.22   2.74   2.51   2.56   2.70   2.68   
1907 2.47  -0.42  -1.26   0.68   0.96   0.81   0.52   0.93  -0.58  -0.56  -0.42  -0.51   
1908 -0.56  -0.43  -1.01   0.51  -0.46  -0.93   0.33   0.77  -1.10  -1.01  -0.71  -0.99   
1909 -1.44  -1.64  -1.16  -1.28  -1.69  -1.94  -2.08  -2.54  -2.31  -2.08  -1.96  -1.84   
1910 -1.92  -1.87  -2.65  -2.63  -3.25  -3.77  -4.13  -3.63  -4.26  -3.82  -4.05  -3.97   
1911 -4.08  -3.14  -2.99  -2.66  -2.70  -3.25   2.00   1.86   1.08   1.60   1.53   1.79   
1912 1.44   1.60   2.01   2.35   1.90   2.61  -0.45  -0.21  -0.41  -0.52  -0.79   0.00   
1913 0.09   0.30   0.36   0.96  -0.87   1.27  -0.84  -1.95   0.20   0.10   0.21   1.11   
1914 -0.35  -0.54  -0.60   0.60   1.51   1.26   3.06   3.43   2.14   2.65   2.05   2.53   
1915 2.37   2.54   3.07   5.31   4.93   4.80   6.15   6.82   6.42  -0.50  -0.88  -1.04   
1916 -0.49  -0.76  -0.88   0.84  -0.72  -1.12  -1.31  -0.39  -1.07   1.32  -0.07  -0.21   
1917 -0.26  -0.36  -0.50  -0.61  -0.17  -1.08  -2.05  -1.46  -1.80  -2.25  -2.44  -2.72   
1918 -2.13  -2.16  -2.11  -2.08  -2.77  -3.36  -3.19  -3.23  -3.28   0.76   1.19   1.87   
1919 1.50   1.48   3.16   4.45   4.55   5.36   5.09   4.28   4.36   4.38   3.85   3.30   
1920 2.97   2.43   1.79   1.79   1.73   2.14   2.01   2.33   1.54   2.08  -0.02  -0.14   
1921 -0.18  -0.26  -0.52  -0.75   0.42   2.57   3.91   0.02  -0.90  -1.61  -2.03  -2.41   
1922 -2.40  -2.36  -2.22  -1.51  -1.79  -2.04  -2.39  -3.68  -4.24  -4.33  -3.62  -3.60   
1923 -3.73  -3.39  -2.67  -1.94  -2.52  -2.13  -2.93   0.71   0.51   2.43   2.74   3.29   
1924 2.97   2.55   3.22   3.39   2.92   2.24   3.27  -0.74  -1.51  -1.68  -1.90  -1.61   
1925 -1.56  -1.69  -2.20  -2.86  -2.87  -3.74   1.29   1.16   0.81   0.90   0.54   0.38   
1926 0.47   0.03   1.41   2.32   3.16   3.24   3.82  -0.49  -0.59  -0.32  -0.64  -0.11   
1927 -0.46  -0.62  -0.49  -0.71  -1.92   0.47   1.39   1.73   1.73  -0.61  -1.20  -1.14   
1928 -1.43  -1.17  -1.37   0.14   0.96   0.65   0.61   0.94  -0.91   0.86   1.41   1.28   
1929 0.96   1.06   1.36   0.94   1.96   1.28   2.09   2.36   2.15   2.20   2.31  -0.25   
1930 -0.33  -0.66  -0.60  -0.93  -1.14  -1.59  -0.95  -1.70  -2.31   1.08   1.19   1.11   
1931 1.06   1.20   1.62   2.80   3.02   2.42   2.74   2.88   2.51   2.05   1.80   1.60   
1932 1.52   1.26   1.36   1.50   1.26   2.40  -0.78  -1.00  -0.24  -0.48  -0.89  -0.53   
1933 -0.72  -0.66  -0.83  -1.10  -1.50  -1.68  -1.86   1.21  -0.81  -1.18  -1.32  -1.76   
1934 -1.94  -1.93  -2.18  -2.51  -3.03  -3.71  -4.59  -4.84  -5.08  -5.02  -4.57  -4.55   
1935 -4.24  -4.27  -4.62  -4.93  -3.66  -3.66  -4.14  -3.38  -3.08  -3.20  -2.47  -2.34   
1936 -1.90  -1.90  -2.12  -2.57  -1.93  -2.21  -2.14  -3.25  -2.63  -2.79  -2.90  -2.74   
1937 -2.67  -2.67  -2.25  -2.27   1.36   1.93  -0.92  -2.15  -1.63  -1.65  -1.96  -1.80   
1938 -1.82  -1.10  -1.09  -1.30  -1.57  -0.89  -1.03  -2.34   0.78   1.37   0.99   0.97   
1939 1.74   1.66  -0.10   0.10  -0.33  -0.78  -1.02  -1.27  -1.78  -1.96  -1.89   0.41   
1940 0.52   0.72   0.66  -0.04  -0.03  -0.89  -1.98  -1.97  -2.61  -3.09   1.55   1.31   
1941 1.36   1.10   2.69   4.10   7.81   8.97  10.10   9.92  13.22  13.89  12.50  11.28   
1942 10.08   9.19   8.37  10.31   8.93   8.69   7.92   8.23   8.19   8.53  -0.19   0.25   
1943 -0.22  -0.60  -1.01  -1.59  -1.82  -2.06  -2.31  -3.01  -3.57  -3.81  -3.55   1.17   
1944 1.20   1.09   0.78   1.34   1.51   1.45   1.11   1.41   1.21   0.96   0.89   1.05   
1945 1.27  -0.21  -0.51  -0.68  -1.57  -2.15  -2.12  -1.94  -1.62  -1.62  -2.04  -2.18   
1946 -2.06  -2.20  -2.39  -2.91  -2.96  -3.69  -4.21   0.44   0.75   1.59   2.06   1.58   
1947 1.44   1.14   1.08   1.20   1.94  -0.74  -0.87  -1.21  -2.27  -2.69   0.13   0.77   
1948 1.01   1.78   2.16   1.66   2.04   2.46  -0.28  -0.25  -1.20  -1.15  -0.97  -1.21   
1949 0.47   0.89   0.92   1.49   2.07   3.63   3.98  -0.32  -0.51  -0.74  -1.33  -1.24   
1950 -1.53  -2.02  -2.44  -2.84  -3.43  -3.25   2.91   2.53   2.97  -0.54  -0.97  -1.25   
1951 -0.93  -0.80  -0.67  -0.87  -0.30  -0.73  -0.97  -1.75  -2.44  -2.33  -2.28  -2.23   
1952 -2.19  -2.17  -2.06  -1.36  -2.00  -2.73  -2.86  -2.74  -3.18  -3.57  -2.95  -2.67   
1953 -2.78  -2.47  -2.55  -2.79  -3.04  -4.17  -3.71  -3.36  -4.16  -3.91  -3.43  -2.97   
1954 -2.85  -3.09  -3.28  -3.69  -3.37  -4.09  -4.63  -4.09  -4.50  -3.20  -3.20  -3.24   
1955 -3.11  -2.95  -3.19  -2.91  -1.83  -2.38  -2.15  -2.64  -2.35  -2.62  -2.80  -2.99   
1956 -3.09  -2.51  -2.71  -3.02  -3.35  -3.71  -3.57  -4.07  -4.90  -4.86  -4.70  -4.68   
1957 -4.43  -4.58   0.46   1.02   1.61  -0.71  -1.15  -1.16  -1.75   1.19   1.52   0.99   
1958 1.28   1.09   2.42   2.95   3.28   3.10   3.52   3.21   3.48  -0.30  -0.38  -0.49   
1959 -0.51  -0.67  -0.83  -1.13   0.15   0.48   0.52   1.45  -0.97   0.48   0.15   1.24   
1960 1.77   1.96   1.92  -0.33  -1.05   1.14   4.08   4.27   4.06   5.73   5.07   5.60   
1961 5.12   4.70   4.92   4.71   3.80   3.82   4.20   4.72   4.86   4.26   4.57   4.23   
1962 4.00   3.40   3.08   2.67   1.50   1.58   2.68  -1.37  -1.24  -1.70  -1.68  -1.51   
1963 -1.54  -1.02  -1.21  -1.87  -1.79  -1.31  -1.90  -1.18  -1.39  -1.89  -2.10  -2.10   
1964 -2.19  -1.49  -1.43  -1.59  -2.14  -2.76  -3.65  -4.19  -3.41  -3.81   0.44   0.37   
1965 0.05   0.08   0.40   0.47   0.69   1.94  -0.19  -0.30  -0.10  -0.29  -0.97  -0.77   
1966 -0.63  -0.51  -0.84  -1.25  -2.02   0.33   0.12   0.92  -0.60  -1.13  -1.60  -1.66   
1967 -1.85  -1.99  -2.67  -3.08  -3.20   0.47   1.44   1.40  -0.17  -0.84  -1.19   0.24   
1968 0.58   0.40   0.71   0.73  -0.59  -1.51  -1.24  -1.41  -2.05  -2.35  -2.16  -2.19   
1969 -2.59   0.20   0.56   0.68   1.45   2.08   1.76   1.79   2.46   3.38   3.09   3.10   
1970 2.61   2.03   2.07   2.31  -0.79  -1.12  -0.98  -1.58  -0.96  -0.66  -1.06  -1.47   
1971 -1.64  -1.64  -2.03  -2.07  -2.31  -2.59   0.29   0.66   0.72   0.89   1.35   1.49   
1972 -0.30  -0.63  -1.27  -2.05  -2.33  -2.27   1.11   1.91   2.85   3.15   3.53   3.06   
1973 2.94   2.84   3.82   4.20   3.51   3.01   3.73  -0.70  -0.94  -1.12  -1.59  -1.40   
1974 -1.16  -1.23  -1.62  -2.07  -3.28  -3.71  -4.03   0.50   0.83   2.13   1.97   1.86   
1975 1.75   1.91   1.71   1.81  -0.55  -0.76  -0.11  -0.93  -0.63  -1.31  -1.00  -1.16   
1976 -1.32  -1.73  -2.08  -2.19  -2.36  -2.75  -2.46  -2.75  -1.99  -1.97  -1.85  -2.03   
1977 -1.92  -1.88  -1.92  -0.82  -0.63  -1.35  -1.64  -1.14  -1.80  -2.17  -2.25  -2.50   
1978 -2.10  -1.65  -1.62  -2.03  -1.72  -0.90  -1.80  -2.32  -2.58  -2.80   1.54   1.44   
1979 1.74   1.37   1.43   1.76   2.29   2.92   3.09   3.23   2.52   1.85   1.66   1.38   
1980 1.22   1.13   1.19   1.83   2.30  -0.91  -2.36  -2.60  -2.05  -2.42  -2.15  -2.45   
1981 -2.59  -2.69  -2.21  -2.50  -2.49  -2.64  -2.44   2.64   2.79   2.89  -0.23  -0.57   
1982 -0.75  -0.75  -1.08  -1.37  -1.41   0.45   1.80   1.39   1.26   1.15   1.16   1.50   
1983 1.88   2.09   2.25   2.28   2.09   2.13  -0.64  -1.82  -2.55   0.43   0.18   0.33   
1984 0.30   0.04   0.41   0.66   0.52   1.01   0.60   1.38   0.72   2.24   2.68   2.82   
1985 2.76   2.51   3.72   3.94   4.12   4.33   3.95   3.58   4.12   4.87   4.48   3.81   
1986 3.05   3.21   2.48   1.66   2.24   3.18   2.09   2.33   2.62   3.46   4.95   4.92   
1987 5.12   5.81   5.43   4.97   5.39   6.08   4.93   6.07   5.44   4.28   3.80   3.96   
1988 3.43   2.86   2.55   2.79   3.14   4.04   4.14   3.60   4.37  -0.43  -0.75  -0.78   
1989 -0.85  -0.62  -1.12  -1.73  -2.24   0.93   0.54   1.18   1.34  -0.52  -1.02  -0.97   
1990 0.60   1.28   1.23   1.16  -0.59  -1.80   0.45   0.83   1.46  -0.47   0.37   0.23   
1991 0.43  -0.40  -0.10  -0.60  -0.66  -0.64   1.79   2.61   3.51   2.73   3.27   4.31   
1992 4.31   3.81   3.38   3.03   3.31   3.93   4.00   4.16   3.19   2.17   2.04   1.99   
1993 2.06   1.95   2.39   2.05   1.56   1.86   1.88   2.34  -0.46  -0.63  -0.51  -0.79   
1994 -0.97  -1.23   0.14   0.08   1.01  -0.77  -1.12  -1.31  -1.94  -1.58  -1.60  -1.66   
1995 -1.64  -2.04  -2.03  -2.04  -1.12  -1.04  -1.55  -2.01  -1.29  -1.66  -2.07  -1.88   
1996 -1.95  -2.18  -2.49  -3.08  -4.17   0.45   1.09   1.73   1.70   1.47   1.20   0.71   
1997 0.80   1.05  -0.43   2.16   1.86   2.71   2.55   2.58   2.55   2.16   2.08   3.23   
1998 2.61   2.57   3.25   3.23  -1.03  -1.91  -1.43  -1.39  -2.15   1.95   2.00   1.68   
1999 1.96   1.31   1.58   3.23   4.32   4.63   4.57   4.36   3.96  -0.43  -0.99  -0.93   
2000 -1.17  -1.83  -0.87  -1.00  -2.28  -1.74  -1.76  -2.96  -3.94   2.40   2.62   2.81   
2001 3.62   3.54   4.31   3.69   3.69   3.57  -0.53  -0.54  -1.11  -1.63  -0.99  -0.99   
2002 -0.77  -0.94  -0.73  -1.10  -2.29  -2.85  -3.12  -3.37  -2.12  -1.40  -1.20  -0.58   
2003 -0.89  -0.94  -0.88  -1.36  -2.18  -1.09  -2.69  -3.15  -3.43  -3.35  -3.17  -3.29   
2004 -3.33   0.33   0.33   2.13   0.87   1.10   1.77   2.10   2.78   3.18   4.35   3.96   
2005 4.60   4.42   4.95   4.92   5.12   4.63   3.74   4.66   4.34  -0.27  -0.75  -1.05   
2006 -1.46  -1.72  -1.95  -2.43  -3.18  -3.36  -0.05   1.65   1.54   1.41   0.78   1.48   
2007 1.66   1.32   1.94   1.85   2.00   2.25  -0.52  -1.52  -1.62  -2.09  -2.29  -1.68   
2008 -1.76  -1.76  -1.79  -2.18  -2.32  -3.05  -2.03  -0.92  -1.47  -0.69  -1.03  -1.20   
2009 -1.58  -1.76  -1.92  -2.00  -2.79  -3.23   0.70  -0.44  -0.76   0.61   0.21   0.30   
2010 0.72   1.41   2.34   2.36   1.81   1.61   1.80   1.90  -0.22  -0.42  -0.78  -1.10   
2011 -1.30  -1.12  -1.62  -2.31  -3.28  -4.04  -4.96  -5.36  -5.05  -4.72  -4.67  -2.98   
2012 -3.06  -2.89  -3.24  -3.38  -3.72  -3.94  -4.77  -5.09  -5.02  -4.56  -4.75  -4.27   
2013 -3.76  -3.03 -99.99 -99.99 -99.99 -99.99 -99.99 -99.99 -99.99 -99.99 -99.99 -99.99   
