1895 0.76   1.17  -0.50  -0.81   0.54   0.48   2.42  -0.22  -1.09  -1.01  -0.59  -0.61   
1896 -1.04  -1.15  -1.62  -1.81  -2.72  -3.00  -2.12  -2.78  -2.77   1.76   1.36   1.12   
1897 1.40   1.34   1.51   1.31   2.23   2.54   2.67   2.16   2.22   2.14  -0.62  -0.93   
1898 -0.76  -1.23  -1.26  -1.00  -1.74   0.27   1.99  -0.32  -1.16  -1.85  -1.68  -1.18   
1899 -1.42  -1.53  -1.72  -2.07  -2.71  -2.93  -0.94  -2.00  -2.29  -2.66  -2.37  -2.53   
1900 -2.66  -2.82  -3.02  -2.16  -2.17  -2.46  -2.74  -3.45  -2.57  -2.53  -2.76  -3.01   
1901 -3.10  -2.96  -2.97  -2.59  -2.55  -3.07  -2.09  -2.37  -2.74  -2.39  -2.10  -2.57   
1902 -2.74  -3.20  -3.17  -3.72  -4.05  -4.82  -5.20  -4.78  -5.14  -5.30  -4.90  -4.31   
1903 -4.33  -3.47  -3.45  -3.29  -3.61  -1.42  -2.53  -2.87  -3.04  -3.53  -3.92  -4.25   
1904 -4.44  -5.04  -5.72  -6.05  -6.49  -6.29  -5.99  -6.03   1.20   1.64   1.12   0.96   
1905 1.22   2.01   2.94   4.40   3.91   4.34   4.58   3.22   2.95   2.08   2.96   2.96   
1906 2.68   2.44   2.03   2.54   1.97   1.35   2.53   1.71   1.41   1.05   1.31   1.85   
1907 2.26  -0.59  -1.42   0.52   0.55   0.52   0.90   1.73   0.99   1.45   1.51  -0.50   
1908 -0.54  -0.40  -0.95  -0.43  -0.87  -1.70   0.87   1.21  -0.77  -1.22  -1.03  -1.54   
1909 -2.45  -2.92  -2.26  -2.22  -2.67  -3.03  -2.72  -2.47  -2.33  -2.52  -2.53  -2.52   
1910 -2.82  -2.98  -3.60  -3.72  -4.37  -4.57  -4.63  -4.40  -4.90  -4.92  -4.93  -5.15   
1911 -5.41  -4.35  -4.47  -4.07  -4.02  -3.99   2.41   1.64   1.30   1.84   1.67   1.47   
1912 0.79   0.99   1.25   1.49   1.38   2.01   2.47   2.38  -0.31  -0.41  -0.68  -0.87   
1913 -0.85   0.28   0.34   0.90   0.49   1.82  -0.45  -1.00  -0.71  -1.07   0.15   0.66   
1914 -0.74  -1.05  -1.26   0.64   1.32   1.49   4.42   3.77   2.69   3.26   2.70   3.52   
1915 3.67   3.88   4.55   6.17   5.74   5.08   6.70   5.69   5.51   4.50   3.67   3.26   
1916 4.11   3.21   2.89   3.36   2.82   2.06   2.56   3.18   2.29   3.03  -0.22  -0.42   
1917 -0.33  -0.43  -0.65  -0.81  -0.67  -1.07  -1.15  -1.38  -1.63  -2.26  -2.56  -3.13   
1918 -2.69  -2.83  -2.70  -2.45  -2.87  -3.22  -2.51  -2.56  -2.90   0.31   0.69   1.29   
1919 0.80   0.76   2.60   3.60   3.91   4.68   6.46   5.49   6.16   6.03   5.79   5.18   
1920 5.13   4.74   4.40   4.21   4.30   5.25   4.86   4.55   3.71   3.82   3.27   2.60   
1921 2.27   1.82   1.25   0.85   0.97   2.33   5.06   4.91  -0.49  -0.94  -1.37  -1.78   
1922 -1.91  -2.08  -2.03  -1.36  -1.43  -1.22  -1.92  -2.73  -3.36  -3.69  -3.06  -3.33   
1923 -3.57   0.20   0.33   0.75   0.19   0.10   0.15   0.87   0.71   1.66   2.00   2.71   
1924 2.37   2.12   2.66   2.60   2.36   2.01   3.10  -0.63  -1.43  -1.83  -2.11  -1.85   
1925 -2.01  -2.47  -2.85  -3.51  -3.68  -4.08   1.21   1.39  -0.12  -0.04  -0.30  -0.61   
1926 -0.62  -1.37   1.05   1.72   2.31   2.20   2.45  -0.84  -0.86  -0.81  -1.17  -0.55   
1927 -1.15  -1.34  -1.34  -1.62  -2.50  -2.02  -1.43  -1.41  -0.90  -1.52  -2.11  -2.16   
1928 -2.73  -2.26  -2.55  -2.27  -1.74  -2.45  -2.57  -1.91  -2.65   0.55   0.89  -0.30   
1929 -0.69  -0.63  -0.36  -0.68   0.70   0.11   1.61   2.32   2.45   2.27   2.31  -0.54   
1930 -0.71  -1.28  -1.01  -1.13  -1.24  -1.41   1.84   1.39   0.85   1.20   1.32   0.90   
1931 0.75   2.18   2.52   3.87   3.87   3.71   3.93   4.44   4.62   4.23   4.25   4.19   
1932 4.52   4.14   4.43   3.86   4.35   4.34   4.51   4.97   5.02   5.08   4.15   4.13   
1933 3.81   3.61   2.79   2.64   2.58   4.20   0.03  -0.07  -0.57  -0.83  -0.64  -1.22   
1934 -1.63  -2.32  -2.81  -3.15  -3.39  -4.05  -4.91  -4.99  -5.43  -5.65  -4.89  -4.69   
1935 -4.39  -3.88  -3.88  -3.63   1.15  -0.23  -1.11  -0.38  -0.08  -0.77  -0.33  -0.62   
1936 -0.10  -0.29  -0.77  -0.79  -0.26  -0.43  -0.24  -1.02   1.31  -0.16  -0.45  -0.54   
1937 -0.95   0.07   0.73   0.53   1.82   2.66  -0.70  -1.61  -1.26  -1.10  -1.61  -1.69   
1938 -1.64  -1.42  -1.65  -1.84  -2.45  -1.99  -1.32  -2.59   1.05   0.67   0.60   0.27   
1939 1.00   1.18   1.35   1.46  -0.20  -0.50  -0.11  -0.52  -0.24  -0.11  -0.11  -0.52   
1940 -0.76   0.61   0.29   0.10   1.00  -0.08  -0.15  -0.04  -0.48  -0.90   0.62   0.44   
1941 0.94   1.08   2.39   3.03   5.11   5.83   6.28   5.95   8.26   9.12   8.42   7.83   
1942 7.05   6.92   6.14   7.33   6.40   6.03   4.91   5.58   5.74   5.76   4.61   4.99   
1943 -0.27  -0.85  -0.96  -1.48  -1.17  -0.31  -0.36  -1.06  -1.83  -2.07  -2.05   0.68   
1944 0.95  -0.16  -0.30  -0.11  -0.27  -0.53  -0.03  -0.28  -0.57  -0.62  -0.21  -0.03   
1945 -0.06  -0.62  -0.78  -0.54  -1.24  -1.97  -2.30  -1.97  -2.58  -2.72  -3.22  -3.15   
1946 -2.38  -2.69  -2.53  -2.83  -3.05  -3.53  -3.13  -2.44  -2.39  -2.16  -1.54  -1.92   
1947 -2.05  -2.53  -2.71  -2.77  -3.22  -3.83  -4.87  -4.58  -5.40  -5.42  -4.65  -4.04   
1948 -3.82  -2.65  -2.02  -2.20  -1.89  -1.48  -2.08  -2.85  -3.37  -3.19  -3.18  -3.15   
1949 0.59   0.38   0.04   0.48   0.25   0.40   1.20   1.00   1.13  -0.19  -0.95  -0.93   
1950 -1.26  -1.81  -2.35  -2.95  -3.58  -3.54  -1.21  -1.94  -1.26  -2.01  -2.41  -3.10   
1951 -2.99  -3.21  -2.86  -2.45  -2.94  -3.75  -4.27  -4.05  -4.88  -4.79  -4.47  -3.94   
1952 -4.09  -3.94  -3.07  -2.49  -2.56  -2.24  -2.10  -2.37  -2.73  -3.37  -2.76  -2.63   
1953 -3.24  -2.89  -2.73  -2.33  -2.31  -2.28  -2.25  -2.75  -3.67  -3.72  -3.59  -3.47   
1954 -3.47  -4.13  -3.91  -4.40  -4.13  -4.56  -4.52  -4.17  -3.95  -3.62  -3.93  -4.08   
1955 -3.89  -3.97  -3.77  -3.67  -3.87  -4.41  -2.54  -2.37  -2.75  -2.91  -3.19  -3.37   
1956 -3.63  -3.21  -3.65  -3.85  -4.41  -4.76  -4.47  -4.83  -5.70  -5.52  -5.41  -5.54   
1957 -5.34  -5.15  -4.23  -3.62  -3.35  -3.92  -0.03   0.93  -0.87   1.44   2.38   1.82   
1958 2.11   2.11   4.04   4.60   4.33   4.36   3.57   2.81   3.93   4.21   3.95   3.36   
1959 2.65   2.20   1.72   1.74   1.77   1.78   1.48   2.25   1.00   1.20   0.63   1.17   
1960 1.67   1.67   1.18   0.56   0.60   1.38   1.47  -0.86  -1.65   0.60  -0.45  -0.09   
1961 -0.07  -0.40   0.21   0.34  -0.48  -0.35  -0.85   0.75   1.08  -0.63   0.57   1.25   
1962 1.36  -0.30  -0.23  -0.46  -0.96   0.10   1.34  -1.33   0.63   0.46   0.43   0.33   
1963 0.28   0.52  -0.26  -0.56  -1.16  -1.76  -2.42  -1.17  -1.13  -1.55  -1.69  -2.14   
1964 -2.57  -2.08  -1.95  -1.59  -1.41  -2.24  -2.24  -3.05  -2.74  -3.31  -3.35  -3.38   
1965 -3.36   0.09   0.22   0.32   0.14   0.66   0.73   0.82   1.38  -0.28  -0.69   1.02   
1966 0.92   0.94  -0.45  -0.66  -1.07   0.91  -0.52  -0.03  -0.53  -1.17  -1.54  -1.75   
1967 -2.27  -2.31  -2.87  -3.44  -4.02   0.34  -0.35   1.34   1.24  -0.79  -1.03   0.51   
1968 0.25   0.49   1.28   1.31   1.21   0.77   1.37   1.60  -0.87  -1.19   0.35   0.50   
1969 0.13   0.32   0.66   0.79   1.62   1.44   1.46   1.61   1.83   2.39   2.13   2.40   
1970 -0.37  -0.70  -0.12  -0.33  -0.56   0.18   0.70  -0.62  -1.34  -1.25  -1.68  -2.14   
1971 -2.38  -2.44  -2.80  -2.56  -3.23  -3.84   0.22   0.18   0.10   0.60   1.11   1.52   
1972 -0.05  -0.55  -1.44  -2.08  -2.32   0.16   0.22   1.16   2.06   4.14   4.41   4.51   
1973 4.99   5.12   5.78   5.53   5.66   5.81   6.19  -0.54  -1.02  -1.51  -1.73  -2.18   
1974 -1.55  -1.54  -1.89  -2.18  -2.82  -3.28   0.16   0.36   1.10   2.86   2.57   2.67   
1975 2.91   3.33   3.65   3.38   3.16   2.66   2.83   1.98   2.64  -0.59  -0.34  -0.61   
1976 -1.03  -1.31  -1.42   0.11   0.43  -0.47   0.53  -0.34  -0.19  -0.37  -0.24  -0.81   
1977 0.24   0.36   0.24   1.06  -0.15  -0.55  -0.04  -0.14  -0.40  -0.58  -0.78  -1.43   
1978 0.64   1.04   1.39   0.87   1.40   1.41  -0.83   0.21   0.10   0.28   1.45   2.34   
1979 3.02   3.31   2.86   2.62   3.47   4.78  -0.06  -0.28  -0.28  -0.70  -0.54  -0.49   
1980 -0.27  -0.23  -0.41   0.13   0.35  -0.57  -1.70  -1.61  -0.69  -1.08  -1.10  -1.78   
1981 -2.22  -2.58  -2.32  -2.47  -2.83  -2.71  -2.85  -2.00  -1.74  -1.63  -1.71  -2.47   
1982 -2.07  -2.08  -2.30  -2.60  -2.67  -3.33  -3.44  -3.29   0.86   0.47   0.51   0.97   
1983 1.08   1.24   1.47   1.80   1.72   1.63  -0.23  -1.09  -1.10   0.72   1.36   1.42   
1984 -0.18  -0.68  -0.70  -0.71  -0.51  -0.07  -0.78   0.84   0.49   1.95   2.05   3.14   
1985 3.53   3.74   4.11   4.55   4.45   4.80   3.94   3.55   3.69   5.53   5.04   4.30   
1986 3.41   3.58   2.98   2.41   3.04   4.65   4.30   4.36   4.03   4.80   6.27   6.89   
1987 7.26   7.60   6.85   6.36   7.14   7.57   5.91   6.37   5.47   4.38   4.19   4.36   
1988 4.11   3.70   2.92   3.32   3.25   3.74   4.19   5.19   5.50  -0.41  -0.41  -0.07   
1989 -0.11  -0.24  -0.52  -1.15  -1.55  -2.16  -1.42  -1.04  -1.38  -1.66  -2.20  -2.36   
1990 -2.35  -1.83  -1.65  -1.22  -1.37  -2.22   0.89   1.10   1.50  -0.65   0.30   0.70   
1991 0.52   0.45   0.55  -0.51   0.19   0.16   1.85   2.40   2.99   2.60   3.08   4.03   
1992 4.39   4.08   3.49   3.04   5.14   5.15   4.86   4.28   3.43   2.85   2.83   3.06   
1993 3.27   3.36   2.91   2.35   2.38   2.08   1.15   2.51  -0.55  -0.24  -0.01  -0.40   
1994 -0.83  -1.16   0.43   0.23   1.46  -0.36  -0.94  -1.38  -1.46   0.29   1.27   1.59   
1995 1.89  -0.27  -0.47  -0.50  -0.75  -0.49  -0.89  -1.06   0.50  -0.82  -1.40  -1.67   
1996 -1.78  -2.28  -2.71  -3.35  -4.48   0.99   1.52   1.25   1.61   2.03   1.76   0.78   
1997 1.10   1.00   0.30   1.08   1.45   1.98   1.65   1.44   2.26   1.91   1.72   2.82   
1998 2.19   2.41   3.06   2.82   2.26   1.68   2.44   1.85   1.13   2.27   2.11  -0.23   
1999 -0.48  -1.30   0.01   0.09   0.08   0.18   0.12   0.86  -0.23  -0.65  -1.45  -1.71   
2000 -2.37  -3.19  -3.00  -3.41  -4.46  -3.17  -3.45  -3.73  -4.63   1.19   1.93   1.87   
2001 2.17   2.04   2.07  -0.16   0.11   0.23  -0.38  -0.68  -1.25  -1.94  -1.40  -1.61   
2002 -1.57  -1.89  -2.37  -3.04  -3.73  -4.31  -3.57  -3.96  -3.23  -2.96  -2.99  -2.31   
2003 -3.05  -2.91  -2.79  -3.10  -3.77  -3.89  -5.31  -5.52  -5.79  -5.33  -4.88  -5.00   
2004 -5.06  -4.18  -4.25  -2.80  -3.11  -3.08  -3.14  -3.03  -3.07   0.58   1.17   1.11   
2005 1.37   2.36   2.84   2.89   3.38  -0.10  -1.32  -1.18  -0.69  -0.45  -1.16  -1.81   
2006 -2.63  -3.40  -3.87  -4.50  -5.21  -5.05   0.62   2.52   3.15   4.05   3.42   3.81   
2007 3.87   3.77   3.23   3.05   4.27   4.51   4.46  -0.89  -1.10  -1.70  -1.97  -1.39   
2008 -1.41  -1.80  -2.11  -2.47  -2.50  -2.96   1.65   1.81   1.26   1.42  -0.45  -0.73   
2009 -1.48  -2.34  -2.90  -3.26  -3.53  -3.47  -3.30  -4.22   0.32   0.43  -0.36  -0.46   
2010 0.38   0.55   1.00   1.04   0.74   0.22   1.33  -0.62  -1.15  -1.33  -1.84  -2.06   
2011 -2.66  -2.74  -3.61  -4.59  -5.26  -6.18  -6.94  -7.17  -7.23  -6.53  -6.32  -4.78   
2012 -4.98  -5.02  -5.24  -5.62  -5.64  -6.32  -6.41  -6.69  -6.48  -6.52  -6.57  -6.16   
2013 -6.14  -5.65 -99.99 -99.99 -99.99 -99.99 -99.99 -99.99 -99.99 -99.99 -99.99 -99.99   
