1895 0.89   1.08   0.86   1.73   3.36   3.70   5.71  -0.31  -1.21  -1.14  -0.73  -0.94   
1896 -1.53  -1.75  -2.63  -2.80  -3.24  -3.47  -2.57  -3.19  -3.09   2.16   1.79   1.35   
1897 1.97   1.64   1.61   1.38   1.70   1.52   1.55  -0.71  -0.33  -0.49  -1.08  -1.48   
1898 -0.99  -1.54  -1.78  -1.94  -2.24   0.27   2.24  -0.43  -1.30  -2.02  -1.99  -1.40   
1899 -1.57  -1.61  -1.86  -2.26  -2.67  -2.62   2.06  -1.43  -1.63  -2.22  -2.05  -2.40   
1900 -2.51  -2.87  -3.31  -3.13  -3.26  -3.41  -3.65  -4.33  -3.43  -3.27  -3.24  -3.42   
1901 -3.18  -2.68  -2.82  -2.98  -2.92  -3.30  -2.23  -2.66  -2.99  -2.52  -1.94  -2.42   
1902 -2.35  -2.73  -2.96  -3.41  -3.48  -3.97  -4.50  -3.94  -4.38  -4.50  -4.04  -3.53   
1903 -3.66  -2.94  -2.58  -2.72  -3.03  -1.35  -2.87  -3.23  -3.20  -3.66  -3.89  -4.19   
1904 -4.15  -4.58  -5.35  -5.45  -5.32  -5.35  -4.85  -5.01   1.24   1.55   1.13   0.86   
1905 1.44   2.49   3.32   4.85   5.01   5.50   5.62   4.16   3.64   2.61   3.90   3.81   
1906 3.30   3.04   2.63   2.71   2.40   1.84   3.13   2.32   1.58   1.08   1.18   1.77   
1907 2.19   1.41   0.61   0.83   0.98   0.95   1.33   2.20   1.24   1.95   1.95  -0.78   
1908 -0.82  -0.73  -1.20  -0.97  -1.35  -2.07  -0.80  -0.64  -1.66  -2.24  -2.16  -2.12   
1909 -2.90  -3.10  -2.88  -3.16  -3.34  -3.49  -3.04  -2.90  -2.90  -2.98  -3.29  -3.05   
1910 -3.10  -3.16  -3.79  -3.88  -4.11  -3.89  -3.82  -3.44  -4.25  -4.41  -4.27  -4.49   
1911 -4.58  -3.75  -3.88  -3.79  -3.75  -3.44   2.92  -0.88  -1.04  -0.38  -0.71  -0.74   
1912 -1.29  -1.20  -1.11  -0.98  -1.20   0.15   0.75   0.00  -0.59  -0.85  -1.13  -1.17   
1913 0.00   0.24   0.45   0.79   0.16   1.10  -0.64  -1.26  -1.19  -1.43  -1.10  -0.69   
1914 -1.34  -1.55  -1.86  -1.72   0.06   0.40   3.48   1.97   0.84   1.52   1.18   2.18   
1915 2.51   2.35   2.89   4.72   5.16   4.75   6.61  -1.21  -1.16  -1.67  -2.04  -1.71   
1916 -0.34  -0.91  -1.11  -0.68  -0.63  -1.03   0.64   0.99   0.38   0.90  -0.40  -0.79   
1917 -0.46  -0.57  -0.76  -0.88  -0.73  -1.26  -1.23  -1.34  -1.61  -2.14  -2.31  -2.74   
1918 -2.23  -2.22  -2.29  -2.55  -2.80  -2.75  -1.98  -1.97  -2.66   0.17   0.40   1.01   
1919 0.76   0.76   2.05   3.25   3.56   4.09   6.11   4.75   5.28   4.88  -0.10  -0.56   
1920 -0.35  -0.37  -0.22  -0.50  -0.65   0.64  -0.30  -0.75  -1.29  -1.04  -1.30  -1.70   
1921 -1.92  -2.17  -2.70  -2.88  -2.69   0.65   3.74  -0.22  -1.08  -1.56  -2.00  -2.43   
1922 -2.33  -2.47  -2.56  -2.29  -2.46  -1.99  -2.49  -3.28  -3.65  -3.77  -3.49  -3.86   
1923 -4.04  -3.32  -2.88  -2.44  -2.74  -2.80   0.20   0.54   0.42   0.73   1.22   1.98   
1924 1.58   1.19   1.49   1.79   1.60   1.22   2.37  -0.52  -1.46  -2.00  -2.17  -1.97   
1925 -1.96  -2.31  -2.87  -3.10  -3.21  -3.05   1.45   1.35   1.11   1.15  -0.38  -0.55   
1926 -0.41  -0.93   0.51   1.37   1.33  -0.33   0.42  -0.93  -0.68  -0.73  -1.20   0.61   
1927 -0.66  -0.78  -1.02  -1.33  -1.82   0.31   0.91   0.75   1.03  -0.60  -1.29  -1.19   
1928 -1.59  -1.09  -1.46  -1.52  -1.26  -1.98  -1.93  -1.09  -1.87  -1.36  -1.40  -1.56   
1929 -1.86  -1.70  -1.65  -1.97  -1.82  -2.24   1.62   1.93  -0.11  -0.32  -0.24  -0.82   
1930 -0.86  -1.42  -1.34  -1.67  -1.62  -1.66   2.02  -0.82  -1.42   0.48  -0.05  -0.39   
1931 0.10   1.36   1.36   2.72   2.62   2.12   2.48   3.45   3.22  -0.69   0.39   0.51   
1932 0.49   0.48   0.67  -0.06  -0.22  -0.56  -0.44  -0.62  -0.56  -0.49  -0.98   0.49   
1933 0.47   0.79   0.45   0.26   0.07   1.77  -0.14  -0.89  -1.35  -1.32  -1.48  -2.05   
1934 -2.49  -2.81  -3.06  -3.46  -3.67  -3.90  -4.61  -4.05  -4.68  -4.71  -4.44  -4.25   
1935 -4.05  -3.51  -3.60  -3.76  -3.20  -3.31  -4.37  -3.33  -2.63  -3.23  -2.59  -2.41   
1936 -1.88  -1.79  -1.79  -2.02  -1.73  -2.16  -2.70  -3.18   0.55   0.05   0.61   0.43   
1937 0.06   0.27   0.90   0.97   1.32  -0.07  -1.37  -2.17  -1.66  -1.07  -1.51  -1.41   
1938 -1.43  -1.34  -1.19  -1.56  -1.96  -1.31  -0.74  -1.79   1.44  -0.85  -1.05   0.42   
1939 0.44   0.47   0.45  -0.08  -0.47  -1.04  -1.21  -1.72   0.20   0.20   0.36  -0.28   
1940 -0.49  -0.08  -0.40  -0.57   0.45   1.02  -0.86  -1.51  -1.84  -2.18   0.43   0.25   
1941 0.90   1.21   2.12   3.69   5.04   4.95   4.38   4.65   7.37   7.59   6.72   6.12   
1942 5.17   4.83   4.32   4.57  -0.22  -0.60  -1.34  -0.72  -0.66  -0.38  -1.00  -0.66   
1943 -0.84  -1.35  -1.64  -2.19  -2.42  -1.16  -1.32  -1.79  -1.49  -1.94  -1.69  -1.43   
1944 -1.21  -1.04  -0.75  -0.73  -0.94  -1.32  -1.36   0.34   0.68   0.77   1.28  -0.09   
1945 -0.21  -0.73  -0.52  -0.85  -1.40  -2.01  -2.24  -2.25  -3.05  -2.14  -2.49  -2.78   
1946 -1.90  -2.12  -2.18  -2.34  -2.49  -2.59  -2.52  -2.49  -2.49  -2.66  -2.46  -2.51   
1947 -2.06  -2.35  -2.54  -2.75  -3.05  -2.97  -3.73  -3.51  -4.32  -4.66  -3.88  -3.71   
1948 -3.55  -2.12  -1.84  -1.80  -1.74  -1.65  -2.46  -3.11  -3.52  -3.30  -3.29   0.49   
1949 1.90   2.35   2.04   2.29   2.71   2.91   2.95  -0.83  -0.16  -0.21  -0.78  -0.68   
1950 -1.07  -1.45  -2.15  -2.53  -2.88  -2.95  -0.79  -2.05  -2.01  -2.33  -2.72  -3.28   
1951 -3.08  -2.99  -2.86  -2.20  -2.65  -3.20  -3.95  -4.08  -4.96  -4.29  -4.10  -3.89   
1952 -4.02  -3.86  -3.22  -2.58  -2.55  -1.66  -1.99  -2.26  -2.76  -3.36  -2.85  -2.73   
1953 -3.22  -2.44  -1.91  -1.72  -1.99  -2.26  -2.05  -2.75  -3.60  -3.72  -3.82  -3.84   
1954 -3.90  -4.28  -4.22  -4.51  -4.13  -4.19  -4.44  -3.47  -3.53  -3.24  -3.51  -3.80   
1955 -2.93  -2.90  -2.43  -2.54  -2.66  -2.94  -1.18  -1.25  -2.24  -2.21  -2.45  -2.89   
1956 -3.20  -2.81  -3.18  -3.31  -3.66  -3.90  -4.13  -4.39  -5.15  -5.29  -5.10  -5.06   
1957 -4.61  -4.80  -4.61  -4.29  -3.99  -4.26   0.19   1.56   0.48   1.51   1.61   0.90   
1958 0.70   1.11   3.03   3.78   4.02   3.77   3.28   3.15   4.80   5.28  -0.09  -0.79   
1959 -1.39  -1.49  -1.97  -2.17  -2.35  -2.65  -2.50   1.49  -1.18  -1.12  -1.15   0.01   
1960 0.98  -0.07  -0.26  -0.57  -0.62  -0.64  -0.19  -1.00  -1.60   0.43  -0.52   0.61   
1961 0.80  -0.42  -0.51  -0.79  -0.99  -0.52  -0.96  -0.80  -0.41  -0.92   1.33   1.66   
1962 2.35   1.83   1.82   2.13   2.20   2.15   3.79  -1.30  -0.34  -0.37  -0.40   0.00   
1963 -0.09  -0.13  -0.18  -0.51  -0.97  -1.31  -1.64   0.89   0.85  -0.19  -0.34  -0.87   
1964 -1.18  -1.29  -1.20  -1.10  -1.46  -2.06  -1.91  -2.30  -0.94  -1.59  -1.83  -1.89   
1965 -1.70  -1.61  -1.21  -1.31  -1.69  -1.79  -1.56  -1.65  -0.96  -1.52  -1.84   1.45   
1966 1.55   1.62   1.41   1.44   1.50   2.88   2.54   2.60  -0.04  -0.59  -0.90  -1.26   
1967 -1.72  -1.96  -2.77  -2.96  -2.99   0.60   0.33   0.93   1.26   0.42   0.32   1.33   
1968 1.17   1.40   2.46   2.86   2.80   2.37   3.14   3.38  -0.84  -1.45  -0.78  -0.79   
1969 -1.09  -1.15  -0.97  -1.34  -1.24  -1.65  -0.85  -1.07  -1.17  -0.82  -1.04  -0.78   
1970 -1.23  -1.05  -0.64  -0.64  -1.15  -1.47  -1.12  -1.65  -1.98  -1.64  -1.98  -2.25   
1971 -2.57  -2.79  -3.36  -3.22  -3.46  -3.72  -3.61  -3.52  -3.49  -2.11  -1.82  -1.29   
1972 -1.55  -1.91  -2.70  -2.98  -3.00   0.48   0.52   1.82   2.06   4.01   3.95   3.61   
1973 3.77   4.67   5.05   5.17   6.44   6.88   7.26  -0.53  -1.47  -2.06  -2.26  -2.66   
1974 -2.55  -2.66  -3.29  -3.43  -3.59  -3.96   1.03   1.53   2.06   3.34   2.98   2.62   
1975 2.63   2.31   2.70   2.81   2.31   1.49   1.90   1.05   2.90  -0.07  -0.09  -0.20   
1976 -0.43  -0.41  -0.70  -0.84  -0.68  -0.94  -0.52  -1.46   0.56   1.14   1.20  -0.49   
1977 -0.09  -0.51  -0.22  -0.08  -0.52  -0.75   0.57   0.62  -0.54  -0.46  -0.80  -1.13   
1978 0.46   0.68   0.85  -0.30  -0.09  -0.01  -1.10  -1.11   0.12   0.75   2.05   2.69   
1979 3.33   3.15   2.91   3.15   4.31   5.26   5.17   5.38   4.72   3.42   2.80   2.62   
1980 2.54   3.07   2.98   2.99   3.23  -0.41  -1.63  -1.52  -0.88  -1.18  -1.33  -1.82   
1981 -1.51  -1.64   0.15  -0.15   0.06   0.43   1.00   0.92  -0.09  -0.33  -0.05  -0.80   
1982 -0.65  -0.59  -0.69  -1.13  -0.85  -1.36  -1.87  -2.06  -1.69  -2.10   0.43   1.80   
1983 1.94   2.18   2.73   3.60   4.16   4.24   3.84   3.02   3.18   4.03   4.52   3.93   
1984 3.54   2.79   2.30   1.89   1.78   3.03   2.43   4.31   3.10   4.37   4.57   5.77   
1985 6.13   5.65   5.63   6.63   7.42   7.56   7.24   6.93   7.02   8.58   8.07   6.88   
1986 5.55   4.97   4.46   3.61   3.46   4.39   4.86   4.92   4.26   4.34   5.72   6.65   
1987 5.95   5.47   5.19   5.34   6.03   7.13   6.80   7.11   6.17   5.03   4.56   4.87   
1988 4.45   4.48   4.10   4.39   4.14   4.00   4.60   6.20   5.70  -0.19  -0.42  -0.49   
1989 -0.52  -0.64  -1.01  -1.63  -1.74  -2.37  -1.97  -1.39  -1.75  -1.78  -2.11  -2.06   
1990 -2.00  -1.81  -1.61  -1.73  -1.70  -2.42   1.06   1.72   2.72   2.34   2.82   2.97   
1991 2.77   3.01   3.39   3.51   3.38   3.21   4.02   4.63   4.74   3.78   3.52   6.25   
1992 6.54   6.07   6.25   7.34  11.35  12.34  11.83  10.65   9.04   7.99   6.91   7.36   
1993 8.55   8.17   7.39   7.14   7.47   7.19   6.16   6.79  -0.81  -0.87  -0.63  -0.77   
1994 -1.05  -1.10  -1.33  -1.54  -1.37  -1.84  -2.22  -2.87  -3.15  -2.94   1.52   2.72   
1995 2.99   2.76   2.55   2.55   2.89   3.20  -0.24  -0.79  -0.29  -1.12  -1.47  -1.77   
1996 -2.11  -2.57  -3.07  -3.00  -3.49   0.76   1.01   0.95   1.44   1.35   0.95   0.15   
1997 0.37   0.61   0.54   0.31   1.03  -0.14  -0.08  -0.46   0.09   0.01   0.16   1.06   
1998 -0.46   0.38   0.98   1.28  -0.25  -0.57   1.19  -0.75  -1.55   1.26   1.24  -0.32   
1999 -0.94  -1.67  -2.09  -2.21  -2.37   0.28   1.95   2.92  -0.05  -0.63  -1.26  -1.46   
2000 -2.12  -2.73  -2.72  -3.15  -3.69   2.91  -0.80  -0.72  -1.99   1.23   2.32  -0.37   
2001 -0.08  -0.22  -0.29  -0.39   0.27   0.33  -0.44  -0.25  -0.62  -1.40  -1.56  -1.82   
2002 -2.03  -1.71  -2.07  -2.65  -2.99  -3.57  -3.24  -3.44  -3.37  -2.75  -2.82  -1.84   
2003 -2.36  -1.44  -1.24  -1.42  -1.75  -1.73  -2.80  -3.49  -4.29  -4.46  -3.77  -3.95   
2004 -3.74  -0.01  -0.02   1.27  -0.40  -0.40  -0.94   0.26   0.42   0.49   1.56   1.45   
2005 2.09   3.60   3.48   4.03   5.30   5.02  -1.06  -0.85  -1.30  -0.82  -1.34  -1.89   
2006 -2.30  -2.66  -3.16  -3.46  -3.74  -3.72   0.73   3.64   5.03   6.19   5.33   4.41   
2007 4.74   4.08   3.61   3.53   4.05  -0.18   0.18  -0.27  -0.32  -1.11  -1.21  -0.89   
2008 -1.08  -1.32  -1.71  -2.08  -2.20  -2.66   3.34   3.44   3.61  -0.42  -0.52  -0.85   
2009 -1.44  -2.00  -2.54  -2.79  -2.52  -1.88  -2.16  -2.76   0.19  -0.25   0.13   0.30   
2010 1.59   2.03   2.02   2.50   2.58   2.72   3.94  -0.10  -0.50  -0.97  -1.34  -1.81   
2011 -2.21  -2.41  -3.30  -3.68  -3.92  -4.35  -4.71  -5.16  -5.27  -5.34  -4.79  -3.54   
2012 -3.32  -3.24  -2.99  -3.15  -2.62  -3.08  -3.49  -4.20  -3.91  -4.29  -4.45  -3.42   
2013 -3.10  -2.65 -99.99 -99.99 -99.99 -99.99 -99.99 -99.99 -99.99 -99.99 -99.99 -99.99   
