1895 0.16  -0.39  -1.20  -1.58  -2.11  -2.74  -2.66  -2.73  -3.25  -3.53  -3.97  -3.65   
1896 -3.64  -1.66  -1.03  -2.18  -2.86  -2.91  -1.84  -2.40  -1.82  -1.54  -1.57  -2.23   
1897 -2.68  -2.77  -2.42  -2.47  -2.17  -2.73  -3.44  -3.99  -4.33  -5.24  -5.07  -5.01   
1898 -4.14  -4.00  -4.13  -4.03  -3.59  -3.91  -3.75  -2.52  -2.80  -1.95  -1.76  -1.81   
1899 -1.94  -2.11  -1.55  -2.67  -2.69  -3.21  -3.68  -4.16  -3.67  -4.05  -4.60  -4.39   
1900 -4.12  -3.73  -3.01  -3.79  -4.28  -4.59  -4.43  -4.93  -5.46  -5.66  -5.19  -5.22   
1901 -5.07  -4.95  -4.49  -3.31  -2.59  -2.59  -2.70  -1.97  -1.86  -2.14  -2.14  -1.37   
1902 -1.51  -1.27  -1.25  -1.50  -2.07   0.44   1.25  -0.70  -0.70  -0.43  -1.46  -1.00   
1903 -0.97  -0.79  -0.64  -0.68  -1.80   1.16   1.07   2.12   1.14   1.91   1.69   1.07   
1904 1.44   1.43   1.53   1.45  -0.33  -0.44  -0.08  -0.28  -0.41  -0.31  -1.20  -1.41   
1905 -0.98  -1.49  -1.61  -1.75  -2.19   0.51   0.51   0.88   0.55   1.00  -0.22  -0.30   
1906 -0.80  -1.46  -1.09  -1.53  -1.75  -1.70  -1.41  -1.06  -1.43   0.71   0.16   0.25   
1907 0.56  -0.45  -0.89  -0.87  -0.95  -1.21  -1.43  -2.19   0.31   0.80   0.70   0.83   
1908 0.53   0.77   0.80   0.71   0.97  -0.73  -0.71  -1.82  -2.76  -3.39  -4.65  -5.50   
1909 -5.33  -4.10  -3.75  -3.11  -3.21  -3.43  -3.44  -3.95  -4.12  -4.15  -5.09  -5.15   
1910 -3.82  -2.13  -3.37  -2.82  -2.47  -2.65  -2.91  -3.47  -3.25  -3.64  -3.87  -4.01   
1911 -3.62  -3.25  -3.26  -3.13  -3.78  -3.40  -3.82  -2.93  -2.61  -2.04  -1.95  -1.99   
1912 -2.21  -2.02  -1.85  -1.05  -1.48  -2.57  -2.51  -2.15  -2.11  -2.31  -2.87  -3.10   
1913 -1.82  -1.90  -0.79  -0.80  -1.08  -1.65  -2.19  -2.77  -2.98   0.29   0.64  -0.59   
1914 -0.54   0.12   0.15   0.97  -0.14  -0.34  -0.81  -0.48  -1.26  -1.68  -2.42  -2.09   
1915 -0.98  -0.82  -1.86  -3.07  -3.02  -0.01   0.51   1.55   1.16   1.26   0.76   0.94   
1916 0.64   1.12   1.29   1.26   1.06   1.52  -0.12  -1.02  -1.10  -1.43  -2.14  -2.33   
1917 -2.10  -1.91  -1.85  -2.25   0.31   1.22   1.04   1.27   0.72   2.10  -0.68  -1.16   
1918 -1.07  -0.93  -1.22  -0.94  -1.12  -1.23  -1.12  -1.47  -0.76  -0.56  -1.12  -1.14   
1919 -1.42  -1.78  -1.72   0.21   0.67  -0.69   0.96   1.03  -0.56   0.17   0.55  -0.56   
1920 -0.70  -0.51  -0.89  -0.94  -1.76  -1.84  -1.54  -1.60  -1.41  -2.01  -2.14  -2.17   
1921 -2.31  -1.97  -2.22  -2.67  -2.96  -3.49  -3.13  -3.15  -3.47  -3.50  -2.61  -2.91   
1922 -2.88  -2.93  -2.52  -2.52  -2.85  -1.61  -1.45  -1.36  -2.08  -2.10  -3.02  -3.30   
1923 -2.47  -2.47  -2.70  -3.33  -3.24  -3.25  -3.35  -3.77  -3.70  -3.65  -3.85  -3.38   
1924 -2.90  -2.59  -3.17   0.29   0.87  -0.33  -0.44  -0.72   1.20  -0.74  -1.55  -1.94   
1925 -1.38  -1.39  -1.41  -1.79  -1.86  -2.18  -1.92  -2.46  -2.12  -1.32  -1.08  -1.11   
1926 -1.16  -0.66  -1.13  -1.04  -1.80  -1.77  -1.88   0.61   0.83   1.54   1.93  -0.38   
1927 -0.51   0.51  -0.50  -0.69  -0.36  -0.86  -0.66  -0.85  -1.44   0.63   1.05   1.22   
1928 -0.37  -0.31  -0.31   0.35  -0.88   1.14   1.50  -0.14  -0.71  -0.88  -1.12  -1.86   
1929 -1.54  -1.47  -1.77   1.45   1.57  -0.66  -0.66  -1.17  -1.44   0.48   0.57   0.55   
1930 -0.05  -0.40  -0.33  -0.74  -1.22  -1.29  -1.68  -2.65  -3.02  -3.79  -5.09  -6.06   
1931 -6.35  -6.32  -5.74  -5.15  -4.04  -4.22  -3.36  -2.89  -2.74  -3.27  -3.84  -3.24   
1932 -2.30  -2.13  -1.59  -2.05  -1.64  -2.07  -2.01  -2.32  -2.93  -2.49  -2.07  -2.43   
1933 -2.85  -3.08   0.30  -0.31   0.63   0.27   0.08   1.54  -0.17  -0.39  -0.41  -0.58   
1934 -0.73  -1.31  -1.22  -1.52  -2.70  -3.13  -3.89  -3.46  -3.16  -3.39  -3.80  -4.14   
1935 -3.76  -3.56  -3.47  -3.20  -2.96   0.14   1.76   1.53   1.59  -0.16  -0.58  -0.61   
1936 -0.64  -0.77   1.74   1.73  -0.72  -1.41  -2.62  -2.62  -3.23  -3.02  -2.71  -2.83   
1937 1.20   0.88   0.19   1.05   1.18   1.86   1.11   1.84  -0.65   0.68  -0.13  -0.49   
1938 -0.75  -0.14  -0.65  -0.76  -0.94  -0.76  -0.65  -0.88   1.01  -0.61  -0.59  -0.97   
1939 -0.71  -0.23  -0.06  -0.24  -1.25  -1.75  -2.12  -3.41  -2.90  -2.27  -2.69  -2.23   
1940 -2.42   1.02   1.23   2.01   1.61   1.96  -0.38   0.25   0.36  -0.23  -0.29  -0.01   
1941 -0.10  -0.79  -0.95  -1.81  -2.14  -2.07  -1.74  -1.96  -2.65  -2.37  -3.10  -3.06   
1942 -3.26   0.32   1.51   0.54   0.80   0.28   2.20   1.82   2.31   2.26   2.70   3.54   
1943 2.90   2.54   2.18   3.13   4.11  -0.37  -0.64  -0.37  -1.26  -0.72  -0.45  -1.29   
1944 -1.87   0.05  -0.10   0.48   0.44   0.93  -0.43  -1.15  -0.80  -0.85  -1.05   0.79   
1945 0.77   0.85   1.04   0.77   1.46   2.05   2.54   2.34   3.24   4.04   4.70  -0.39   
1946 -1.03  -1.17  -2.23  -2.86   1.57   2.21   2.03   2.57   2.47   2.47   1.72   1.31   
1947 1.96   1.33   1.08   2.31   3.35   3.00   3.49   3.35  -0.26  -1.39  -1.42  -1.81   
1948 -1.67  -1.84   0.90   1.20   1.49   1.42   1.60  -0.05  -0.95  -1.01  -1.06  -1.11   
1949 -0.69  -0.98  -1.29  -1.24  -1.41  -2.36  -2.49  -2.30  -2.27  -3.23  -3.79  -4.01   
1950 0.95   1.78   2.03   1.48   1.17   0.48   0.93   0.81   0.97   0.94   2.57   2.51   
1951 2.35   2.56   2.95  -0.14  -1.04  -0.61  -0.64  -1.63  -1.57  -2.46   0.21   0.79   
1952 1.25   1.60   1.30   1.01   1.56  -0.92  -1.82  -1.93  -2.16  -2.48  -2.68  -2.40   
1953 -1.87  -2.01  -1.32  -1.47  -0.68  -1.32  -1.20  -1.69  -1.53  -2.34  -2.79  -2.90   
1954 -2.56  -2.43  -1.71  -1.10  -1.20  -1.17  -1.81  -1.96  -2.20  -2.22  -2.72  -2.29   
1955 -2.46  -2.11  -1.21  -2.00  -2.63  -3.48  -4.01  -3.00  -3.43   1.99   2.18   1.41   
1956 0.83   1.28   2.43   2.47   2.18   1.31   1.74   3.00   3.16  -0.47  -0.58  -0.15   
1957 -0.13  -0.63  -0.88   0.99   0.99  -0.20  -0.36  -1.32  -1.51  -2.34  -3.00  -3.06   
1958 0.59   0.72   0.36   0.57   0.30   1.13   1.42   1.07   1.94   1.68   1.93   1.20   
1959 2.11   1.96   0.01  -0.13  -1.07  -1.55  -1.81  -1.57  -2.45   1.44   2.11   2.22   
1960 2.21   2.79  -0.73  -1.33  -0.46  -0.08  -0.44  -0.98  -1.67  -2.31  -3.44  -4.47   
1961 -4.64   1.14   0.68   2.72   2.52   2.73   2.47   2.30  -0.65  -0.87  -1.23  -1.50   
1962 -1.10  -0.83  -1.32  -0.60  -1.54  -1.69  -1.72  -2.23  -1.37  -1.04  -1.15  -0.81   
1963 -1.08  -1.57  -1.60  -1.60  -1.64  -2.40  -1.97  -1.90  -2.18  -3.47  -2.65  -2.38   
1964 -2.10  -2.18  -1.17  -0.88  -1.65  -2.05  -2.34  -1.61  -2.56  -3.21  -4.19  -4.38   
1965 -3.26  -3.25  -3.14  -2.77  -3.20  -3.18  -3.22  -3.24  -3.27  -3.03  -2.56  -2.72   
1966 -1.79  -1.72  -1.44  -1.32  -1.36  -1.18  -1.71  -2.17  -1.62  -1.95  -1.22  -1.22   
1967 -1.71  -1.74  -1.71   0.22   0.70   0.29   1.03   2.18   3.02   3.34   3.90  -0.30   
1968 -0.35  -1.07  -1.29  -1.99   1.12   1.34  -0.73  -0.95  -1.24  -1.28   0.68   1.31   
1969 -0.16  -0.75  -1.47   0.62   0.15   0.53   1.10  -0.57  -1.38  -1.36   0.57   1.66   
1970 -0.47  -0.24  -0.91  -1.25  -1.20  -1.80   0.69   0.83   1.01   1.54   2.05   2.29   
1971 1.89   2.48  -0.13  -0.55  -0.96  -1.46  -1.58  -1.98  -1.96  -2.63  -2.78   0.46   
1972 0.38   1.05   0.96   0.83   1.12   4.36   3.64   3.07   2.87   2.81   3.67   3.96   
1973 -0.30  -0.37  -0.61  -0.46  -0.28  -0.57  -0.94  -1.44   0.20   0.28   0.00   0.51   
1974 0.37   0.21   1.06   0.89   1.03   1.28   0.64   0.74   1.04   0.56   0.92   1.02   
1975 0.91   1.27  -0.02  -0.49   0.05   0.65   0.83   1.78   2.95   2.74   1.85   2.44   
1976 3.00   3.24   3.27   2.73   2.65   2.67   2.90   2.67   2.84   4.25  -0.33  -0.84   
1977 -1.22  -1.53  -1.47  -1.53  -2.08   0.19   1.40   3.21   5.17   4.98   4.86   5.47   
1978 6.38  -0.62  -1.08  -1.25  -1.07  -1.32  -1.49  -1.34  -1.63  -1.17  -1.70   0.75   
1979 2.03  -0.08  -0.58  -0.54  -0.61  -1.04   0.28   0.44   1.32   1.88   1.84  -0.04   
1980 -0.68  -1.35   1.16   1.10  -0.98  -0.86  -1.48  -1.40  -1.52   0.79   0.86  -0.36   
1981 -0.98  -0.27  -0.93  -0.80  -1.02   0.36   1.03   1.02   1.29   2.77   2.63   2.19   
1982 2.30  -0.14  -0.60  -1.20  -1.34   0.95  -0.13  -0.56  -0.62  -1.30   0.72  -0.09   
1983 -0.50  -1.15  -0.01   0.66   0.89   0.95  -0.76  -0.35  -0.90  -1.23   0.31   1.03   
1984 -0.43   0.68   0.55   1.06   2.73   3.44   3.33   4.10   3.89  -0.19  -0.22   0.26   
1985 -0.36  -0.69   0.67  -0.99  -1.59  -1.14  -1.07  -1.26  -1.82   0.14   1.85  -0.10   
1986 -0.29   0.37  -0.63  -0.58  -1.30   1.10   2.02   2.00   1.90   2.19   2.02  -0.14   
1987 -0.05  -0.92  -1.26  -0.94  -1.77   0.32   0.88   1.30   2.29   2.27  -0.16  -0.23   
1988 -0.88  -0.60  -1.04  -0.68  -0.73  -1.54  -1.00  -1.07  -1.45  -1.11  -1.04  -1.36   
1989 -1.55  -1.54   0.35  -0.42   1.31   2.69  -0.53  -1.07  -0.43  -0.46  -0.28  -0.79   
1990 0.40   1.29   0.44   0.09   1.07  -0.59   0.46   0.49   1.12   2.83   2.34   3.39   
1991 -0.11  -0.51  -0.10  -0.26  -1.45  -2.94  -2.97  -3.07  -3.30  -3.70  -4.04  -3.43   
1992 -3.17  -3.12   0.38   0.76  -0.28  -0.83   2.28   2.99   3.62   3.75   4.05   4.32   
1993 4.06   3.49   3.53   4.04  -1.04  -1.09  -1.59  -2.11   0.96   0.82   1.86   1.45   
1994 1.77   1.55   2.09   2.40   2.07   3.48   2.61   4.27   3.64   2.76   3.41   2.83   
1995 2.97  -0.19  -1.07  -1.08  -1.34  -2.10  -2.42  -2.83  -2.99   1.09   1.91   1.55   
1996 2.48   2.02   1.63   2.41   2.87   2.85   2.71   2.47   3.64   4.07   4.75   4.24   
1997 3.54   3.20   3.43   2.48   2.41   2.89   2.72   2.37   2.73   2.25   2.79   2.72   
1998 3.54   2.98   2.98   2.95   2.25   2.57   2.84  -0.46  -0.87  -1.09  -1.98  -2.43   
1999 -0.93  -1.54  -0.97  -0.81  -1.49  -2.24  -2.77  -2.67  -1.98  -2.13  -1.98  -2.14   
2000 -1.72  -1.57  -2.17   0.76   1.01   1.87   1.80   1.77   1.88   1.82  -0.32  -0.84   
2001 -1.42  -1.77  -0.90  -1.71  -2.05  -1.94  -2.62  -3.24  -2.61  -2.41  -2.82  -2.53   
2002 -2.41  -0.01   0.24   0.32   1.49   2.23  -0.39  -1.17   0.24   0.36   0.44   0.83   
2003 0.91  -0.08  -0.39  -0.73  -0.84   0.21   2.06   2.47   3.16   3.36   3.28   3.32   
2004 3.16   2.29   1.81   2.09   2.91   2.38   3.65   4.33   5.18   4.60   3.96   3.92   
2005 4.63   4.00   3.40   3.31   2.36   1.61   0.76   1.37   1.23   1.93   2.50   2.02   
2006 2.33  -0.20  -0.43  -0.73  -1.04   0.63   1.65   2.57   3.29   4.82   4.12   3.48   
2007 4.28   3.77   3.42   3.31   1.93   1.25   1.09   0.91   0.93   0.59   0.82   1.64   
2008 0.96   2.03   2.62   1.70   1.35   1.18   1.69   2.47   2.13   2.63   2.26   2.51   
2009 2.77   1.90   1.89   0.95   0.92   1.33   1.74   3.28   2.65   2.92  -0.65   0.20   
2010 0.61  -0.26  -0.53  -1.38  -1.55   0.29   0.58  -0.16  -0.63   1.40   1.18   1.51   
2011 1.07   1.91   2.44   3.99   4.61   3.60   1.91   2.37   2.75   3.25   2.88   2.71   
2012 3.24  -0.61  -1.40  -1.58  -2.11  -2.23  -2.31  -2.25   0.19  -0.69  -1.42   2.18   
2013 2.10   1.97 -99.99 -99.99 -99.99 -99.99 -99.99 -99.99 -99.99 -99.99 -99.99 -99.99   
