1895 0.05  -0.40  -1.11  -1.13  -1.75  -2.32  -2.61  -2.72  -3.38  -3.54  -3.37  -2.77   
1896 -3.05   1.91   2.35  -1.25  -1.89  -2.03  -1.40  -2.05  -1.45  -1.34  -1.31  -2.17   
1897 -2.29  -2.28  -2.10  -2.15  -2.06   0.14   1.54  -0.13  -0.73  -1.63   0.40   0.89   
1898 1.37   1.54  -0.84  -0.75  -0.38  -0.81  -1.44   0.90   0.23   1.11   1.54   1.14   
1899 0.78   0.90   1.35  -1.03  -1.39  -1.97  -2.11  -2.97  -2.44  -2.80  -3.35  -3.06   
1900 -2.61  -1.42  -0.78  -1.62  -2.08  -2.53  -2.31  -3.02  -3.69  -3.79  -3.31  -3.30   
1901 -3.41  -3.74   0.17   1.26   1.76   1.22   0.99   1.65  -0.11  -0.56  -0.76   1.09   
1902 0.64   1.14  -0.14  -0.31  -0.96   0.71   2.35   1.70   1.57   2.11   0.91   1.51   
1903 1.37   1.66   1.60  -0.33  -1.75   1.53   1.68   3.04   1.94   3.17  -0.41  -0.49   
1904 0.28   0.15   0.18   0.46  -0.52  -0.69   0.41   0.53   0.76   0.91  -0.72  -1.06   
1905 -0.68  -1.21  -1.41  -1.67  -2.39   0.71   1.21   1.54   1.59   0.00  -0.37  -0.31   
1906 -0.82  -1.12  -0.79  -1.04  -0.94  -0.73  -0.89  -1.12  -1.69  -1.16  -1.52  -1.36   
1907 -1.33  -1.72  -2.30  -2.04  -1.77  -1.69  -2.07  -3.01   0.88   1.65   1.87   2.23   
1908 1.81   2.35  -0.19  -0.45  -0.06  -0.67  -0.80  -1.30  -2.43  -2.88  -4.17  -4.77   
1909 -4.34  -2.81  -2.54  -1.94  -2.14  -2.37  -2.68  -3.10  -3.22  -3.74  -4.62  -4.84   
1910 -3.58  -2.13  -3.23  -2.92  -2.69  -2.71  -3.21  -3.59  -3.48  -3.90  -4.03  -4.12   
1911 -3.94  -3.50  -3.38  -3.52  -4.24  -3.77  -4.31  -3.46  -3.24  -2.61  -2.28  -2.33   
1912 -2.48  -2.34  -1.58  -1.14  -1.16  -2.16  -2.62  -2.39  -2.24  -2.26  -2.47  -2.32   
1913 -1.51  -1.69  -0.75  -0.63  -0.99  -1.73  -2.55  -3.12  -3.41  -2.28  -2.06  -2.23   
1914 -2.13  -2.07  -1.65  -0.82  -1.00  -1.14  -1.34  -1.19  -2.16  -3.01  -3.72  -3.59   
1915 -2.30  -1.23  -2.31  -3.17  -3.21  -3.04   0.77   1.97  -0.48  -0.47  -0.90  -0.28   
1916 -0.82   0.66   0.71   0.66   0.70   1.28  -0.60  -1.61  -1.66  -2.34  -3.03  -3.15   
1917 -2.88  -2.89  -2.61  -2.92   0.40   1.31   1.11   1.10   0.36   1.93  -0.86  -1.06   
1918 -1.05  -0.90  -1.24  -1.18  -1.49  -1.29  -1.50  -2.05  -1.09  -1.10  -1.58  -1.62   
1919 -1.79  -1.93  -1.66  -1.46  -0.86  -1.43  -0.90  -0.66  -0.90  -0.93  -0.84  -1.37   
1920 -1.55  -1.01  -1.25  -1.05  -1.64   0.02   0.67   0.54   0.82   0.09   0.46   1.14   
1921 -0.54  -0.39  -1.02  -1.45  -1.92  -2.32  -2.62  -2.98  -3.62  -3.99  -3.19  -3.71   
1922 -3.70  -3.34  -2.82  -2.96  -2.97  -0.86  -1.07  -0.70  -1.53  -1.99  -3.21  -3.65   
1923 -2.47  -2.59  -2.80  -2.93  -3.22  -3.20  -3.43  -4.16  -4.23  -3.85  -3.89  -3.69   
1924 -3.14  -2.69  -3.49  -2.40  -1.70  -1.92  -2.01  -1.98  -0.59  -1.61  -2.15  -2.65   
1925 -2.05  -1.80  -1.78  -2.11  -2.27  -0.02   0.56  -0.60   0.24   0.94   1.09  -0.25   
1926 -0.47   0.62  -0.50  -0.54  -1.30  -1.08  -1.41   0.38   0.24   0.93   1.08  -0.40   
1927 -0.68  -0.19  -0.98  -1.48  -0.92  -1.37   0.38   1.09  -0.56   1.36   2.87   3.24   
1928 2.61   2.52   2.20   2.35   1.27   2.24   2.36   2.41  -0.29  -0.74  -1.23  -2.14   
1929 -1.84  -1.51  -1.75   1.36   1.40  -0.26  -0.64  -1.18  -1.56  -1.31  -1.48  -1.15   
1930 -1.15  -1.50  -1.36  -1.72  -1.98  -1.72  -2.31  -3.08  -3.69  -4.19  -5.01  -5.68   
1931 -5.46  -5.17  -5.23  -4.62  -3.91  -3.60  -2.25  -2.06  -2.13  -2.55  -3.19  -3.66   
1932 0.64   0.50   0.94  -0.62  -0.94  -0.86  -0.25  -0.13  -0.95   1.38   2.35  -0.83   
1933 -1.39  -1.45  -1.06  -0.83  -1.36  -2.26  -2.75   1.85   2.32   0.01  -0.39  -0.39   
1934 -0.49  -1.10  -1.11  -1.06  -1.68  -1.47  -1.62  -1.57   0.60  -0.34  -0.56  -0.65   
1935 -0.01  -0.23  -0.68  -0.71  -0.88   0.11   2.23   1.13   0.91   1.14   1.77   1.04   
1936 1.30   0.70   1.80   1.79  -0.60  -1.40  -2.51   0.53  -0.50  -0.31  -0.48   0.03   
1937 1.06   1.04  -0.25  -0.21  -0.50   0.69   0.43   1.10   0.89   1.50  -0.18  -0.54   
1938 -0.29  -0.38  -1.05  -1.58  -1.68  -1.60   0.54   0.95   2.61  -0.70  -0.85  -0.69   
1939 -0.70  -0.04  -0.04  -0.08  -1.19  -1.73  -2.63  -3.41  -3.53  -3.31  -3.97  -4.00   
1940 -4.31  -3.54  -2.04  -1.39  -1.28  -1.07  -1.55  -1.19  -1.37  -1.68  -1.75  -1.33   
1941 -1.55  -1.74  -1.87  -2.80  -3.24  -3.30  -2.58  -2.48  -3.22  -3.17  -3.83  -3.69   
1942 -3.78  -3.89  -3.17  -3.93   0.45   0.20   0.67   0.76   1.28   1.31   1.31   2.58   
1943 2.20   1.69   1.48   2.07   2.84   2.33   2.30   2.32  -1.14  -0.30  -0.05  -1.04   
1944 -1.65  -1.71  -1.27  -1.02  -1.56  -1.32  -1.96  -2.18  -1.86  -1.72  -1.59  -1.57   
1945 -0.89  -0.69  -1.55  -1.54   0.71   1.28   1.95   1.26   2.00   2.48   3.15  -0.57   
1946 -1.16  -0.84  -1.93  -2.43   1.28   1.49   1.68   1.58   1.67  -0.22  -1.17  -1.34   
1947 -1.07  -1.46   0.18   0.74   1.83   1.93   2.82  -0.73  -1.11  -2.00  -1.84  -2.01   
1948 -1.84  -1.76   0.24   0.55   1.08   1.56   0.01  -0.10  -1.06  -1.38  -1.38   0.69   
1949 1.02  -0.36  -1.17  -1.16  -0.92  -1.89  -1.81  -1.62  -1.38  -2.00  -2.53  -2.51   
1950 0.39   1.17   1.19   0.74   0.26   0.34   0.35   0.96   0.98   0.34   0.76   1.12   
1951 1.07   1.79   2.15  -0.31  -0.93   0.25   0.93   0.54   0.43   0.08   0.80   1.19   
1952 1.26   0.94   0.95   0.85   1.27   0.56   1.21  -0.26  -0.41  -0.92  -1.27   0.46   
1953 0.93   0.73   1.06   1.34   1.59  -0.62  -1.21  -2.22  -2.13  -2.05  -2.70  -2.50   
1954 -2.16  -1.92  -1.77  -1.51  -1.08  -1.23  -1.68  -1.21  -1.32  -1.91   0.58   0.65   
1955 -0.79   0.48   0.89  -0.70  -1.23  -1.56  -2.52   1.92   1.65   3.61   3.10   2.18   
1956 1.75   2.25   3.31   3.73   3.13   2.50   2.81   2.27   2.67  -0.39  -0.70  -0.20   
1957 -0.58  -1.15  -1.78  -1.54  -1.45  -1.78  -1.53  -1.98  -1.75  -1.95  -2.34   0.52   
1958 1.27   1.76   1.51   1.67   1.67   1.64   1.93   1.49   1.70   2.15   0.05  -0.88   
1959 -0.39  -0.55  -0.41  -0.63  -1.59  -1.84  -2.48  -2.32  -3.14   0.80   1.89   2.18   
1960 2.02   2.51   1.66   1.43   1.39   2.13   1.85   1.85   2.95  -0.25  -0.96  -1.72   
1961 -2.00   0.40   0.50   1.48   1.33   1.56   1.58   1.85  -1.11  -1.96  -2.11  -2.28   
1962 -1.87  -1.42  -1.91  -1.03  -2.13  -2.44  -2.82  -2.83  -2.77  -2.18  -2.09  -1.98   
1963 -1.99  -1.99  -1.68  -2.14  -1.93  -2.13  -1.94  -1.45  -1.73  -2.99  -2.54  -2.57   
1964 -1.68  -1.71  -1.04  -0.79  -1.66  -2.40  -2.89  -3.47  -4.31  -5.05  -5.99  -5.70   
1965 -5.03  -4.72  -4.80  -4.41  -5.09  -5.33  -5.40  -4.92  -4.36  -4.12  -4.14  -4.24   
1966 -3.77  -3.32  -2.98  -3.12  -2.81  -2.91  -3.15  -3.62  -2.97  -3.06  -3.03  -2.74   
1967 -3.11  -3.17  -2.70  -2.66   0.43   0.25   0.49   1.02   0.65   0.69   1.11   0.03   
1968 -0.39  -1.39  -1.18  -1.69   1.19   1.87  -0.98  -1.28  -1.44  -1.45   0.72   1.10   
1969 -0.35  -0.86  -1.56  -1.20  -1.31  -1.00  -0.65  -1.09  -1.75  -2.00   0.79   2.13   
1970 -0.71  -0.69  -0.81  -0.85  -0.95  -1.52   0.71   0.49   0.63   0.57   0.46   0.58   
1971 0.14   1.28   1.21  -0.53  -0.53  -1.22   0.49   0.89  -0.44  -1.13   0.06   0.49   
1972 0.05   0.76   1.22   1.42   1.94   4.22   3.42   2.94   2.04   1.96   3.94   4.40   
1973 3.92   3.08   2.18   2.62   3.22   4.12  -0.66  -1.18  -1.36  -1.72  -2.41   1.86   
1974 1.74   1.49   1.91   1.19   1.36   1.51   2.08   1.97   2.61   1.99   2.19   2.41   
1975 2.52   2.75   2.50   2.15   1.93   1.95   2.23   3.06   4.12   4.17   3.77   3.38   
1976 3.85   3.83   3.39   3.27   3.21   3.48   3.67   4.28   4.12   5.61   4.53   3.66   
1977 2.81   2.57   3.74   3.27   2.32   2.12   1.59   1.79   3.85   5.02   5.41   5.89   
1978 7.14   5.80   4.94   3.82   3.36   3.21   2.73   2.74   2.45   2.47   1.61   1.86   
1979 3.75   3.02   2.78   2.76   2.81  -0.89  -1.24  -1.28   0.87   1.19   1.46  -0.73   
1980 -1.48  -2.13   1.66   1.89  -1.19   0.84  -0.29  -0.94  -1.23  -0.98  -0.81  -1.26   
1981 -2.00   1.62  -1.02  -1.11  -1.08  -0.78  -0.61  -1.32   0.77   1.87   1.24   1.06   
1982 0.85   0.98   0.82   0.97   0.58   1.80  -0.51  -1.16  -1.60  -2.47  -2.42  -2.60   
1983 -2.23  -2.32   0.27   2.96   3.06   2.89  -0.95  -0.89  -1.43  -1.67   0.16   1.47   
1984 0.88   1.37   1.37   1.98   3.66  -0.58   0.64  -0.23  -0.58  -1.07  -1.17  -1.01   
1985 -1.60  -1.89  -1.97  -2.75  -2.79   0.26   0.30   0.12   1.09   0.92   1.80   1.28   
1986 1.29   1.62   1.51   0.85   0.62   1.38   1.94   2.18   1.72   1.55   2.50   2.03   
1987 2.32  -1.09  -1.68   1.33  -0.77  -0.81   0.22   0.51   1.35   1.96  -0.27  -0.74   
1988 -1.22  -0.91  -1.30  -1.57  -1.36  -2.30  -1.62  -1.15  -1.56  -1.40  -0.88  -1.56   
1989 -2.04  -2.17  -1.97  -2.32   1.42   2.18   2.00   1.41   1.79   2.25   2.23   1.21   
1990 1.72   2.07   1.52   1.16   2.20   1.79   1.24   1.90   1.29   2.29   2.23   2.98   
1991 -0.19  -0.62  -0.53  -0.48  -1.08  -1.99  -2.33  -2.24  -1.98  -2.13  -1.95  -1.75   
1992 -2.03  -2.20   0.17   0.22   0.26   0.21   1.41   1.59   1.47   1.59   1.95   1.92   
1993 1.66   1.43   2.17   3.55  -1.07  -0.95  -1.77  -2.39   0.29   0.31   1.01   1.00   
1994 1.49   1.06   2.03   1.77   1.34   1.99   1.99   3.18   0.01  -0.72  -0.75  -0.83   
1995 -0.47  -0.55  -1.25  -1.33  -1.76  -2.44  -2.65  -3.63  -3.53   1.38   2.05   1.59   
1996 2.99   2.40   1.92   2.86   3.14   3.39   4.30   3.77   4.27   4.28   4.88   5.88   
1997 5.06   4.43   4.51  -0.15  -0.10  -0.68  -1.21  -1.13  -1.12  -1.67   0.66   0.70   
1998 1.32   1.55   1.54   1.59   1.59   3.11  -0.08  -0.96  -1.49  -1.63  -2.51  -3.23   
1999 -1.56  -1.99  -1.13  -1.67  -2.16  -2.75  -2.87  -3.28   1.71   1.33   1.04   0.39   
2000 0.98   1.31   1.36   2.26   3.12   3.99   3.97   3.96   3.62   3.26   2.53   2.72   
2001 1.81   1.37   2.71  -1.29  -1.81  -1.04  -1.19  -1.98  -1.43  -2.04  -3.04  -3.28   
2002 -3.25   0.04   0.33   0.31   1.05   1.88  -0.96  -1.41   0.56   1.36   1.63   2.12   
2003 2.07   1.91   1.62   1.36   1.54   2.14   2.32   2.97   4.55   5.42   5.05   5.13   
2004 4.44   3.42   2.64   2.58   2.59   2.04   3.58   4.62   5.68   4.99   4.54   4.63   
2005 5.10   4.42   4.53   4.89   3.73   2.96   2.31   1.67   0.93   3.51   3.88   3.34   
2006 3.83   2.96   2.05   1.98   1.95   5.03   4.77   5.48   5.46   6.21   5.89   4.88   
2007 4.82   4.52   4.66   5.57   4.47   3.73   4.04   3.56   3.27   3.88   4.01   4.49   
2008 3.61   5.06   6.40   5.15   4.09   3.91   4.90   4.15   4.00   4.46   3.63   4.48   
2009 4.09   3.03   2.44   1.33   1.64   2.59   3.60   4.40   3.74   4.23   3.09   3.11   
2010 2.96   3.20   3.96   2.70   1.79   1.79   1.36   1.78   1.10   2.98   2.56   2.54   
2011 1.94   2.34   3.17   4.60   4.85   5.31   4.48   6.75   9.30   8.89   7.85   7.30   
2012 6.67   5.12   3.51   2.88   2.93   2.23   1.77   1.76   2.20   2.66   1.73   2.96   
2013 2.39   1.95 -99.99 -99.99 -99.99 -99.99 -99.99 -99.99 -99.99 -99.99 -99.99 -99.99   
