1895 0.34  -0.25  -0.81  -0.86  -1.25  -1.70  -1.96  -1.23  -1.61  -2.01   0.82   1.26   
1896 0.80   2.44   3.98  -1.16  -1.78  -2.13  -1.91  -1.81  -1.30  -1.40  -1.20  -1.89   
1897 0.31  -0.36   0.83   0.83   0.99   1.68   3.34   3.12   2.25   1.13   1.99   2.43   
1898 3.70   4.34   3.32   3.00   2.97   2.44   1.53   2.41   2.36   2.53   2.12   1.66   
1899 1.40   1.34   2.57  -0.93  -1.18  -1.70  -1.47  -2.54  -2.11  -2.37  -2.62   0.39   
1900 1.05   2.57   3.34  -0.91  -1.34  -1.73  -1.61  -1.40  -1.96  -2.43   1.25   0.83   
1901 0.74   0.30   0.70   1.33   1.73   1.51   1.49   1.82   1.57   0.88   0.56   1.39   
1902 1.04   1.25   1.77   1.70   1.81   2.31   3.62   3.61   3.73   3.37   2.04   2.30   
1903 2.44   2.75   3.74   2.81   1.19   2.38   2.47   4.10   3.07   3.68   2.74   2.35   
1904 2.60   2.54   2.50   2.64   2.13   1.70   1.81   2.15   2.91   2.90  -1.22  -1.36   
1905 -0.93  -1.22  -1.32  -1.39  -1.64   0.86   1.63   2.13   2.55   0.05  -0.40  -0.32   
1906 -0.59  -0.56  -0.27  -0.69   0.36   0.65  -0.05  -0.35  -0.90  -0.86  -1.02  -0.90   
1907 -0.61  -1.26  -1.70   0.72   0.96   0.91  -0.05  -0.98   0.89   1.26   1.08   1.51   
1908 1.34   2.58   2.11   2.20   2.33  -0.29  -0.59  -0.82  -2.08  -2.92  -3.79  -3.73   
1909 0.83   2.14   2.03   2.24   2.63  -0.25  -0.51  -0.40  -0.47  -0.86  -1.51  -1.79   
1910 0.83   1.86  -0.67  -0.70   0.69  -0.38  -0.91  -0.73  -0.42  -0.55  -0.61  -0.80   
1911 -0.81   0.45   0.75  -0.83  -1.58  -1.44  -1.75  -1.71  -1.51  -1.44  -1.68  -1.58   
1912 -0.04   0.01   0.41   0.76   1.40  -0.56  -1.02   0.46   1.07   1.10   1.18   0.84   
1913 2.05   1.66   3.82  -0.34  -0.32  -0.95  -1.43  -2.07  -2.59  -2.69  -2.33  -2.34   
1914 -2.06  -2.22   0.77   2.25   1.64   1.48   1.16   2.18  -0.36  -1.17  -1.39  -1.47   
1915 0.76   1.87  -0.98  -1.96  -1.99  -1.92   1.99   3.10   2.86   2.47   1.83   2.30   
1916 2.13   2.45   2.56   2.35   2.71   3.11  -0.42  -1.03  -0.72  -1.02  -0.92  -1.02   
1917 -0.64  -0.97  -0.69  -0.82   0.68   1.51  -0.41  -0.32  -0.90   1.13  -0.99  -1.17   
1918 0.09   0.50   0.47   0.08   0.05   0.38  -0.30  -0.45   1.03   1.47  -0.22  -0.36   
1919 -0.76  -0.73   0.87   1.13   1.64  -0.45  -0.87  -0.84  -0.99  -0.74  -0.95  -1.39   
1920 -1.40   0.27   0.52   1.60  -0.76  -1.07   0.47   0.34   0.75   0.19   0.60   1.41   
1921 -0.63  -0.58   0.77  -0.28  -1.08  -1.37  -1.23  -1.25  -1.94  -2.09   0.75   0.07   
1922 0.05   0.90   1.61   1.98   1.56   3.29   2.48   3.30  -0.42  -0.78  -1.33  -1.39   
1923 -0.13  -0.44  -0.34  -0.06  -0.16  -0.21  -0.46  -0.97  -0.85  -1.08  -0.02   0.20   
1924 0.78   1.04  -1.12   1.26   1.73   1.25   1.08   1.15   2.48  -0.89  -1.03  -1.40   
1925 0.61   0.89   1.68   1.27   1.12   1.38   1.83   1.58   2.40   2.69   2.80   1.89   
1926 1.75   2.33   2.09   2.56   1.73   2.05   1.71   2.15   2.57   3.08   3.18   2.45   
1927 2.03   2.09   1.62   0.72   1.41   0.79   1.27   1.94   1.46   2.14   4.88   5.27   
1928 5.02   4.68   4.65   4.69   4.15   4.61   4.31   4.57   4.18   3.66   3.32   2.11   
1929 2.52   2.26   2.72   4.48   4.55   4.26   3.44   3.10   2.54   2.31   1.88   2.14   
1930 2.66   2.02   2.83  -0.41   0.23   0.49  -0.14  -0.40  -0.84  -1.61  -2.10  -2.52   
1931 -2.27  -2.69  -3.33  -3.19  -2.55  -2.76   0.74  -0.58  -0.18  -0.09  -0.65  -0.64   
1932 1.00   0.75   1.27   1.27  -0.76  -0.71   1.47   1.96   1.09   2.73   2.64  -0.37   
1933 -0.90  -0.63  -0.38  -0.28  -0.22  -1.09  -2.13  -2.09  -2.71  -3.06  -3.01  -3.16   
1934 -2.69  -3.25  -2.89  -2.26  -2.88  -2.72  -2.99  -3.87  -4.00  -3.80  -3.99  -3.65   
1935 -2.62  -2.75  -3.10   0.06   0.10   0.95   1.62  -0.61  -0.38  -0.41  -1.02  -1.83   
1936 0.22   0.08   0.69   1.36   0.00  -0.58  -1.04   0.06   0.00   0.81   0.48   0.35   
1937 1.28   1.05   1.10   0.70   0.88   1.05  -0.33  -0.28  -0.89   0.76   0.74   0.17   
1938 0.06   0.72   0.85  -0.42  -0.63  -0.95   0.97   1.42   3.19  -0.75  -1.21  -1.06   
1939 -1.04  -0.42  -0.42  -0.39  -0.93  -0.64  -0.98  -1.94  -2.39  -2.44  -2.89  -2.38   
1940 -2.56  -2.63   0.82   0.70   0.15   0.83   1.25  -0.94  -1.04  -1.24   0.35   0.94   
1941 -0.58  -0.90  -1.12  -2.48  -2.96  -3.40  -2.60  -2.18  -1.99  -1.10  -1.57  -1.67   
1942 -1.99  -1.93  -1.54  -1.61  -1.59  -1.70  -1.76  -2.09   0.88   0.84   0.71   1.94   
1943 1.38   1.69   1.72   2.20   2.88   2.40   2.18   2.31  -0.44   0.43   0.53  -0.83   
1944 -1.32   0.11  -0.16   0.85  -0.77  -0.49  -0.48  -1.61  -1.12  -1.32  -1.87   0.04   
1945 0.26   0.29  -0.40   0.41   1.62   1.06   1.78   0.77   2.15   3.30   3.28  -0.75   
1946 -0.97  -0.63  -1.53  -1.70   0.23   0.16   0.08   0.27   0.04   0.67   0.75   1.38   
1947 2.68   2.08   2.95   2.78   3.96   5.00   6.37  -1.25  -1.98  -3.43  -3.36  -3.55   
1948 -3.39  -3.22  -2.60  -2.49  -1.50  -1.15  -0.93  -0.82  -2.10  -2.53   0.36   1.02   
1949 1.07   1.11  -0.31  -0.24  -0.70  -1.78  -2.47  -1.89  -1.64  -2.21  -2.13   0.26   
1950 0.93   1.00   1.23  -0.37  -1.11  -1.25  -1.65  -1.07  -1.02  -1.54   0.67   0.57   
1951 0.51   1.37   1.62   2.09   1.26   1.31   1.89  -0.03   0.05  -0.66  -0.95  -0.37   
1952 -0.34  -0.44  -0.21  -0.90  -0.33  -0.45  -0.55  -0.83  -1.45  -1.43  -1.82   0.74   
1953 0.72   0.75   1.06   1.08   1.44  -1.26  -1.57  -1.31  -1.50  -2.16  -3.11   0.09   
1954 0.33   1.54   2.03   3.02   2.93   3.34   2.63   2.73   2.95   2.37   2.47   2.75   
1955 1.65   1.48   2.70  -0.84  -1.29  -1.65  -2.27  -2.06  -2.57  -1.73  -1.87  -2.61   
1956 -3.07  -2.65  -2.13  -1.69  -0.65  -1.29  -1.26  -1.43  -1.03  -1.64  -1.54  -1.64   
1957 -1.51  -1.97  -2.49  -2.68  -2.23  -1.56  -1.17  -2.16  -2.33  -2.94  -2.67  -1.71   
1958 -1.43  -1.05  -1.91  -2.17  -2.03   0.70   1.34   1.29   1.98   2.23   1.70   0.77   
1959 1.75   2.08   2.11  -0.51  -0.99  -1.23  -1.65  -1.25  -1.95   1.03   2.06   2.08   
1960 1.92   2.78  -0.77  -0.49  -0.75  -0.38  -0.55  -1.41  -1.93  -2.09  -2.64  -3.29   
1961 -3.64  -3.14  -3.30  -2.23  -2.11  -1.30  -0.95  -0.60  -1.60  -1.90  -1.91  -1.95   
1962 -1.40  -1.15  -1.75  -1.18  -1.80  -2.31   0.76   0.89   1.11   1.28  -0.80  -1.02   
1963 -1.29  -1.59  -1.22  -1.05  -0.88  -1.05  -1.61  -0.60  -1.22  -2.62  -2.39  -2.89   
1964 -2.14  -2.74  -1.87  -1.95  -1.60  -2.24  -2.50  -1.82  -2.74  -3.53  -3.87  -3.80   
1965 -3.86  -3.38  -3.79  -3.33  -4.09  -4.04  -4.18  -2.96  -2.66  -1.95  -1.28  -1.87   
1966 -1.54  -1.46  -1.32  -2.32  -2.20  -2.50  -2.99  -2.43  -2.37  -2.73  -3.19  -2.80   
1967 -2.97  -2.81  -3.62   0.69   1.14   0.42   0.11   0.83   0.45   0.49   1.37  -0.24   
1968 -0.91  -1.27  -1.24  -1.40   0.55   0.64  -0.35  -0.99  -1.31  -1.30   1.40   1.85   
1969 -0.20  -0.84  -1.31   0.62   1.60   1.88  -0.32  -0.40  -0.89  -1.09   0.11   0.44   
1970 -0.90  -0.95  -1.21  -1.04  -1.33  -1.18  -1.34  -1.50   0.32   0.38   0.09   0.35   
1971 0.10   1.19   1.94   1.72   1.65   0.96   1.46   1.84   0.00  -0.92  -1.01  -0.98   
1972 -1.17   0.72   1.20   1.03   1.24   3.01   3.33   3.04   2.08   1.74   2.41   2.99   
1973 2.69   2.15   1.35   1.77   2.48   2.80  -0.12  -1.12  -0.87  -1.32   0.32   1.56   
1974 1.54   1.25   1.48   1.10   1.56   1.35   1.87   1.67   1.76   1.07   1.62   1.47   
1975 1.47   1.69   1.55   1.59  -1.12  -1.48  -1.66  -1.55   1.16   1.02   1.07   0.88   
1976 1.62   1.98   2.47   1.97   2.88   3.53   3.68   3.97   3.97   4.96   3.82   3.01   
1977 2.42   1.93   2.54   2.59   1.54   1.41   1.19   2.08   2.94   3.53   3.73   3.88   
1978 5.06  -0.94  -0.65  -0.91  -1.25  -1.05  -1.35  -1.32  -1.12  -0.69  -1.31   0.25   
1979 1.38  -0.43   0.09   0.57  -0.12  -1.21  -2.21   0.57   1.05   1.21   1.16  -0.75   
1980 -1.19  -2.03  -1.35  -1.03  -1.92   0.13   0.94   0.74   0.92   1.29   1.25  -0.35   
1981 -1.45   1.38  -0.63  -0.42  -0.76   0.25   0.63   1.26   2.69   3.68  -0.59  -1.32   
1982 -0.99  -1.09   0.25   0.64   0.01   1.08   0.45   1.00   1.00   0.61   1.08  -0.38   
1983 -0.88  -1.38  -1.62   1.41   1.92  -0.32  -1.10   0.92   0.49   0.44   1.03   3.10   
1984 -0.68  -0.48  -0.85  -1.00   1.05  -0.54  -0.70  -0.48  -0.53  -1.20  -1.23   1.10   
1985 -0.22   0.21   0.23  -0.59  -0.66  -0.05  -0.56  -0.77   0.98   1.16   1.90  -0.19   
1986 0.22  -0.38  -0.10  -1.22  -1.20   1.08   2.11   2.83   2.97   2.84   2.50   2.18   
1987 2.40  -0.94  -1.30  -2.03  -2.45   0.86   0.78   0.54   1.01   1.17   1.44  -0.38   
1988 -1.00   0.43  -0.71  -0.87  -1.51  -1.92  -1.88   0.37  -0.46   0.74   1.34  -0.60   
1989 -0.58  -0.89  -0.66  -1.06   0.48   0.57   0.61   1.41   2.79   2.71   4.07   2.81   
1990 3.44   3.74   3.12   3.28   4.41   4.30   3.82   2.97   2.24   3.44   2.92   3.76   
1991 0.02  -0.51   0.57  -0.13  -0.17  -1.01  -1.45  -1.46   0.32  -0.12  -0.31  -0.18   
1992 -0.26  -0.30   0.00   0.73   0.88   0.10   0.85   1.46   1.59   2.15   2.31   1.63   
1993 1.97   1.92   1.50   2.74  -0.36   0.41  -0.69  -1.40   0.13   0.29   0.38   0.05   
1994 0.68   0.16   0.23   0.28   0.42   1.05   0.62   1.20   1.39  -1.00   0.79  -0.51   
1995 -0.53  -0.50  -1.35  -1.45  -1.94  -3.06  -2.10  -2.75  -2.69   1.39   1.51   1.00   
1996 1.42  -0.22  -0.91   0.97   1.92   2.36   3.11   1.95   1.46   1.25   2.07   2.54   
1997 2.72   2.58   2.90   2.33   2.35   1.82   1.72   1.62   1.25   0.85   0.98   0.75   
1998 2.66  -0.21   0.21  -1.02  -1.71   2.01   2.13   3.13  -0.36  -0.68  -1.23  -1.88   
1999 1.62  -0.88  -0.10  -1.35  -1.79  -2.49  -2.41  -3.50   0.81   1.04  -0.29  -0.96   
2000 0.13   0.63   0.51   2.02   3.19   3.06   3.58   3.72  -0.20  -0.65  -0.83  -0.34   
2001 -1.21   0.12   1.23  -1.33  -1.73   0.59   0.24   0.55   0.75  -0.28  -0.94  -1.17   
2002 -1.17   0.08   0.10   0.59   1.41   1.80  -0.93  -1.96  -1.92  -1.25  -1.14  -1.35   
2003 -1.50  -1.68  -1.65  -1.55   1.10  -0.50  -0.78  -0.82  -1.04   1.28   1.80   2.38   
2004 -0.46  -0.83  -1.02  -1.06   0.76   0.40   0.53   2.03  -0.41  -0.93  -0.92  -0.43   
2005 -0.52  -0.63  -1.33   0.67  -0.79  -0.95   0.50   0.80   1.04   2.37   3.03   2.47   
2006 2.73   2.61   1.71   1.26   0.90   2.41   2.71   2.18   2.15   3.57   2.80   2.64   
2007 3.34   2.90   2.94   3.26  -0.60  -1.21  -0.68  -2.01  -2.54   0.75   1.17   1.83   
2008 1.57   2.79   3.47   2.68   1.96   2.18   3.07   3.70   2.96   3.51   2.86   3.75   
2009 3.09   2.60   2.11   1.09   2.03   1.88   2.73   3.07   2.71   2.99  -0.92  -0.77   
2010 -0.97  -1.22  -1.57  -2.44  -2.91   1.43   1.23   1.76   1.59   3.23   2.36   1.82   
2011 1.01   1.22   2.33   4.32   5.10   4.89   3.65   4.27   4.40   4.35  -0.68  -0.71   
2012 0.77  -0.46  -1.20  -1.14  -1.19  -0.98  -1.44  -2.00  -1.50  -0.73  -1.76  -0.79   
2013 -0.89  -0.89 -99.99 -99.99 -99.99 -99.99 -99.99 -99.99 -99.99 -99.99 -99.99 -99.99   
