1895 0.21  -0.77  -1.08  -0.84  -1.23  -1.46  -1.28  -1.73  -2.35  -2.09  -2.22  -2.66   
1896 -3.09  -1.22  -1.31  -2.21  -2.46  -1.91  -1.65  -2.26  -1.58  -1.39  -1.76  -1.99   
1897 -2.03  -1.90  -2.46  -2.53   0.09  -0.10   2.20   2.31  -0.47  -0.77  -0.64  -0.41   
1898 -0.44  -0.23  -0.67   0.08   0.81  -0.73  -0.57  -0.18  -0.83   0.97   1.80   1.32   
1899 1.17   2.02   2.11  -0.83  -1.43  -1.89  -1.52  -1.82  -1.26  -1.40  -1.96  -2.46   
1900 -2.34  -0.97  -1.11  -1.65  -1.45  -1.54  -1.43  -2.13  -2.35  -2.25  -2.24  -2.40   
1901 -2.70  -3.39   0.08   1.35   1.79   0.76   0.79   1.50   1.40   1.36   0.99   2.14   
1902 1.62   2.62   1.99   1.52   0.57   1.05   1.33   1.09   1.52   2.63   1.67   2.29   
1903 1.98   2.30  -0.31  -0.30  -1.32   1.57   1.71   2.33   2.02   3.20  -0.51  -0.41   
1904 -0.54  -0.77  -0.95  -0.65  -1.20  -1.44  -1.42   0.22   0.56   0.74  -0.38  -0.42   
1905 -0.17  -0.58  -0.86  -1.13  -1.90  -1.85  -2.01  -1.75  -1.21  -1.45  -2.02  -2.01   
1906 -2.16  -2.27   0.31   0.18   0.15   0.23   0.68  -0.11  -0.59   0.56  -0.51  -0.54   
1907 -0.66  -0.80  -1.38  -1.24  -0.80  -0.55  -1.10  -1.70   1.26   2.30   2.66   2.50   
1908 2.20   2.60  -0.53  -1.05  -0.58  -1.05  -0.85  -0.62  -1.22  -1.48  -2.36  -2.46   
1909 -2.56  -1.55  -1.54  -0.68  -1.24  -1.55  -2.14  -2.16  -2.01  -2.57  -3.03  -2.90   
1910 -2.19  -1.94  -2.78  -2.39  -2.73  -2.18  -2.68  -2.93  -3.30  -3.58  -3.37  -3.44   
1911 -3.36  -3.22  -3.37  -3.13  -3.77  -3.32  -3.37   0.66   0.28   1.24   1.65  -0.20   
1912 -0.58  -0.78   0.99   0.89  -0.35  -1.09  -1.41  -1.92  -2.17  -2.30  -2.41  -1.94   
1913 -2.16  -2.14  -2.28  -1.41  -1.64  -2.05  -2.65  -2.79  -2.61  -0.83  -0.86  -1.14   
1914 -0.98  -0.97  -1.03  -0.95  -1.25  -1.41  -0.77  -1.21  -2.16  -2.48  -2.80   0.18   
1915 1.13   1.73  -1.04  -1.71  -1.81  -1.97   0.38   1.09  -0.56  -0.58  -1.17  -0.75   
1916 -1.58   0.64  -0.24  -0.40  -0.62   0.34   1.00  -0.58  -0.92  -1.48  -2.12  -2.06   
1917 -2.22  -2.39  -2.11  -2.30  -1.94  -1.65  -1.56  -1.92  -2.17  -0.76  -1.39  -1.40   
1918 -1.27  -1.54  -2.16  -1.94  -2.08  -1.70  -1.60  -2.22  -1.62  -2.18  -2.77  -2.82   
1919 -2.65   0.02   0.05  -0.09   0.14  -0.26   0.64   1.05   1.19   0.02  -0.19  -0.44   
1920 -0.82   0.60   0.16   0.24   0.16   1.03   1.30   1.38   1.40  -0.58  -0.43  -0.17   
1921 -0.58  -0.30  -1.17  -1.19  -1.14  -1.16  -0.96  -1.35  -1.78  -2.38  -2.44  -2.74   
1922 -2.96  -2.85  -2.74  -3.06  -2.87  -2.07  -1.31  -0.84  -1.00  -1.17  -1.95  -1.80   
1923 -1.12  -1.34  -1.39  -1.50  -2.08  -2.36  -2.35  -2.91  -3.07   0.75   0.35   0.33   
1924 0.35   0.51  -0.61   0.83   1.04  -0.14  -0.72  -0.79  -0.44  -1.33  -2.02  -2.39   
1925 -2.11  -2.37  -2.65  -2.98  -2.95  -3.12  -2.03  -2.27  -2.38  -1.66  -1.75  -1.77   
1926 -2.06  -1.17  -1.58  -1.79  -2.05  -2.20  -2.00  -1.64  -1.70  -1.16  -0.95  -0.82   
1927 -1.33  -1.25  -2.11  -2.37  -2.20  -2.11   0.46   1.99   1.62   2.87  -0.05   0.09   
1928 -0.62  -0.21  -0.86  -0.49  -1.05   0.71   1.40   1.75   1.87  -0.34  -0.79  -1.33   
1929 -1.33  -0.86  -1.53   1.06  -0.25  -0.74  -1.52  -1.89  -2.01  -1.74  -2.15  -2.10   
1930 -2.38  -2.41  -3.15  -3.41  -3.63  -3.23  -3.29  -3.29  -3.81  -3.75  -3.49  -3.51   
1931 -3.45  -3.43  -2.80  -2.45  -1.89  -1.63  -1.59  -1.32  -1.97  -2.05  -3.05  -3.39   
1932 -3.04  -3.00  -2.19  -2.44  -2.52  -2.12  -2.38  -2.70  -2.61   0.37   1.16  -0.39   
1933 -0.96   0.06   0.59   0.95   0.91   0.43   0.17   1.52   3.00   0.03  -0.56  -0.51   
1934 -0.57   0.29   0.20   0.35   0.78  -0.17  -0.37  -0.79   1.59   1.75  -0.33  -0.43   
1935 -0.02  -0.05  -0.66  -1.18  -1.70  -1.43  -1.27  -1.86  -1.35  -1.70  -1.72  -2.26   
1936 1.21   0.80   0.98   0.87   0.25   1.10  -0.26  -0.52  -0.22  -0.20  -0.87   1.30   
1937 1.80  -0.41  -0.54  -0.12  -0.62   0.20   0.08   0.52   0.55   1.08   1.32  -0.44   
1938 -0.31  -0.83  -1.49  -1.70   0.04   1.26   2.38   1.99   4.03   3.30   2.85   2.24   
1939 2.20   3.12   3.26   3.10  -0.93  -1.17  -1.92  -1.61  -2.15  -1.56  -1.89  -2.19   
1940 -2.35  -2.21   0.39   1.01   1.53   1.52   1.23   1.42  -0.20  -0.36  -0.01  -0.37   
1941 -0.40  -0.53  -0.70  -1.46  -1.83   0.67   1.05   1.25  -0.88  -1.37  -1.68  -0.03   
1942 0.04  -0.07   0.83  -0.96  -1.49   0.20   1.48   2.69   2.15   1.89   1.95   2.19   
1943 -0.14  -0.66  -0.70  -0.92  -0.99  -0.85  -0.79  -1.36  -1.43   1.15  -0.08  -0.65   
1944 -0.33  -0.66   0.86   1.40  -0.89  -1.25  -2.31  -3.17   1.31   1.13   2.52  -0.14   
1945 -0.42  -0.28  -1.06  -1.30   0.43   0.16   0.40  -0.03  -0.29  -0.49   0.46   1.02   
1946 -0.13  -0.49  -1.21  -1.78   0.91   1.15   1.19   2.15  -0.15  -0.99  -1.77  -2.01   
1947 -2.00  -2.32  -2.56  -1.71  -1.39  -1.25  -1.04  -1.19  -1.51  -1.93   0.84   0.69   
1948 1.13   0.68   0.69   0.60   1.61   2.20   2.52   2.04   1.06   0.87   0.90   1.48   
1949 2.04   2.02  -0.55  -0.60  -0.37  -1.61  -2.03  -2.04  -1.85  -2.47  -3.11  -3.34   
1950 -3.63  -2.89  -2.75  -2.94  -2.59  -2.49  -2.05  -1.35  -1.60  -2.12  -0.02   0.33   
1951 0.28   0.73   1.21  -0.47  -0.11  -0.25  -0.16  -0.56  -1.30   0.21   1.17   1.46   
1952 1.90   1.38   1.55   1.86   2.24   2.19   1.66   2.37  -0.35  -1.08  -1.36   0.08   
1953 0.64   0.38   1.92   2.39   0.04  -0.56  -0.54  -0.90  -1.59  -1.48  -1.69  -1.19   
1954 -1.55  -2.01  -1.99  -1.96  -1.73  -2.30  -3.03   1.12   2.09   1.62   2.22   2.34   
1955 -0.97  -1.00  -0.80  -1.16  -1.90  -2.16  -3.02   2.15   1.80   3.60   3.74  -1.00   
1956 -1.29   0.75   1.09   0.87   0.51   0.36   0.87  -0.30  -0.44  -0.32  -0.28  -0.15   
1957 -0.62  -0.92  -1.25  -0.83  -1.21  -1.89  -2.40  -2.50  -2.56  -2.42  -2.43   0.65   
1958 1.38   1.81   1.91   2.54   2.82   2.39   2.36   2.15   2.09   3.15  -0.37  -0.87   
1959 -1.17  -1.45  -0.94  -1.30  -1.97  -1.55  -1.05  -1.00  -1.65   0.22   0.31   0.67   
1960 0.46   1.20  -0.18  -0.60  -0.71  -1.36   1.35   1.63   2.85   2.55   2.05   1.87   
1961 1.47   1.66   1.73   2.52   2.43   1.88   2.21   0.00  -0.24  -0.62  -1.02  -0.02   
1962 -0.05   0.69  -0.34  -0.58  -1.33   0.38  -0.47   0.56   0.62   0.82   1.22  -0.34   
1963 -0.60  -0.66  -0.69  -1.51  -1.64  -1.76  -2.07  -2.39  -2.06  -3.15  -2.20  -2.28   
1964 -1.69  -1.43  -1.89  -0.95  -1.90  -2.26  -2.01  -2.88  -3.09  -3.30  -3.88  -3.31   
1965 -2.94  -2.58  -2.86  -2.77  -3.34  -3.86  -3.86  -4.10  -4.52  -4.69  -5.24  -5.63   
1966 -5.59  -4.58  -5.02  -4.96  -4.03  -4.45  -5.14  -5.50   0.84   1.09  -0.21  -0.32   
1967 -1.08  -1.04   0.81   0.60   1.04   0.93   1.39   2.02  -0.43  -0.58  -0.74   0.82   
1968 -0.50  -1.25  -0.71  -1.35   0.57   0.98  -0.65  -1.13  -1.59  -2.09  -1.49  -0.86   
1969 -1.55  -1.27  -1.46  -1.31  -1.67  -1.58   1.34   0.99   1.42   1.07   1.00   2.00   
1970 -0.97  -0.47  -0.34  -0.48  -0.84  -1.09  -1.69  -2.05  -2.53  -3.02  -2.71  -2.78   
1971 -2.84  -1.69  -1.74  -1.94  -1.79  -2.40   0.32   1.10   1.26   1.24   1.67  -0.65   
1972 -1.07   0.85   0.94   0.89   1.58   3.57   3.04   1.90   1.17   1.80   3.20   3.45   
1973 3.25   3.03   2.43   3.29   3.28   3.26   3.40  -0.51  -0.80  -1.02  -1.71   1.31   
1974 1.25  -0.50  -0.21  -0.53  -0.53  -0.57  -1.32  -1.35   0.85  -0.14  -0.84   0.69   
1975 1.21   1.32   0.97   0.77   0.57   1.50   2.50   2.11   3.51   3.39   3.22   2.95   
1976 3.31  -0.21  -0.77  -1.38  -1.23  -1.40  -1.68   0.99   0.73   1.50  -0.83  -1.08   
1977 -1.29  -1.44  -0.83  -0.87  -1.42  -1.03  -1.57   0.11   0.73   1.55   2.62   3.04   
1978 4.31  -0.55  -0.82  -1.34  -0.13  -0.81  -0.59  -0.22  -0.20  -0.57  -0.99   0.48   
1979 2.82   3.16   2.57   2.48   2.57  -0.32  -1.05  -0.77  -0.49  -0.16  -0.31  -0.67   
1980 -1.22  -1.98   1.59   2.52  -0.54  -0.40  -0.26  -1.21  -1.98  -1.92  -1.77  -2.43   
1981 -3.11  -1.82  -2.64  -2.56  -2.58  -2.43  -2.00  -2.70   0.16   0.42  -0.53   0.36   
1982 1.07   0.70   0.16   0.70   0.17   1.77  -0.24  -0.63  -1.16  -1.74  -2.00  -2.59   
1983 0.32   0.43   1.73   4.13   3.96   3.18   2.41   1.96   1.36   2.29   2.96   3.87   
1984 3.02   3.31   3.75   4.07   5.31   5.71   6.85  -0.77  -0.95  -1.15  -1.48  -1.70   
1985 -2.35  -2.44  -3.01  -3.65  -2.94  -2.02  -1.72  -1.59  -1.48  -2.06  -1.06  -1.73   
1986 -1.31  -1.09  -1.65  -1.73  -2.58  -2.78  -2.27  -1.89  -2.33  -2.66   0.56   1.33   
1987 2.02  -0.89  -0.71  -0.17  -0.80  -0.96  -1.16  -0.96  -0.70  -0.69  -0.96  -1.15   
1988 0.02   0.55  -0.42  -0.98  -0.77  -1.39  -0.64  -1.26  -1.30   0.08   1.16  -0.61   
1989 -1.06  -0.01   0.16   0.30   2.19   3.19   3.65   4.17   4.29   5.35   4.92   3.55   
1990 3.56   2.60   1.75   1.96   2.99   2.53   2.23   3.23   2.74   3.60  -0.49   0.40   
1991 0.53  -0.65  -0.49  -0.63  -0.97  -1.44  -1.75   0.83   0.92  -0.35  -0.85  -0.68   
1992 -1.14  -1.58  -1.62  -2.15  -2.10   0.38   0.96   1.55   1.59   1.10   1.59   2.05   
1993 1.49   1.38   2.07  -0.12  -0.98  -1.52  -2.30  -2.74   0.34   0.64   0.09   0.43   
1994 0.99   0.96   1.55  -0.65  -0.56  -1.29  -1.80  -1.25  -1.11  -1.77  -1.95  -1.98   
1995 -1.97  -1.80  -2.64  -2.95  -2.85  -2.88  -2.60  -3.54  -0.04   0.59   0.95   0.57   
1996 1.10   0.69   0.45   1.13   0.81   0.95   1.94   1.61   2.02   3.41   2.93   3.71   
1997 -0.02  -0.44  -0.18  -0.09  -0.22  -0.51   0.41   0.60  -0.55  -0.90   0.20   0.29   
1998 0.81   1.22   1.48   1.95   2.31   3.06  -0.73  -1.31  -1.66  -2.01  -2.83  -3.69   
1999 -2.27  -1.93  -1.67  -2.27  -2.12  -2.92  -3.94  -3.85   0.95   1.00  -0.46  -0.69   
2000 -0.63  -1.18   0.22   0.54   0.56   0.87   1.75   1.73   1.93  -0.76  -0.65  -0.57   
2001 -0.60  -1.06   1.36  -0.86  -1.09   0.57  -0.10  -0.31  -0.29  -1.15  -2.29  -2.92   
2002 -3.44  -4.22  -3.96  -3.78  -3.37  -2.74  -3.39   0.11   0.58   1.46   1.70   1.84   
2003 1.24   1.85   1.73   1.65   1.76   3.79   3.27   2.83   2.69   2.75   2.46   2.61   
2004 1.91   1.51   1.05   1.43   1.20   0.78   1.62   1.68   3.32  -0.44   0.12   0.12   
2005 0.33   0.15   0.29   0.32  -0.44  -0.92  -1.02  -1.99  -2.66   4.15   3.80   3.53   
2006 3.51   2.77   1.32   1.45   1.52   2.67   2.74   2.59   2.39   3.11   3.24   2.26   
2007 1.94   1.23   1.39   2.94   1.88   2.04   2.55   2.49  -0.73  -0.68  -0.97  -0.50   
2008 -0.79   0.94   0.96  -0.42  -0.43  -0.57  -0.70   0.09   1.03   1.14   0.98   1.73   
2009 -0.14  -0.98  -1.59   0.07   0.18   1.84   2.33   1.85   1.37   1.83   1.06   2.12   
2010 1.53   2.46   4.18  -0.64  -1.11  -1.78  -2.43  -3.07  -3.13  -2.77  -3.21  -2.94   
2011 0.19   0.23   0.19   0.31  -0.11  -0.09  -0.60   3.00   3.41   3.76  -0.26  -0.38   
2012 -0.68  -1.68  -2.87  -3.01  -2.54  -1.53  -1.35  -1.29  -0.89  -1.08  -1.60  -0.92   
2013 -1.21  -0.65 -99.99 -99.99 -99.99 -99.99 -99.99 -99.99 -99.99 -99.99 -99.99 -99.99   
