1895 0.28  -0.53  -1.15  -1.32  -1.79  -2.30  -2.51  -2.04  -2.63  -3.07   0.53   1.20   
1896 0.57   1.98   3.17  -1.19  -1.89  -2.08   0.40   0.31   0.94  -0.29  -0.27  -1.18   
1897 0.23   0.09   0.84   0.67   0.50   0.56   1.24  -0.03  -0.79  -1.66   0.85   1.44   
1898 2.64   2.77   2.12   1.90   1.87   1.29   0.56   1.02   0.67   0.99   1.04   0.77   
1899 0.61   0.64   1.87  -0.96  -1.28  -1.79  -1.94  -2.66  -2.19  -2.43  -2.71   0.41   
1900 0.74   1.61   2.24  -0.98  -1.60  -2.11  -1.80  -1.80  -2.45  -2.91  -1.80  -1.95   
1901 -2.02  -2.27   0.57   1.32   1.74   1.52   1.37   1.49  -0.20  -0.80  -0.95   0.88   
1902 0.30   0.48   0.85   0.73   0.40   1.03   2.82   2.68   2.81   2.90   1.77   2.15   
1903 2.01   2.46   3.01   2.18   0.59   1.71   1.77   3.13   2.02   2.86   2.06   1.76   
1904 1.96   1.96   2.11   2.36   1.74   1.54   1.95   2.14   2.69   2.75  -0.99  -1.12   
1905 -1.03  -1.33  -1.41  -1.58  -2.21   0.80   1.52   1.67   2.05   2.01  -0.31  -0.28   
1906 -0.51  -0.85  -0.61  -1.12  -0.86  -0.62  -0.79  -1.08  -1.57   0.18  -0.19   0.10   
1907 0.58  -0.61  -0.77  -0.38  -0.26  -0.28  -0.50  -1.08   1.05   1.85   1.77   2.17   
1908 1.66   2.54   2.42   2.21   2.23  -0.51  -0.61  -0.80  -2.15  -3.06  -4.01  -4.31   
1909 0.58   1.78   1.52   1.53   1.51  -0.22  -0.21  -0.21  -0.38  -0.88  -1.48  -1.68   
1910 0.74   1.72  -1.15  -1.25  -0.82  -1.01  -1.23   0.16   0.30   0.28   0.25  -0.27   
1911 -0.27   0.19   0.23  -0.70  -1.60  -1.41  -1.97  -2.05  -0.03   0.43  -0.15  -0.13   
1912 -0.34  -0.34   0.46   0.76   0.83  -0.77  -1.31   0.25   0.44   0.58   0.53   0.25   
1913 1.46   1.12   3.17  -0.37  -0.51  -1.14  -1.83  -2.14  -2.59   0.26   0.41  -0.30   
1914 -0.43  -0.43   0.35   1.53  -0.39  -0.54  -0.97  -0.34  -1.15  -1.87  -2.25  -2.07   
1915 -1.40  -0.63  -1.68  -2.64  -2.66  -0.05   0.95   1.73   1.57   1.40   0.85   1.54   
1916 1.64   1.89   2.00   1.86   1.86   2.38  -0.81  -1.40  -1.21  -1.66  -1.67  -1.55   
1917 -1.18  -1.38  -1.13  -1.36   0.40   1.38  -0.03  -0.11  -0.79   1.41  -0.92  -1.08   
1918 -1.02  -0.79  -0.95  -1.08  -1.19  -0.97  -1.01  -1.22   1.09   1.44  -0.43  -0.46   
1919 -0.96  -1.07   0.74   0.75   1.22  -0.58  -0.43  -0.45  -0.59   0.55  -0.20  -0.81   
1920 -0.97   0.07   0.25   1.01  -0.74  -0.91   0.71   0.50   0.90   0.36   0.92   1.81   
1921 -0.59   0.07   0.61  -0.37  -1.00  -1.48  -1.69  -1.68  -2.32  -2.58   0.90  -0.64   
1922 -0.92   0.29   1.12   1.19   0.72   2.33   1.79   2.23  -0.58  -1.06  -1.83  -1.76   
1923 -0.77  -0.94  -0.99  -0.91  -1.11  -1.12  -1.43  -1.84  -1.80  -1.67  -0.02   0.23   
1924 0.64   0.83  -0.94   0.81   1.18   0.93   0.91   1.05   2.42  -0.93  -1.20  -1.52   
1925 0.03   0.06   0.38  -0.37  -0.40   0.09   0.40   0.28   1.09   1.77   2.10   1.40   
1926 1.15   1.67   1.39   1.65  -0.74  -0.49  -0.82   0.22   0.59   1.58   1.69  -0.43   
1927 -0.45  -0.14  -0.43  -1.02   0.50   0.11   0.49   0.93   0.40   1.26   3.89   4.52   
1928 4.06   3.86   3.73   3.73   2.96   3.95   3.72   3.72   3.12   2.64   2.28   1.20   
1929 1.64   1.49   1.65   3.12   3.14   2.68   2.52   2.24   1.71   1.70   1.52   1.91   
1930 2.23   1.81   2.35  -0.50  -0.52  -0.54  -0.99  -1.29  -1.86  -2.72  -3.42  -4.00   
1931 -3.78  -3.94  -4.20   0.16   0.43   0.31   1.23   1.13   1.53   1.10   0.60   0.86   
1932 1.66   1.51   1.66  -0.49  -1.10  -1.06   1.21   1.95   1.12   2.25   2.68  -0.78   
1933 -1.16  -1.17  -0.75  -0.37  -1.04  -2.10  -3.16  -2.37  -2.29  -2.47  -2.55  -2.48   
1934 -2.11  -2.66  -2.64  -2.58  -3.18  -3.03  -3.57  -3.77  -3.45  -3.54  -3.93  -3.67   
1935 0.82   0.78   0.29   0.01   0.21   0.31   2.41  -0.53  -0.60  -0.56  -0.06  -0.77   
1936 -0.54  -0.68   0.85   1.12  -0.45  -1.81  -2.63   1.04   0.32   1.54   1.72   1.32   
1937 2.61   2.29   1.96   1.64   1.36   2.14   2.09   2.16  -0.52   0.54  -0.35  -0.72   
1938 -0.64  -0.35  -0.54  -1.06  -1.23  -1.67  -2.21   0.40   1.96  -0.87  -1.16  -1.08   
1939 -1.20   0.49   0.29   0.39  -0.96  -1.02  -1.67  -1.70  -2.27  -2.28  -2.84  -2.87   
1940 -3.10   0.66   1.56   2.06  -0.30   0.20   0.40  -0.67  -0.44  -0.73   0.16   0.98   
1941 -0.51  -0.53  -0.97  -2.23  -3.08  -2.89  -2.90  -3.09  -3.37  -2.27  -2.66  -2.71   
1942 -3.16  -3.45  -3.10  -3.58   0.27   0.05   0.64   0.53   1.08   1.23   0.88   1.79   
1943 1.20   0.97   1.08   1.83   2.35   2.29   2.85   3.11  -0.84  -0.28  -0.45  -1.41   
1944 -2.07  -2.23  -1.57  -0.88  -1.48  -0.64  -1.04  -1.58  -0.95  -0.81  -1.11  -1.48   
1945 -1.15  -1.01  -1.52   0.46   1.22   1.32   1.75   1.01   2.09   3.30   3.70  -1.03   
1946 -1.42  -1.10  -2.13  -2.55   0.84   0.95   0.96  -0.07  -0.12  -0.24  -0.89  -0.92   
1947 -0.35  -1.05   0.11   0.19   1.03   1.97   2.44  -1.24  -1.72  -2.71  -2.84  -3.03   
1948 -3.00   0.01   0.18   0.39   1.01   1.19   1.46   1.67  -0.62  -0.88   0.34   1.15   
1949 1.54  -0.03  -0.73  -0.47  -0.59  -1.66  -1.63   0.23   0.41  -0.47   0.10   0.04   
1950 1.55   2.12   2.49   2.12   1.46   1.54   1.44   2.23   2.48   2.02   2.08   1.94   
1951 1.82   2.66   3.10   3.27   2.40   2.82   3.55   3.44   3.55   2.96   3.07   3.39   
1952 3.45  -0.11  -0.08  -0.86  -0.12  -0.87  -0.31  -1.05  -1.75  -2.18  -3.00   0.14   
1953 0.47   0.35   0.63   0.87   1.77  -0.62  -0.87  -1.27  -1.57  -1.98  -3.07  -2.89   
1954 0.39   0.57   0.73   1.20   1.35   1.39  -0.81  -0.74  -0.51  -1.14   0.72   0.81   
1955 -0.87   0.38   1.20  -0.31  -0.94  -1.38  -1.72  -1.75  -1.90   1.25   0.01  -0.56   
1956 -0.99   0.49   1.10   1.25   1.92   1.23   1.35   1.38   1.64  -0.51  -0.96  -0.57   
1957 -1.06  -1.35  -2.12  -2.26  -2.02  -2.04  -1.32  -1.68  -1.59  -1.73  -2.03  -1.55   
1958 -0.88  -0.97  -1.77  -1.80   0.27   0.35   0.40   0.38   1.21   1.64   0.04  -0.79   
1959 0.77  -0.14  -0.39  -0.81  -1.14  -1.52  -2.25  -2.60  -3.64   0.89   2.25   2.38   
1960 1.96   2.06  -0.71   0.48   0.46   0.67   0.76  -0.22  -0.06  -0.30  -0.89  -1.69   
1961 -2.32   0.43   0.15   0.69   0.61   1.33   1.82  -0.17  -1.37  -1.96  -2.10  -2.07   
1962 -1.60  -0.97  -1.51  -0.68  -1.53  -2.04  -2.03  -1.61  -1.72  -1.45  -1.62  -1.85   
1963 -2.20  -2.35  -1.85  -1.69  -1.35  -1.61  -1.92  -0.78  -1.30  -2.68  -2.49  -2.61   
1964 -2.19  -2.72  -1.19  -0.90  -1.25  -2.20  -2.78  -1.97  -3.00  -3.86  -4.62  -4.06   
1965 -3.55  -2.78  -2.97  -2.22  -2.85   0.05   0.21  -0.28   0.12   0.67   1.18   0.74   
1966 0.61   1.35  -0.01  -0.56  -0.15  -0.38  -0.97   0.58   0.78  -0.29  -0.79  -0.53   
1967 -1.06  -0.97  -1.39  -1.20  -0.79  -2.05   0.49   1.09   0.68   0.49   1.22   1.17   
1968 -0.54  -1.16  -1.31  -1.53   0.61   1.68  -0.25  -0.40  -0.77   0.01   1.41   1.70   
1969 1.59  -0.59  -1.30   0.54   0.62   0.77  -0.52  -1.20  -1.84  -2.01  -1.83  -0.88   
1970 -1.64  -1.79  -1.50  -1.41  -1.56   0.57  -0.23  -0.48  -0.11  -0.27  -0.62   0.61   
1971 0.47   2.07   2.16   1.43   1.20   0.73   2.23   2.24   1.88   1.09   1.02   1.14   
1972 0.79   1.23   1.97   1.96   2.15   4.45   3.90   3.53   2.89   2.64   4.14   4.83   
1973 4.44   3.56   2.77   3.20   3.88   3.54  -0.86  -2.04  -2.21  -2.61   0.36   1.99   
1974 1.72   1.35   1.60   0.86   1.51   1.45   2.32   2.12   2.48   1.76   2.19   1.78   
1975 1.80   2.17   2.05   1.67   1.15   1.08   1.11   2.33   3.56   3.33   3.01   2.88   
1976 3.13   3.19   3.39   3.47   3.94   4.24   4.41   4.64   4.36   5.83   4.72   3.75   
1977 3.29   2.96   3.67   3.74   2.37   2.13   2.26   2.28   3.74   4.17   4.75   4.92   
1978 5.57  -0.91  -0.93  -1.36  -1.78  -1.30  -1.54  -2.01  -1.58  -1.30  -1.93   0.45   
1979 1.85   1.51   1.57   1.86  -0.01  -1.14  -2.06  -1.95  -1.73  -1.82  -1.79  -2.33   
1980 -2.79  -3.41  -2.23  -1.91  -2.60  -1.71  -1.44  -2.22  -1.88  -1.47  -1.28  -1.39   
1981 -2.19  -1.45  -2.10  -2.12  -2.42   0.06   0.13   0.21   1.64   2.70  -0.52  -0.97   
1982 0.20   0.25   0.73   0.44   0.02   0.94  -0.70  -1.24  -1.75  -2.55  -2.52  -2.44   
1983 -2.36  -2.81  -2.60   2.02   2.37  -0.83  -1.78  -1.20  -1.93  -2.34   0.09   1.34   
1984 -0.40  -0.03  -0.45  -0.55   1.13   0.95   0.92   1.04  -0.40  -0.95   0.08   0.80   
1985 -0.14  -0.36  -0.12  -1.00  -1.50  -1.42  -1.90  -2.14   0.61   0.92   1.38   1.02   
1986 0.96   0.96   1.27  -0.89  -0.81   1.10   1.91   2.62   3.12   3.22   3.29   2.84   
1987 2.96  -1.09  -1.66  -1.76  -2.47   0.14  -0.08  -0.20   0.87   1.08  -0.26  -0.67   
1988 -1.21  -0.90  -1.31  -1.48  -1.83  -2.24   0.28   0.58   0.19   0.38   0.80  -0.51   
1989 -0.66  -0.58  -0.66  -1.16   0.81   1.47   0.99   1.16   1.71   2.05   2.51   1.59   
1990 1.90   2.35   2.01   1.98   3.69   2.97   2.10   2.13   1.63   2.34   2.26   2.86   
1991 -0.18  -0.66  -0.28  -0.05  -0.39  -1.01  -1.18   0.02   0.42  -0.26  -0.22  -0.08   
1992 -0.51  -0.75  -0.80  -0.62  -0.25  -0.79   1.51   1.81   2.13   2.20   2.42   1.91   
1993 2.11   2.24   2.37   3.66   2.64   2.80   2.33   2.12   2.07   2.04   2.11   1.77   
1994 2.43   1.78   2.92   2.59   2.43   2.89   2.32   2.94  -0.08  -0.83  -0.96  -0.91   
1995 -0.98  -0.60  -1.31  -1.39  -1.86  -2.72  -2.84  -3.66  -3.54   1.12   1.58   1.22   
1996 1.11   0.51   0.02   1.12   1.49   1.31   1.69   1.55   1.62   1.43   1.99   2.48   
1997 2.06   2.08   2.45  -0.15  -0.17  -0.80  -1.31  -1.39  -2.03  -2.49  -1.95  -1.70   
1998 -0.61  -0.60  -0.79  -1.31  -1.99   1.30  -0.20  -0.47  -1.15  -1.75  -2.68  -3.26   
1999 -2.15  -2.70  -2.28  -3.05  -3.53  -4.29  -3.99  -4.26  -3.37  -3.31  -3.69  -4.19   
2000 0.26   0.51   0.77   1.91   2.69   3.11   4.16   5.09   4.95   4.58  -0.84  -0.81   
2001 -1.11  -1.46  -0.22  -1.25  -1.42  -0.46  -0.74  -1.51  -1.71  -2.10  -2.70  -2.87   
2002 -3.08   0.11   0.54   0.72   1.76   2.77   1.38   1.21   1.21   1.65   1.56   1.67   
2003 1.23   1.32   1.19   0.95   1.71   1.80   1.98   2.14   2.31   3.06   2.84   2.77   
2004 2.39   1.68   1.14   1.17   2.03   1.46   2.57   3.67   3.09   2.59   2.29   3.04   
2005 2.83  -0.42  -0.93  -0.04  -0.68  -1.56  -1.84  -1.99  -2.34   1.48   1.70  -0.73   
2006 -0.50  -1.05  -1.23  -1.17   0.09   1.86   2.37   2.43   1.62   2.43   1.84   1.86   
2007 1.73   1.56   2.01   2.68  -0.73  -1.18  -1.50  -2.09  -2.78  -2.75   0.14   0.83   
2008 0.91   2.04   2.76   2.61   1.94   1.74   2.10   2.42   1.93   2.89   2.87   3.86   
2009 3.48   3.22   3.21   2.60   3.71   3.69   3.34   3.54   2.97   3.43  -0.84  -0.42   
2010 -1.05  -1.41  -1.78  -2.99  -3.00   1.04   1.18   2.34   1.80   3.07   2.77   2.27   
2011 1.76   1.85   1.98   2.88   3.01   3.25   2.46   3.60   4.91   4.63   4.11   3.67   
2012 3.96  -0.52  -1.23  -1.53  -0.61  -0.64  -0.85  -1.04  -1.03  -0.72  -1.61   1.70   
2013 1.13   0.64 -99.99 -99.99 -99.99 -99.99 -99.99 -99.99 -99.99 -99.99 -99.99 -99.99   
