1895 0.15  -0.18  -0.48  -0.49  -0.76  -0.97  -1.35  -0.57  -1.02  -1.41   0.46   1.15   
1896 0.72   2.86   4.72  -1.18  -1.72  -1.90  -1.80  -1.75  -1.02  -1.00  -0.79  -1.30   
1897 0.16   0.12   0.94   0.87   1.38   2.97   3.68   3.67   2.81   1.74   2.44   3.20   
1898 4.11   4.62   3.56   3.42   3.36   3.09   2.00   2.99   2.90   3.20   3.33   3.09   
1899 2.68   2.79   4.39  -0.79  -1.17  -1.63  -1.61  -2.62  -1.81  -2.11  -2.45   0.30   
1900 1.04   2.28   2.98  -0.87  -0.82  -1.04  -0.80  -0.43  -0.88  -1.30   0.83   0.79   
1901 0.69   0.09   0.84   1.64   1.99   1.53   1.56   2.07   1.64   0.98   0.60   1.46   
1902 1.20   1.71   2.36   2.30   2.66   3.51   4.29   4.44   4.49   4.52   3.48   3.82   
1903 3.80   4.22   5.12   3.86   2.28   3.87   4.11   5.44   4.19   4.38   3.75   3.47   
1904 3.49   3.05   2.88   3.41   2.99   2.47   2.56   3.02   3.85   3.89   3.02   2.70   
1905 2.80   2.13   1.87   1.35   1.17   1.98   2.90   3.53   4.34   3.98   3.57   3.48   
1906 2.79   2.44   2.68   1.81   2.23   2.78  -0.25  -0.48  -0.89  -0.78  -1.00  -0.60   
1907 -0.81  -1.25  -1.43   0.42   0.78   1.11   1.36  -0.72   1.44   2.31   2.63   3.01   
1908 2.73   3.53   3.03   2.80   3.18  -0.01  -0.48  -0.39  -1.58  -2.21  -3.21  -3.76   
1909 0.38   1.86   1.68   1.49   2.10  -0.21  -0.34   0.25   0.44  -0.44  -1.20  -1.72   
1910 0.72   1.90  -0.81  -1.19   0.61   0.64   0.13   0.40   0.83   0.55   0.60   0.53   
1911 0.27   0.53   0.91  -0.72  -1.41   0.30   0.12   0.40   0.59   0.84   0.64   0.85   
1912 0.76   0.75   1.42   1.55   2.93   2.28   1.71   2.29   3.00   3.18   3.39   3.12   
1913 3.59   3.06   5.06  -0.52  -0.23  -0.89  -1.01  -1.54  -1.82  -1.44  -1.50  -1.11   
1914 -1.03  -1.18   0.67   1.94   1.13   1.08   0.93   1.88  -0.44  -1.15  -1.44  -1.46   
1915 0.82   2.12  -1.05  -1.80  -1.82  -1.83   1.82   3.10   2.79   2.53   2.15   2.95   
1916 2.29   2.88   2.86   2.62   3.00   3.39   2.56   1.82   2.09   1.42   1.30   1.30   
1917 1.37   1.01   1.23   0.85   1.35   2.08   1.62   1.81   1.12   2.21   1.55   1.40   
1918 1.29   1.39   1.11   0.63   0.78   1.37   0.99   1.01   2.46   3.00   2.70   2.51   
1919 1.99   1.61   2.52   2.05   2.46   1.98   1.36   1.50   1.43   1.61   1.49   1.04   
1920 0.76   1.20   1.61   2.85   1.95   1.76   1.90   1.87   2.36   1.75   2.26   3.25   
1921 2.33   2.37   2.82  -0.33  -1.02  -0.99  -0.93  -0.86  -1.73  -1.83   0.68   0.24   
1922 0.22   0.60   1.53   1.63   1.39   4.04   3.00   3.88   3.03   2.39   1.45   1.31   
1923 2.30   1.80   1.90   2.30   2.04   1.74   1.60   1.09   1.12   1.11   1.20   1.61   
1924 1.90   2.02   1.03   1.86   2.29   1.75   1.95   1.95   3.58   2.57   2.35   1.87   
1925 2.39   2.65   3.33   2.68   2.27   2.95   3.01   2.60   3.56   4.05   4.31   3.57   
1926 3.24   3.58   3.19   3.36   2.65   3.16   3.03   3.53   3.62   4.36   4.57   3.90   
1927 3.28   3.30   2.59   1.51   2.12   1.49   1.87   2.72   2.09   2.67   5.45   6.21   
1928 5.87   5.60   5.32   5.26   5.12   5.50   4.83   5.17   4.82   4.27   3.87   3.07   
1929 3.11   3.17   3.56   4.59   4.64   4.91   4.15   3.96   3.66   3.20   2.80   3.24   
1930 3.35   2.56   3.34   2.46   2.68   3.20   3.25  -0.01  -0.30  -0.76  -1.15  -1.53   
1931 -1.03  -1.31  -1.56  -2.19  -2.39  -2.54   1.20   0.41   1.68  -0.03  -0.54  -0.80   
1932 -0.81  -1.40  -1.16  -1.22  -1.50  -1.82  -0.63  -0.93  -1.92   0.46   1.13  -0.39   
1933 -0.88  -1.17   0.71   1.47   1.44  -1.02  -2.22   0.55  -0.46  -0.63   0.02   0.92   
1934 1.18  -0.20  -0.82  -0.22  -1.21  -0.73  -0.77  -1.91  -1.91  -2.23  -2.99  -3.18   
1935 -2.12  -2.36  -2.73   0.37   0.24   1.42   1.75   1.29   1.77  -0.29  -0.38  -0.75   
1936 0.32   0.01   0.89   1.43   1.27   0.88   1.27  -0.58  -0.68   0.91   1.05   0.73   
1937 1.07   1.04   0.84   1.37   2.32   2.63   2.54   2.73   2.13   2.04   1.68   1.76   
1938 1.67   1.72   1.57   1.23   1.13   0.77   0.73   1.26   2.74   1.80   1.10   1.50   
1939 1.67   2.38   2.09   2.73   2.58   2.91  -0.32  -0.73  -0.98  -1.40  -2.12  -2.48   
1940 -2.85  -2.74   0.45   1.07   1.43   2.11   2.17  -1.03  -0.94  -0.87  -0.78  -0.09   
1941 -0.43  -0.55  -0.40  -2.01  -2.38  -2.88  -2.76  -3.02  -3.99  -3.77  -4.32  -4.59   
1942 -4.54  -4.31  -3.52  -3.23  -3.50  -2.79  -3.00  -3.07  -2.37  -2.28  -2.75  -2.06   
1943 -2.34  -2.40  -2.40   0.08   0.73   0.76   1.34   1.94   1.43   1.81   2.21  -0.67   
1944 -0.60  -0.44  -0.74   0.74  -1.11   0.24   0.36  -1.21  -0.69  -0.89  -1.36  -1.68   
1945 -1.27  -1.27  -1.80   0.64   1.98   1.18   2.16   1.18   2.76   3.50   3.91  -0.45   
1946 -0.59  -0.50  -1.53  -1.80  -1.40  -1.71  -1.96  -1.75  -1.73  -1.64  -1.63   0.65   
1947 1.00  -0.35  -0.20  -0.49   1.45   3.30   4.74  -0.65  -1.09  -2.16  -1.90  -2.11   
1948 -2.07  -2.12  -1.96  -1.98   0.39   0.52   0.62   0.76  -1.14   0.00   0.68   1.50   
1949 1.42   1.68  -0.36  -0.34  -0.86  -2.06  -2.82  -2.30  -2.31  -3.19  -3.38  -3.89   
1950 -3.09  -2.45  -1.86  -2.05  -2.58  -3.08  -3.35  -2.36  -2.33  -2.90  -0.02   0.16   
1951 -0.21   0.72   1.17   1.43   0.80   0.98   2.01   1.61   1.39   0.89   1.00   1.36   
1952 1.10   1.10   1.15   0.82   1.22   1.61  -0.33  -0.89  -1.32  -1.50  -2.48   0.24   
1953 0.46   0.19   0.73   0.82   1.08  -0.95  -1.29  -0.97  -0.99  -1.27  -2.15  -2.37   
1954 0.38   1.49   1.62   1.86   2.12   2.35   2.00   2.15   2.64   2.45   3.18   3.08   
1955 -0.94   0.28   1.05  -0.69  -1.38  -1.35  -2.13  -1.32  -1.54  -0.73  -1.00  -1.63   
1956 -1.71   0.12   0.49   0.38   0.87  -0.62  -0.67  -1.37  -1.24  -2.08  -2.96  -3.45   
1957 -3.50  -3.72  -3.90  -4.27  -3.63  -3.00  -2.39  -3.18  -3.05  -3.50  -3.68   0.43   
1958 1.31   1.40   0.99   0.82   0.54   0.86   0.89   0.68   1.26   2.22   1.95   1.20   
1959 1.56   1.77  -0.31  -1.28  -2.03  -1.96  -3.06  -3.10  -3.88   1.31   2.37   2.88   
1960 2.65   2.93  -0.55  -0.66  -1.11  -0.95  -1.24  -2.20  -1.89  -1.46  -2.07  -2.77   
1961 -3.01   0.33   0.26   0.90   0.72   1.06   1.56  -0.19  -1.10  -1.67  -2.49  -3.13   
1962 -3.12  -2.42  -2.39  -1.80  -2.17  -2.53   0.50   0.46   0.49   0.91   0.94   0.74   
1963 0.53   0.25   0.59   0.56  -0.09  -0.55  -1.35  -0.61  -1.03  -2.47  -2.03  -2.27   
1964 -1.80  -2.36  -1.59  -1.82  -1.73  -2.46  -2.27  -1.34  -2.19  -2.66  -3.22  -3.48   
1965 -3.62  -3.38  -3.89  -3.79  -4.50  -4.56  -4.61  -2.94  -2.40  -1.74  -1.09  -1.54   
1966 -1.42  -1.31  -1.17  -2.04  -1.94  -2.10  -2.51  -2.26  -1.89  -2.46  -2.87  -2.96   
1967 -2.93  -3.05  -3.82   0.71   0.99   0.96   0.94   1.60   0.95   1.34  -0.12   0.14   
1968 -0.53  -1.24   0.44   0.13   0.24   0.44   0.50  -0.47  -1.14  -1.26   0.65   1.13   
1969 -0.21  -0.65  -1.16   0.41   0.65   0.77  -0.03  -0.05  -0.43  -0.65   0.79   1.48   
1970 -0.79  -0.68  -0.94  -0.82  -0.70  -0.76  -0.72  -0.99  -1.04  -0.87  -1.12   0.59   
1971 0.02   1.36   1.80  -0.08  -0.28  -0.88   0.40   1.09  -0.59  -1.30  -1.58  -1.48   
1972 -1.54   0.83   1.38   1.45   1.45   2.66   3.85   3.52   2.60   2.70   3.71   4.32   
1973 3.88   3.38   2.80   3.13   3.95   5.31   4.88   3.78   3.74   2.96   2.48   3.76   
1974 3.46   2.99   3.12   2.63   3.06   2.74   2.72   2.47   2.62  -0.54   0.34   0.35   
1975 0.23   0.14   0.19   0.47  -1.23  -1.71  -2.49  -2.66   0.72   1.14   1.43   1.54   
1976 2.16   2.43   2.40   1.79   2.73   2.83   3.34   3.78   3.83   4.96   4.18   3.51   
1977 3.13   2.74   3.40   3.36   2.28   2.12   1.34   1.93   3.45   5.07   5.53   5.79   
1978 7.39  -0.79  -0.29  -0.14  -0.56  -0.22  -0.78  -1.29  -1.58  -1.11  -1.55   0.12   
1979 1.56   0.90   0.77   1.34   1.22  -0.96  -1.43   0.44   1.34   1.38   1.61  -0.16   
1980 -0.87  -1.59  -0.94  -0.87  -1.60  -2.00  -2.22  -1.78  -1.40  -1.26  -0.95  -1.01   
1981 -1.83   1.32  -0.76  -1.14  -1.30  -1.48   0.07   1.04   2.37   3.40   3.05   2.63   
1982 2.31   2.77  -0.02  -0.31  -0.97  -0.35  -0.77  -0.75  -0.97  -1.60  -1.60  -2.16   
1983 0.10  -0.15   0.20   1.83   2.93   1.95   1.13   1.91   1.36   1.40   2.65   3.96   
1984 2.97   2.80   2.56   2.27   3.55  -0.50  -0.26  -0.44  -1.03  -1.63  -1.65  -1.03   
1985 -1.40  -1.38  -1.39  -1.83  -1.77  -1.33  -1.65  -1.99   0.46   0.55   0.83   0.44   
1986 1.20   0.82   1.18  -1.36  -1.32   0.48   1.11   1.91   2.26   1.99   2.32   2.02   
1987 2.57  -0.67  -0.48  -1.16  -1.54   0.70   1.04   1.01   1.30   1.25   1.57  -0.01   
1988 -0.70  -0.64  -1.51  -1.20  -1.75  -1.88  -1.99  -1.72  -2.31  -2.17  -1.01  -1.50   
1989 -2.00  -2.26  -2.08  -2.15   0.43   0.57   0.59   0.93   1.87   2.35   2.62   1.63   
1990 2.27   2.65   2.22   2.40   3.23   3.27   3.18   4.43   3.92   4.85   4.66   5.29   
1991 -0.18  -0.68  -0.54  -0.45  -1.00  -2.00  -2.87  -3.08  -2.47  -2.23  -2.71  -2.66   
1992 -2.54  -2.57  -2.42  -2.17  -2.36  -2.62  -2.23  -2.25  -2.18   0.33   1.05   0.46   
1993 0.63   1.10   0.99   1.82  -0.46  -0.36  -0.59  -1.07   0.14   0.30   0.25   0.06   
1994 0.46  -0.61   0.25   0.15   0.59   0.92   1.22   1.55  -0.31  -1.32  -1.59  -1.76   
1995 -1.28  -1.34  -1.96  -2.12  -2.70  -3.44   0.20   0.76   0.47   1.89   2.41   1.87   
1996 2.72   1.85   1.02   1.56   2.27   2.46   3.86   3.31   2.90   3.25   4.15   4.66   
1997 3.69   3.01   3.05   2.74   2.17   1.28   1.07   2.60   2.68   2.43   3.46   2.97   
1998 4.82   4.36   4.59   3.38   2.44   4.83   5.75   5.85   5.75   5.38  -0.54  -1.20   
1999 1.11  -0.74  -0.08  -1.29  -2.00  -2.67  -1.81  -2.49   1.32   1.50  -0.16  -0.63   
2000 0.22   0.52   0.01   1.85   2.67   2.64   3.02   2.76   2.09   1.36   0.73   1.19   
2001 0.55   0.57   3.17  -1.17  -1.31  -0.49  -0.98  -1.28  -1.51  -2.25  -2.62  -2.69   
2002 0.40   0.62   0.93   1.80   2.41   3.96   2.82   1.30   1.50   1.83   2.48   2.87   
2003 2.62   1.67   1.75   1.57   2.01   1.97   2.77   2.78   2.88   4.01   5.25   5.81   
2004 4.57   3.41   2.26   2.28   2.70   2.24   2.85   4.73   4.41   3.83   3.48   3.77   
2005 3.74   2.96   2.45   3.09   2.34   3.15   3.63   3.46   3.07   4.96   5.31   5.14   
2006 5.39   4.42   3.60   3.18   3.44   4.12   3.70   3.26   2.64   4.10   3.62   3.96   
2007 3.56   3.64   3.79   4.48   3.71   3.29   4.65   3.70   3.42   3.71   4.34   4.52   
2008 4.11   5.54   7.30   6.33   4.99   5.23   5.73   6.08   5.16   5.60   4.91   5.54   
2009 5.17   4.42   3.71   2.57   2.65   2.47   3.60   3.26   2.83   3.16   2.79   2.69   
2010 -0.68  -0.72  -0.34  -0.92  -1.90   0.51   0.06   0.44  -0.44   2.09   2.05   1.87   
2011 1.32   1.81   2.94   4.37   5.90   5.49   4.23   7.40   7.73   7.72   6.52   5.82   
2012 5.36   4.21   2.83   2.53   2.28   1.92   1.67   0.60   1.47   1.91   0.95   1.90   
2013 1.36   0.59 -99.99 -99.99 -99.99 -99.99 -99.99 -99.99 -99.99 -99.99 -99.99 -99.99   
