1895 0.80   0.07   0.28   0.99   1.03  -0.22  -0.17   0.00  -0.89  -1.32  -1.75  -1.73   
1896 -1.91   0.33   0.41  -0.47  -0.56   0.51   1.68  -0.64  -0.53  -0.99  -0.30  -0.95   
1897 -1.35   0.55   1.28   1.22   0.04  -0.28  -0.20  -0.52  -1.26  -1.29  -1.58  -1.26   
1898 -1.38  -2.29  -2.24   0.36   0.34  -0.32   0.62   1.76   1.55   2.48   2.09   1.63   
1899 1.54   2.62   3.60  -0.24  -0.34  -0.65  -0.66  -0.67  -0.81  -0.54  -1.28  -1.35   
1900 -1.43   0.74   0.62   0.70   0.12   0.85  -0.32  -1.50  -1.71  -1.47  -1.29  -1.19   
1901 -1.22  -1.93  -1.80   1.25   2.22   2.23   1.84   3.66   3.44   2.45   1.62   2.63   
1902 2.02   2.64  -0.20  -0.43  -1.07  -0.91  -1.56  -1.84  -0.03   0.14   0.07   0.16   
1903 0.06   0.98   1.52   1.92  -0.68   0.64  -0.52  -0.21  -0.65  -0.75  -0.75  -1.02   
1904 -1.19  -1.31  -1.07  -1.07  -1.12   0.28  -0.28   0.37  -0.58  -1.29  -1.24   0.26   
1905 0.13   0.66  -0.67  -0.69   0.76   0.70   1.21   1.39  -0.48  -0.47  -1.43   0.90   
1906 1.23  -0.57  -0.04  -0.44  -0.94   0.55   1.62   2.71   2.42   2.78   0.03  -0.08   
1907 -1.27  -1.43  -1.87   0.72   0.93   1.93   1.63   1.38   2.08   1.24   1.83   1.98   
1908 1.94   2.03   1.50   1.13   1.07   1.36   1.73   2.48  -0.34  -0.10  -0.66  -0.33   
1909 -0.87  -0.65  -0.92   0.28   0.73   1.69  -0.01  -0.16  -0.14  -0.44  -1.41  -1.56   
1910 -1.44  -1.46  -2.41   0.53   0.87   1.97   1.89  -0.15  -0.65  -0.60  -1.28  -1.10   
1911 -0.96  -1.30  -1.38   1.01  -1.14  -1.46  -1.95   0.45  -0.44   0.43   0.60   0.90   
1912 0.60   0.40   1.31   1.93   1.86   1.88   1.81  -0.45   0.53  -0.38  -0.76  -0.74   
1913 -0.69  -0.98   0.56   0.47   0.73   0.67  -0.03  -0.36  -0.32  -0.13  -0.93  -1.05   
1914 -1.37  -1.15  -1.09  -0.97  -1.89  -2.44  -2.76  -2.56  -2.84   0.08   0.30   1.42   
1915 2.00   1.85  -0.45  -1.24   0.27   0.70   0.34   1.12   0.65   1.18  -0.16   0.26   
1916 -0.41  -0.50  -1.11  -1.24   0.24   1.19   2.96  -0.46  -0.77  -0.92  -1.36  -1.33   
1917 -1.09  -1.30   1.10   0.87   0.57   0.97   1.39  -0.26  -0.16  -0.29  -1.00  -1.41   
1918 0.76  -1.18  -1.88   1.31  -0.33  -0.13  -0.24  -0.30   0.27   0.78   0.53   0.78   
1919 1.12   0.94   1.11   0.87   1.36   1.47   2.44  -0.03  -0.88  -0.78  -1.08  -1.36   
1920 -1.37   0.54   0.64   1.65   0.94   1.19   1.35   2.61   2.53  -0.86   0.36   0.91   
1921 -0.14  -0.15  -0.64  -0.38  -0.38  -0.91  -0.97  -1.27  -1.53  -1.78  -1.85  -2.20   
1922 0.44   0.68   1.56   1.34   1.34   1.61   1.78  -0.08  -0.95  -0.81  -1.52   0.47   
1923 0.54   0.44   1.04   1.29  -0.03  -0.39  -0.40   0.55  -0.14  -0.70  -0.75  -1.14   
1924 0.45   0.44   0.02   0.35   1.20   1.43   1.44   0.83   2.55  -0.68  -1.49  -1.09   
1925 -0.22  -0.86  -1.54  -1.74  -1.95  -2.14  -2.68  -3.61  -4.35  -3.42  -3.13  -3.08   
1926 -2.33  -2.13  -2.07  -2.25  -2.83  -2.98  -2.75  -2.20  -2.35  -2.52   0.63   1.37   
1927 0.27   0.10   0.10   1.02   0.63   0.71   0.93   0.89  -0.71  -0.71  -0.81   0.85   
1928 -0.66  -1.12  -1.48   0.98   0.97   2.10   1.88   3.56   4.89   4.19   3.35   2.48   
1929 2.08   2.50   2.47   2.58   3.25   3.63   3.22   2.22   2.21   3.17   3.77  -0.37   
1930 -0.51  -1.29  -1.70  -2.10  -2.28  -2.29  -2.82  -3.71  -3.95  -4.02  -3.79  -3.31   
1931 -3.56  -3.94  -3.51  -2.73  -2.00  -2.18  -1.54  -0.92  -1.46  -2.14  -3.10  -2.31   
1932 -1.86  -1.93  -1.38  -1.47  -1.14  -0.96  -1.65  -1.91  -2.09   1.41   1.58   2.18   
1933 -0.46  -0.16  -0.67   0.50   0.91  -0.87  -0.33  -0.52  -1.07  -1.47  -2.23  -2.80   
1934 -3.14  -3.10   0.71   0.83   0.21   0.31   0.53   0.53   0.54   0.47   1.36   0.97   
1935 1.59   0.98   1.54   1.61   1.63   1.20   1.88  -0.17  -0.21  -0.48  -0.30  -0.57   
1936 1.29   1.18   1.33   1.42  -1.11  -1.74  -2.15  -0.01   0.10   0.42  -0.56   0.52   
1937 1.93  -0.19  -1.09  -0.91  -1.04  -1.06  -1.06   1.03   0.60   2.23  -0.18  -0.51   
1938 -0.64  -1.17  -1.80  -2.10   0.62   0.76   1.73  -0.47  -0.93  -1.82   0.64   0.08   
1939 0.31   1.31  -0.72  -0.91  -1.49  -1.59   0.72   1.08  -0.76  -1.44  -2.16  -2.55   
1940 -2.72  -2.59  -2.75   0.37   0.17   0.34   1.07   4.28  -0.68  -1.13  -1.24  -1.08   
1941 -1.64  -2.33  -2.39  -2.62  -3.48  -3.37  -1.87  -1.98  -2.49  -3.10  -3.39  -2.86   
1942 -2.83  -2.57  -2.41  -3.16   0.72   1.77   1.33   1.85   2.62  -0.35  -0.92   0.79   
1943 0.94   0.42   0.26   0.37   0.32   0.13   1.04  -0.71  -1.02  -1.72  -2.15  -2.38   
1944 -2.56  -1.69  -0.86  -0.97  -1.13  -1.79  -1.78  -1.88   0.69   0.78   0.73  -0.16   
1945 -0.57  -0.33  -0.83   0.31   0.75   0.58   1.00   0.51   1.99   1.73   1.65   1.92   
1946 2.37  -0.06  -0.15  -0.54  -0.05  -0.64  -0.44  -0.89  -1.05  -0.91  -1.34  -1.77   
1947 1.07  -0.61  -0.66  -1.08  -1.32   1.19   0.71   1.17   1.06   2.33   3.14   2.03   
1948 1.61   1.35   1.47   0.93   0.57   0.65   0.62   1.17   1.85   1.13   2.99   2.94   
1949 2.26   1.58   1.29   1.79   1.70   2.26   3.20   4.79   4.13   4.12  -0.21  -0.48   
1950 -1.06  -1.27  -1.18  -1.88   1.05   0.94   1.34   1.92   2.17   1.71   1.28   1.95   
1951 -0.48  -0.61   0.35   0.52  -0.88  -0.33  -0.31  -0.75  -1.17  -1.63   0.07   0.83   
1952 0.67   0.62   1.81   1.71  -0.52  -1.03  -1.82  -0.97  -1.41  -1.88   0.18   0.07   
1953 0.38   0.81   1.38  -0.40  -1.13  -0.80  -1.19  -1.81  -1.83  -2.43  -2.88  -2.50   
1954 -1.43  -1.25  -0.99  -1.39  -0.80  -1.49  -1.83  -2.19  -2.86  -3.03  -2.71  -1.95   
1955 -2.41   0.33   0.45   0.97   0.45   0.54   1.04  -0.02  -0.72  -1.03  -1.33  -1.99   
1956 -2.49  -1.54  -1.61  -0.91  -1.37  -1.86  -1.30  -1.92   0.65   1.13   0.82   0.59   
1957 0.94   1.63   0.75   1.88   1.50   3.07   2.15   1.44   2.76   2.45   3.37   3.40   
1958 3.24   2.94   2.67   3.20   3.11  -0.30  -0.39  -0.22  -0.87  -1.03  -1.45   0.61   
1959 -0.11  -0.67  -0.62  -0.01  -0.06  -0.74   0.32   0.41   1.77   2.20   1.58   1.57   
1960 1.66   2.63   3.03  -0.33   0.12   0.01   0.05   0.46  -0.05  -0.16  -0.87  -1.29   
1961 0.00   0.73   0.54   0.74   0.56   1.15   0.72   1.34  -0.63  -1.00   0.15   1.15   
1962 1.53  -0.01  -0.04   0.06  -0.68  -0.09  -0.58  -1.07  -0.84  -1.04   0.56   0.66   
1963 -0.55  -1.12   0.97  -0.64  -0.53  -0.91  -1.35  -2.18  -2.34  -3.26  -2.95  -3.17   
1964 -2.22  -1.67  -1.66  -1.21  -1.85  -2.37   0.56   1.17   1.16   2.15   1.96   1.68   
1965 1.27   1.48   1.76  -0.05  -0.87  -0.78  -0.69  -0.71  -1.09  -0.69  -1.36  -2.36   
1966 -1.96  -0.57  -1.50  -1.22  -1.15  -1.54  -1.71   0.22   1.03   1.07   1.08  -0.09   
1967 -0.49  -0.71  -1.23  -1.99  -1.73  -1.77   0.52   0.85   1.00   0.79   0.45   0.97   
1968 1.12  -1.15  -1.22  -1.08  -1.14  -1.03  -1.14  -1.66  -2.02   0.88  -0.06  -0.16   
1969 -0.44  -0.33  -0.30  -0.41  -0.84   1.19   1.02   1.10   1.20   0.90   1.07   1.71   
1970 -0.68  -0.96  -1.42  -1.30  -1.89  -1.98  -2.11   1.43  -0.64   0.67  -0.24  -0.88   
1971 -0.99  -0.18  -0.48  -0.84   0.76   0.40   0.86   0.56   0.93   1.81   1.75  -0.48   
1972 -0.41  -0.47  -0.67  -0.92   1.04   1.98  -0.54  -1.28  -1.21  -1.26   0.37   0.64   
1973 0.75   0.96   1.97   2.40   3.25   2.78   2.29   2.07   1.48   1.14   0.85   2.13   
1974 2.08   1.77   1.42   1.63   1.77   2.43   1.87   2.04   2.66   1.82   1.27   1.34   
1975 1.26   1.07   2.76   1.57   2.33   2.65   2.25   1.40   2.13   2.38  -0.18  -0.29   
1976 -0.09  -0.82  -1.51  -2.26   0.85   2.22  -0.98  -1.51   0.02   1.75  -0.35  -0.05   
1977 -0.48  -1.18  -0.82  -0.59  -1.21  -1.08  -2.02  -2.06   0.51   1.08   2.80   2.44   
1978 3.45  -1.07  -0.52  -0.87  -0.64  -1.15  -1.56  -0.88  -1.25  -1.89  -2.17   0.23   
1979 1.21   1.60   2.37   2.67   2.50   2.33   2.51   1.76   3.70   3.08   3.73   2.56   
1980 2.39   1.20   1.98   2.83  -0.04  -0.28  -0.39  -1.15  -1.41  -1.43  -1.66  -2.43   
1981 -3.15  -2.40  -2.40  -2.97  -1.83  -2.15  -2.47  -3.23  -2.95  -2.75  -3.26   0.27   
1982 0.56   1.30   0.41   0.59   0.66   1.13   1.16  -0.41  -0.71  -0.69   0.32   0.67   
1983 0.69   1.32   2.04   3.36   3.29   3.12  -1.13  -1.84  -2.22   0.51   0.87   1.82   
1984 1.16   1.88   1.77   1.91   2.78   2.33   2.94  -0.26  -1.04  -1.47  -1.53  -2.35   
1985 -2.29  -2.02  -2.99  -3.06  -2.73  -2.58   0.40   1.15   0.30   0.05   1.58  -0.69   
1986 -1.31  -1.68  -2.26  -3.35  -3.31  -4.28  -4.73  -4.21  -4.05  -3.84   0.21   0.84   
1987 1.10   1.29   1.40   2.79  -0.58  -0.37  -0.81  -1.73  -1.04  -1.48  -0.94  -0.92   
1988 -1.22  -1.85  -2.75  -2.54  -2.78  -3.10  -3.19  -3.28  -2.89  -2.91  -2.18  -2.67   
1989 -2.97  -2.59  -2.71  -2.80   0.47   1.57   2.62   2.36   3.52   3.36   3.23   2.78   
1990 2.84   3.26   3.05  -0.50   0.00  -1.02  -1.14  -0.95  -1.51   2.04   1.24   1.37   
1991 1.28   0.64   1.33   2.03  -0.09  -0.12  -0.45  -0.81  -1.40  -2.13  -2.23  -1.66   
1992 -1.48  -1.63  -1.79   0.84   1.67   2.61   2.05   2.00   1.70   1.92   3.33   3.02   
1993 3.19   2.81   3.88   3.63  -0.10  -0.86  -1.78  -2.24  -2.38  -2.74  -2.85   0.44   
1994 1.08   1.17   2.06   1.57   1.05   1.27   1.61   2.83   2.34   2.08   1.63   1.19   
1995 2.81  -0.03  -0.64  -1.67  -1.57   1.57   0.89   0.83   0.60   1.66   1.67   0.76   
1996 2.20   1.80   1.54   1.04   0.76   0.84   0.65   1.99   2.39   1.67   2.36   2.58   
1997 2.14   1.91   1.99   2.45   1.77   2.08   2.18  -0.88  -0.72  -0.94  -1.19   0.02   
1998 1.87   2.67   2.50   3.54   3.46   3.16  -0.71  -0.91  -1.57  -1.89  -2.69  -2.63   
1999 -1.84  -1.97  -2.23  -2.20  -2.43  -2.31  -2.10  -2.31  -1.97  -2.13  -1.88  -2.21   
2000 -1.89  -2.50  -2.76  -1.63  -2.48  -2.28  -2.74  -2.87  -2.39  -3.16  -3.26  -3.51   
2001 -3.37  -3.80  -3.21  -4.02  -4.02  -3.57  -2.52  -2.69  -2.57  -2.84  -3.46  -3.39   
2002 -3.24  -3.85  -3.37  -3.98  -4.03  -4.15  -4.15  -4.50   0.34   0.53   0.82   1.18   
2003 0.58   0.93   1.13   1.96   2.40   3.03   3.42   3.76   3.52   2.79   3.32   3.08   
2004 -0.73  -0.65  -1.57  -1.46  -1.48   0.78  -0.25  -0.64   3.31  -0.23  -0.09  -0.03   
2005 -0.05  -0.56  -0.38  -0.09  -0.64   0.24   0.84   0.90  -0.88   0.23   0.68   0.85   
2006 0.85  -0.63  -1.57  -1.26  -1.54   1.14  -0.27  -0.47   0.72   0.78   1.25   1.52   
2007 1.67  -0.66  -0.73  -1.13  -2.12  -1.95  -2.03  -2.88  -3.18  -2.37  -2.89  -2.54   
2008 -3.06  -2.90  -2.40  -2.29  -2.63  -2.68  -2.51   0.52   0.75  -0.25  -0.47  -0.16   
2009 -0.11  -0.84  -0.82   0.03   1.88   2.20   1.70   1.76   2.14   2.07   2.33   3.65   
2010 4.28   3.80   3.64  -0.70  -0.83  -1.46  -1.71  -1.49  -1.64  -1.82  -2.24  -1.44   
2011 -1.83  -2.30   0.83   1.23   1.36  -0.26  -0.66  -1.24   0.38   0.29   0.88   1.15   
2012 -0.10  -0.86  -1.23   0.16   0.87  -0.40  -0.50  -0.79  -0.42  -0.55  -1.29   0.14   
2013 2.37   1.95 -99.99 -99.99 -99.99 -99.99 -99.99 -99.99 -99.99 -99.99 -99.99 -99.99   
