1895 0.99   0.79   1.17   2.63   2.95  -0.29  -0.41  -0.16  -1.23  -1.54  -1.52  -1.42   
1896 -1.45  -0.62  -1.50  -2.25  -2.43   0.29   0.93  -1.01   0.31   0.37   0.71   0.75   
1897 0.36   1.09  -0.39  -0.29  -0.21  -0.18  -0.13  -0.59  -1.47  -1.54  -1.59  -1.86   
1898 -2.36  -2.83  -2.98  -2.48  -2.55  -2.63   0.08   0.77   0.89   2.00   2.01   1.65   
1899 1.63   2.84   2.82   2.79  -0.31  -0.42   0.41  -0.51  -1.17  -0.87  -1.34  -1.47   
1900 -1.52   0.67   0.82   1.24  -0.36  -0.01  -0.58  -1.33  -2.47  -3.07  -2.99  -2.35   
1901 -2.38  -2.37   0.07   0.99   2.46   2.66   2.80   4.65   4.96   4.21   3.47   3.93   
1902 3.11   3.65  -0.50  -0.75  -1.24  -1.14  -2.17  -2.57   0.07  -0.16  -0.15   0.30   
1903 0.35   1.14   1.66   1.88  -0.81  -0.07  -0.68  -0.89  -1.15  -0.83  -1.15  -1.34   
1904 -1.38  -1.05  -1.08  -1.74  -1.82  -0.02   0.13   0.63   0.67   0.53   0.95   0.63   
1905 0.10   0.77  -0.77   0.32   1.23  -0.66   0.63   1.20  -0.49  -0.78  -1.63   0.90   
1906 1.32   1.15   1.41  -0.93  -1.35   1.08   2.32   2.94   3.00   2.88  -0.60  -0.54   
1907 -1.51  -1.39  -1.93   0.38   0.61   1.78  -0.18  -0.39  -0.68  -1.24   0.32   1.00   
1908 1.22   1.42   0.01  -0.32  -0.55   0.26   1.23   3.03   2.27   3.13  -0.46  -0.46   
1909 -1.12  -1.27  -1.63   0.03   0.63   1.85   2.20   2.52  -0.40  -0.51  -1.39  -1.53   
1910 -1.71  -1.24  -1.99  -2.26   0.50   1.67   1.51   2.63   0.03  -0.27  -0.97  -0.92   
1911 -1.71  -2.46  -2.45  -2.33  -2.96  -3.60  -4.37  -4.23  -4.19  -3.78  -3.47  -3.30   
1912 0.24   0.61   0.99   0.59   0.71   1.22  -0.14  -0.73  -0.89  -1.35  -1.41  -1.67   
1913 -1.78   0.06   0.62  -0.44  -0.49  -0.12  -0.62  -0.67   0.87   1.58   1.15   1.46   
1914 -0.34  -0.02  -0.28  -0.24  -1.05  -1.65  -1.94  -2.11  -0.03   0.59   1.05   1.95   
1915 2.49   2.14   1.86   1.19   1.61   1.64   1.15   1.29   1.25   1.49  -0.22   0.28   
1916 -0.72  -0.42  -0.85  -1.20   0.08   0.88   2.62   2.50  -0.24  -0.03  -0.41  -0.65   
1917 -0.81  -0.66  -0.40  -0.42  -0.58   0.82   1.58   1.06   2.51   2.54  -0.39  -0.55   
1918 -0.45  -0.89  -1.51   0.90   0.64   0.27   0.61   0.03   0.09   0.80   0.66   1.25   
1919 1.10   1.21  -0.55  -0.72   0.27   0.53   1.37  -0.33  -1.11  -1.65  -2.72  -3.10   
1920 -3.13   0.02   0.62   1.09   0.45   0.42   0.53   1.14   1.30   0.83   1.32   1.66   
1921 1.63   1.57  -0.82  -0.74  -0.29  -0.70  -0.71  -1.20  -1.73  -1.78  -2.10  -2.38   
1922 -2.24   0.56   0.90   0.76   1.08   1.70   2.13   2.14  -0.61   0.61  -0.68  -0.44   
1923 -0.80  -0.92  -0.82  -0.56  -0.15  -1.07  -0.91  -1.42  -1.50  -1.84  -1.87  -1.92   
1924 0.07   0.34  -0.43   0.38   0.56   0.88   1.61   1.12   3.46   2.80   1.99   2.10   
1925 2.80  -0.83  -1.41  -1.87  -1.89  -1.90  -2.59  -3.15  -3.80  -3.99  -3.98  -4.05   
1926 -3.15  -2.74  -2.17  -2.14  -2.65  -2.51  -2.44  -3.07  -3.93  -4.61  -4.21  -4.50   
1927 -4.80  -4.44  -4.25  -4.77  -5.22  -4.54  -4.22  -3.60  -3.78  -3.23  -3.22   0.81   
1928 0.06   0.53   0.14   0.98   1.57   1.87   1.66   1.76   4.09   3.34   2.54   2.11   
1929 1.87   2.69   2.68   1.84   2.35   2.82   2.98   2.69   3.48   4.86   4.93   4.58   
1930 4.26  -0.99  -1.23  -1.53  -1.72  -1.22  -1.60  -1.93  -1.80  -1.87  -1.62  -0.92   
1931 -1.20  -1.75  -1.77  -1.78  -1.40  -2.05  -2.24  -1.95  -2.91  -3.73  -4.54  -4.53   
1932 -4.61  -4.69  -4.44  -4.56  -3.81  -3.64  -4.48  -4.63  -4.49  -3.77  -2.35  -2.08   
1933 -2.25  -1.29  -1.74  -1.22  -1.37  -2.07  -1.77  -1.49  -1.13  -1.70  -2.32  -3.49   
1934 -4.16  -3.93  -3.40  -3.69   0.65  -0.18  -0.63   0.17   0.60   0.19   1.37  -0.11   
1935 0.11  -0.44  -0.94  -1.08  -1.39  -2.32   0.36   0.73   1.36  -0.64  -0.86   0.44   
1936 0.98   1.37   2.61   2.46  -1.14  -1.37  -1.53  -1.91  -1.81   0.94   0.94   2.07   
1937 2.38   2.59   1.71   3.06  -0.88  -1.16  -1.32  -1.35  -2.09  -2.43  -1.83  -1.88   
1938 -1.98  -2.68  -3.39   1.28   1.51   1.79   2.15   1.19   2.89   2.52   2.16   1.89   
1939 1.59   2.30  -0.39  -0.09  -0.31  -0.43   0.27   0.38  -0.55  -0.75  -1.02  -1.42   
1940 -0.94  -0.64  -1.10  -1.06  -0.88  -1.26  -2.17  -1.58  -2.21  -2.79  -3.03  -3.40   
1941 -3.76  -3.55  -2.70  -2.25  -3.16  -2.63  -2.26  -2.44  -3.29  -4.01  -4.72  -4.27   
1942 -4.32  -3.88  -2.86  -3.39  -3.28  -3.03  -3.21  -1.94  -2.10  -1.29  -1.81  -1.63   
1943 -1.43  -2.13  -1.51  -1.32  -1.47  -1.83   1.62  -0.37  -0.96  -1.81  -2.27  -2.18   
1944 0.05   0.71   1.36   1.49  -0.76  -1.89  -1.83  -1.72  -2.04  -1.65  -1.81  -1.92   
1945 -2.31  -2.07  -3.19  -3.20  -3.36   0.79   1.36   1.87   2.67   2.24   1.69   2.94   
1946 2.53   1.87   0.98   1.14   1.92   1.88   3.69   3.85   3.92   3.91  -0.10  -0.64   
1947 -0.78  -1.61  -1.13  -0.56  -0.85  -1.21   0.41   0.71   1.58   2.28   3.64   3.54   
1948 3.80   3.96   3.54   2.91   3.24  -0.29  -0.89  -1.87   0.10   0.40   1.89   2.11   
1949 -0.95  -0.84  -1.41   0.52   0.84   1.56   1.15   1.97   1.83  -0.34  -0.11  -0.63   
1950 -1.40  -2.09  -1.91  -2.35   0.20   0.31   2.33  -0.74  -0.92  -0.22  -0.58  -0.42   
1951 -1.31  -1.82  -1.69  -1.25  -1.91  -2.04  -2.03  -2.23  -2.37  -2.99  -2.79  -2.72   
1952 -3.01  -2.28  -1.82  -2.07  -2.37  -2.94  -3.55  -2.86  -2.33  -2.36  -1.64  -1.60   
1953 -1.71  -1.22  -1.02  -1.38  -1.60  -0.89  -1.78  -1.96  -1.40  -2.08  -1.73  -0.62   
1954 -0.64  -1.39  -1.25  -1.19  -0.90  -1.73  -2.41  -3.30  -3.93  -3.32  -3.48  -3.38   
1955 -2.87  -3.18  -3.59  -3.33  -3.23  -2.83  -2.82   1.89   3.80  -0.08  -0.09  -0.78   
1956 -1.17  -0.70  -1.07  -1.10  -0.60  -0.48  -0.95  -1.01   0.12   0.81  -0.43  -1.19   
1957 -1.47  -1.63  -1.18  -1.92  -1.86  -0.88  -1.64  -2.00   0.77   0.50   1.65   1.88   
1958 2.15   2.07   2.36   2.55   2.51   3.42   2.39   2.13   1.86   2.56   1.66   1.76   
1959 1.06   1.40   2.15   2.44   1.65   0.89   2.00   1.32   1.00   2.12   2.03   2.07   
1960 2.32   2.63   2.79   2.28   2.06   1.65   2.73  -0.49   0.44  -0.01  -0.29  -0.52   
1961 -0.75  -0.73  -0.80   1.33   1.49   3.04   2.60   2.66  -0.47  -0.84  -1.15  -1.67   
1962 0.56   0.18   0.48   0.74  -0.67   1.34   1.45   1.29   1.74   1.04   2.05   1.65   
1963 2.15   2.08  -0.80  -1.33  -0.70  -1.00  -0.93  -1.40  -1.20  -1.24   0.86   0.57   
1964 1.42   2.27   1.88   1.64   1.25   1.17   1.29   1.30   1.38   3.26   2.40   2.37   
1965 1.43   1.86   2.48   2.05   1.65   2.78   3.28  -0.07  -0.58  -0.63  -0.99  -1.88   
1966 1.02   1.22   1.04   0.61   1.49   1.55   1.43   1.93  -0.02  -0.37  -0.83   0.21   
1967 0.36   0.70  -1.09  -1.41  -1.37   0.21   0.85   1.35   1.36   0.90   0.80   1.09   
1968 1.35  -0.73  -1.04  -1.00  -1.32  -1.63  -1.11  -2.15  -2.98   0.27   0.46  -0.16   
1969 -0.40  -0.53   0.36   0.63   1.25   2.41   2.49   2.85   2.30   1.84   2.13   2.14   
1970 1.73   1.59   1.92  -0.31  -0.89  -1.36  -1.32   0.35  -0.43  -0.21  -0.24  -0.46   
1971 0.60   0.75   1.65   1.88   1.86   1.60   1.61   2.46   2.10   3.50   2.83   1.80   
1972 2.07   2.39   1.91   1.29   1.86   1.83   1.99   1.69   1.43   1.43   2.47   2.49   
1973 2.46   2.99   2.70   3.63   3.20   3.62  -0.10  -0.12  -0.65  -1.19  -2.06   0.73   
1974 0.43   0.62   0.26   0.17   1.25   1.50   1.54   2.95   2.75   2.29   2.03   2.33   
1975 2.53   2.58   2.49   2.57   2.65   2.19   2.64   1.53   2.43   2.17   1.79   2.27   
1976 2.21  -0.96  -1.40  -2.25   0.45   1.40   1.00   1.20   0.97   1.42   1.69   2.23   
1977 0.04  -0.56   0.60  -0.66  -0.27  -0.30  -1.19   0.06  -0.14   0.70   1.24   1.68   
1978 2.52   1.56   1.39   2.00   1.97   1.83   1.76  -0.20  -0.94  -1.50   0.10   0.08   
1979 0.76   1.15   1.24   1.00   1.70   1.95  -0.40  -1.10   1.88   1.31   1.57   1.02   
1980 1.18   0.62   1.88  -0.42  -0.16  -0.31  -0.68  -1.75  -1.72  -1.42  -1.53  -1.08   
1981 -1.66  -1.80  -2.00  -2.72   0.51   0.14   0.20   1.89  -0.65  -0.76  -1.41   0.60   
1982 1.43   1.97  -0.71  -0.20  -0.75   0.69  -0.04  -0.66  -0.72   0.40   0.15   0.68   
1983 0.81   2.02   3.35   3.50  -0.58  -0.46  -1.27  -2.43  -2.61  -2.88  -0.05   0.96   
1984 0.72   1.11   1.53   1.68   1.85   1.05   1.61   1.04   2.80  -0.52  -1.02  -1.88   
1985 -1.65  -0.99  -1.74  -2.40  -2.59  -2.61   0.56   0.56  -0.55   0.33   1.17  -0.54   
1986 -1.04  -1.57  -1.68  -2.47  -2.49  -2.67  -2.93  -1.94  -2.59  -0.03   0.12   0.59   
1987 1.88   2.02   1.87   1.97  -0.84  -1.00  -1.89  -1.70  -1.30  -1.55  -1.36  -1.43   
1988 -0.79  -1.24  -1.51   0.12   0.76   0.51   0.55   0.64   0.63   0.60  -0.06  -0.90   
1989 -1.26  -1.31   0.61   1.53   1.69   1.73   1.73   1.62   2.09   2.44   2.12   2.66   
1990 -0.57  -1.05  -1.08  -1.20   0.78  -1.19  -2.12  -1.57  -2.54  -1.56  -1.65  -1.86   
1991 -0.70  -1.39  -0.94  -1.19  -1.77  -2.05   0.83   1.43  -0.08  -0.18  -0.23  -0.58   
1992 -0.30  -0.74  -0.83  -0.82   0.42   1.00  -1.12   1.75   1.04   1.13   2.15   2.00   
1993 2.67   2.07   2.38   3.00  -0.80  -1.61  -2.29  -2.81   0.00   0.80   0.51   0.37   
1994 1.02   0.53   0.96  -0.82  -1.17   0.16  -0.23   0.06   0.22   1.20   0.97   1.08   
1995 1.64   1.98  -0.15  -1.13  -1.25   2.40  -0.38  -0.89  -1.09   1.04   1.27  -0.41   
1996 -0.40  -0.93   0.49   0.51   0.30   0.15   0.96   0.80   3.14   4.06   3.73  -0.12   
1997 -0.03  -0.09  -0.49  -0.14  -0.61  -0.73  -0.85  -1.87   0.28   0.20   0.99   1.41   
1998 2.42   3.67   3.68   4.04   3.96  -0.44  -1.29  -0.35  -0.47  -0.88  -1.28   0.08   
1999 1.08  -0.54  -0.68  -0.51  -0.13  -0.23  -0.92  -1.12   3.93   4.83  -0.37  -0.82   
2000 0.94  -0.75  -0.85  -0.47  -1.21   0.02   0.22   0.56   1.76  -0.68  -0.27  -0.54   
2001 -1.32  -1.53   0.84  -0.75  -0.96  -0.30  -0.49  -0.43  -0.71  -1.16  -1.83  -2.82   
2002 -2.29  -2.62  -2.34  -2.89  -3.20  -3.42  -3.74  -3.39  -3.53  -3.32  -2.81  -2.45   
2003 -2.72   0.32   0.90   1.81   2.77   2.80   3.52   3.06   2.95   4.05   3.21   3.44   
2004 2.52   2.98  -0.99  -0.86  -0.55  -0.67  -1.21   1.58   1.94  -0.27  -0.08  -0.46   
2005 -0.98  -1.22  -1.26   0.05   0.64   0.99  -0.52  -0.91  -0.92   1.56   1.75   1.99   
2006 -0.34  -0.64  -1.48   0.20   0.21   1.36  -0.44  -0.62   0.99   1.57   3.25   3.28   
2007 -0.01  -0.37  -1.04  -0.79  -1.23  -1.54  -2.22  -3.38  -4.00  -3.74  -4.45  -4.45   
2008 -4.40  -3.83  -3.63  -2.69  -2.28  -2.85  -2.75   0.18   0.82   0.79   1.44  -0.14   
2009 -0.54  -1.15  -0.95  -1.14   0.75  -0.37  -0.73  -0.65  -0.70  -0.78   0.98   2.31   
2010 2.32   2.26  -0.13  -1.02  -1.33  -1.66  -2.34  -2.98  -0.98  -0.97  -1.31  -1.28   
2011 -1.65  -1.51  -1.49  -1.60  -2.05  -2.97  -3.78  -2.70  -2.63  -2.50  -2.17  -2.91   
2012 -3.21  -3.39  -3.37  -3.37  -2.27  -2.49  -2.75  -1.85  -1.93  -1.48  -1.30  -0.92   
2013 -1.44  -0.93 -99.99 -99.99 -99.99 -99.99 -99.99 -99.99 -99.99 -99.99 -99.99 -99.99   
