1895 0.51   0.79   0.76   1.31   1.70   2.75   3.72   3.92   3.33   2.74   3.06   2.91   
1896 3.07   3.01   3.41   5.33   7.12   7.01   6.34   5.50   4.97   4.32   5.31   4.92   
1897 4.85   5.43   5.77   5.36   4.22   4.22   5.33  -0.17  -1.25  -1.31  -1.27  -1.38   
1898 -1.68  -1.60  -1.54  -1.38  -1.35   0.10   0.10  -0.05  -0.27   1.23   1.12   1.02   
1899 0.81   0.75   1.03   1.41   2.56   2.77   3.23   3.82   3.09   3.18   2.68   2.37   
1900 2.01   2.07   2.21  -0.86  -1.67  -2.79  -3.30   1.66   4.12   4.37   4.06   3.91   
1901 3.65   3.53   3.77   3.34   1.96   3.23   4.61   4.43   3.71   3.55   2.91   3.19   
1902 2.64   3.12   4.88   4.60   5.59   5.92   5.94   5.73   5.10   4.85   4.24   3.62   
1903 3.49   3.23   2.90   2.61   3.24   2.18   1.92   3.97   5.06   4.77   4.44   4.71   
1904 4.50   4.81   5.70   5.87   5.18   6.29   6.21   5.95   5.80   5.05   4.22   4.17   
1905 3.71   3.34   3.26   2.61   3.00   3.29   4.04   4.27   4.22   3.47   3.74   3.31   
1906 3.34   2.95   2.68   2.40   4.30   5.24   4.93   4.16   2.84   1.98   2.62   3.29   
1907 3.83   3.63   3.79   3.58   3.26   3.12   3.70   3.76   3.49   2.89   2.33   2.01   
1908 1.61   2.14   2.46   2.52   3.29   3.21   3.10   3.50   2.89   3.26   3.27   2.88   
1909 2.70   2.45   2.19   2.12   3.59   3.75   4.40   4.42   3.42   2.84   2.54   3.04   
1910 2.68   2.79  -0.05  -0.18  -0.45  -1.14  -1.67  -1.89  -1.82  -2.07  -1.92  -1.79   
1911 0.22   0.50  -0.36  -0.47   0.77   0.74   0.38   1.22   1.49   1.53   1.52  -0.27   
1912 -0.37  -0.47  -0.63   0.50   2.24   2.00   3.17   4.05   4.94   5.10   4.62   4.57   
1913 4.42   4.03   4.19   3.31   3.07   2.59   2.42   2.82   2.80   3.32   2.92   2.33   
1914 2.20   1.98   2.16   2.18   2.10   3.61   3.70   3.95  -0.61  -0.70  -0.72  -0.61   
1915 -0.75  -0.66  -1.05  -1.79   0.64   1.53   2.16   1.63   1.95   1.65   1.86   1.90   
1916 2.61   2.68   3.35   3.64   3.65   4.13   4.81   5.15   4.80   4.48   3.99   4.75   
1917 4.73   4.89   4.47   4.73  -0.85  -1.10  -1.56  -2.29  -2.73  -2.20  -2.49  -2.00   
1918 -1.93  -1.95  -2.14   0.41   0.67  -0.79   0.24   1.21  -0.72  -1.00   0.17   0.48   
1919 0.16   0.22   0.30   0.37   0.99  -1.17  -1.90  -2.11  -2.44   0.46   0.77   0.92   
1920 1.34   1.24   1.26  -0.12  -0.36  -0.52  -0.55  -0.84  -0.30  -0.80  -1.08  -1.24   
1921 -1.49  -1.46   0.02   0.37   0.64   0.91   1.11   0.98   1.78   1.23   1.30   1.23   
1922 1.07   1.75   1.76   1.31   1.94   2.28   2.50   2.07   2.58   2.05   2.84   3.06   
1923 2.97   3.18   2.98   3.23   3.03   3.15   3.65   3.42   3.61   3.29   2.87   2.58   
1924 2.13   1.90   1.47   2.58   2.23   2.70   2.88   2.38   2.85   3.46   3.02   2.71   
1925 2.30   2.05   2.08   1.86   1.47   2.68   2.24   1.63   2.44   2.64  -0.13  -0.15   
1926 -0.16   0.15  -0.11  -0.66  -0.81  -0.91  -1.25   0.27   0.71   0.89   0.93   1.05   
1927 0.92   0.85   0.86   0.90   3.62   3.53   4.21   5.52   4.91   4.87   4.88   4.94   
1928 4.47   3.92   3.73   3.72   2.78   3.98   5.94   6.77   6.20   5.45   5.06   4.79   
1929 4.73   4.43   4.33   4.19   4.84  -0.45  -0.90  -1.68  -1.69   0.24   0.16   0.82   
1930 0.57   1.39  -0.37  -0.74  -0.11  -0.14  -0.95  -1.30  -1.64  -0.83  -0.64  -0.80   
1931 -1.08  -1.32  -1.37  -2.18  -3.05  -4.17  -4.29  -4.27  -3.45  -3.51  -3.67  -3.91   
1932 -3.58  -3.53  -3.67  -3.64  -4.08  -4.08  -4.08  -4.55  -4.92   1.64   1.44   1.12   
1933 1.21   0.95   0.67   0.88   1.58  -1.08  -1.51  -2.50  -2.97  -2.93  -2.78  -1.97   
1934 -2.17  -2.37  -2.70  -3.37  -4.97  -5.32  -6.30  -6.49  -6.13  -6.26  -6.03  -5.80   
1935 -5.49  -5.39  -5.07  -4.80   0.74   0.27   2.09   2.49   1.59   0.85   1.00   0.93   
1936 0.77   1.13   0.00  -0.33  -1.36  -1.89  -3.72  -4.45  -4.40  -4.48  -4.50  -4.29   
1937 -3.91  -3.68  -4.04  -3.43  -3.49  -1.92  -1.31  -1.80  -1.48  -1.28  -1.25  -1.15   
1938 -1.30  -0.92  -0.98  -1.01  -0.75  -1.38  -0.88  -1.32  -2.44  -2.85  -2.31  -2.22   
1939 -2.19  -1.87  -1.89  -1.99  -2.79  -2.17  -3.03  -2.99  -3.56  -3.55  -3.77  -3.83   
1940 -3.99  -3.35  -3.43   0.19   0.41   0.04   0.60   0.74  -0.69  -0.90  -0.85  -0.87   
1941 -0.72  -0.92  -0.94   0.32   1.32   1.60   1.18   1.31   3.97   4.22   4.25   4.03   
1942 3.71   3.50   4.80   4.44   4.53   3.71   4.03   3.91   3.13   2.29   1.74   1.66   
1943 1.63   1.37   1.76   1.77   2.07   2.56   3.30   3.48  -0.55  -1.09  -1.28  -1.59   
1944 -1.70  -1.68  -1.45  -1.77  -1.66   2.75   2.28   3.37   3.05   2.07   3.03   2.54   
1945 2.27   1.92   3.06   3.01   3.05   2.94   3.23   3.21   2.97   2.48   2.44   2.44   
1946 2.13   2.20   2.36  -0.79  -1.20  -1.42  -1.49  -1.64  -1.86   1.00   0.72   0.55   
1947 0.57   0.74   0.38   0.38   0.10   1.51   1.10   1.87   1.72   1.29   1.34   1.35   
1948 1.13   1.58   1.25   2.39   2.07   1.82   3.14   3.30   1.96   1.87   2.52   3.18   
1949 3.86   3.70   3.73   2.97   3.09   3.22   3.10   1.95   1.10   1.79   1.58   1.64   
1950 2.01   1.79   1.54   1.76   2.90   3.49   4.03   3.97   3.81   3.18   2.97   3.02   
1951 2.94   3.15   2.95   2.79   1.90   1.97   1.22   2.77   3.12   2.96  -0.14  -0.15   
1952 0.26  -0.21  -0.42  -1.67  -2.61  -1.98  -2.03  -1.31  -1.99  -2.35  -2.46  -2.68   
1953 -2.55  -2.56   0.17   1.13   2.53   3.15   2.89  -0.56  -0.87  -1.30  -1.39   0.22   
1954 0.55   0.24   0.06   0.49   0.93   4.76   4.13   4.37   5.44   5.00   4.35   3.65   
1955 3.47   3.20   3.43   3.01   2.87   2.60   2.40   1.95   2.02   1.54   1.75   1.56   
1956 1.53   1.27   1.54  -0.26  -0.16  -0.31  -0.25  -0.16  -0.63  -1.14   0.52   0.56   
1957 -0.30  -0.50  -0.94  -1.09  -1.44  -1.24  -1.85  -0.90  -1.20  -0.72  -0.85  -1.11   
1958 -1.27  -0.96  -1.42  -2.12  -3.28  -3.59  -2.78  -3.60  -3.88  -3.93  -2.86  -2.89   
1959 -2.98  -2.79  -3.11  -3.58  -3.15  -3.29  -4.23  -3.95   0.66   2.08   2.32   1.91   
1960 2.00   1.59   1.32   1.11   2.14  -0.70  -1.31   0.83  -0.98  -1.53  -1.68  -1.53   
1961 -1.81  -1.22  -1.68  -1.45  -1.63  -3.31  -3.90  -5.23  -3.38  -3.51  -3.67  -3.50   
1962 -3.32  -3.16  -2.87  -3.27   1.43   0.79   1.05   1.47  -0.69  -0.67  -0.75  -0.76   
1963 -1.20  -1.29  -1.72   0.70   1.19   1.76   1.96  -0.38  -0.99  -1.64  -1.99  -1.79   
1964 -2.01  -1.96  -1.83  -0.03   0.09   1.21   0.91   1.64   1.72  -0.54  -0.47  -0.31   
1965 -0.51  -0.87  -1.32  -1.36   1.15   0.56   2.28   2.27   3.74   3.02   2.79   2.57   
1966 2.24   1.86   1.81   1.98   1.87   1.63   1.71   2.06  -0.72  -0.84  -0.99  -1.08   
1967 0.29  -0.05  -0.23   1.38  -0.32  -0.94  -1.89  -2.64  -2.95  -2.03  -2.11  -1.54   
1968 -1.40  -1.57  -1.77  -1.75  -1.35  -1.84   0.29   3.10   3.60   3.25   3.10   2.84   
1969 3.57   4.26   4.00   3.32   2.71   3.18   3.87   3.06   1.97   2.44   1.83   1.68   
1970 1.52   1.31   1.17   2.47   3.05   2.34   3.52   2.72   2.80   2.36   2.04   1.79   
1971 1.80   1.30   1.91   1.87   1.42   2.12   2.16   1.34   2.08   3.99   3.52   3.10   
1972 2.95   3.22   3.29   2.95   2.79   2.44   2.31   2.54   2.90   2.73  -0.32  -0.15   
1973 -0.56  -0.77  -1.32  -1.44  -1.71   0.40  -0.09  -0.46   1.35   1.28   1.44   1.49   
1974 1.50   1.55   1.32   2.15   3.84   2.48   2.16   2.42   1.58   1.08   0.70   0.86   
1975 0.79   0.57   0.95   3.23   3.15   3.20   3.14   3.20   3.91   4.04   4.04   4.14   
1976 4.02   4.34   4.55   4.80  -0.82  -0.63  -1.53  -2.02  -2.83  -2.91  -3.18  -3.07   
1977 -3.03  -3.06  -3.47  -4.64  -4.75  -5.06  -4.98  -4.83  -3.35  -3.19  -2.75  -1.66   
1978 -1.73  -1.81  -2.10  -2.37  -1.70  -2.28  -1.99  -2.16  -2.34  -2.67  -2.32  -1.99   
1979 -2.18   0.39   0.58   1.41   1.43  -0.61  -0.55  -0.96  -1.10  -1.40  -1.63  -1.63   
1980 -1.23  -0.91  -1.19  -2.22  -3.67  -3.98  -4.14   2.53   4.04   4.67   4.71   4.50   
1981 4.54   4.36   3.85   3.33   3.02   3.34   2.68   2.24   2.44   2.45   2.06   1.67   
1982 1.83   1.51   1.57   1.11   1.90   2.43   2.69   3.00   2.95   4.73   4.29   4.79   
1983 4.59   4.38   5.05   4.48   4.34   3.98   3.87   2.72   3.17   2.98   2.77   2.33   
1984 2.07   1.68   1.60   2.88  -0.66  -0.77  -1.53  -2.65  -2.48   1.50   1.93   1.86   
1985 1.72   1.74   2.12   1.70   1.97   2.38   1.26   2.25   1.99   2.49   3.05   2.66   
1986 2.37   2.20   1.55   2.86   2.28   1.33   3.01   2.28   2.50   1.91   2.28   1.74   
1987 1.42   1.74   2.10  -1.17  -1.58  -2.41   1.73   2.17  -0.69  -1.15  -1.53  -1.79   
1988 -1.85  -2.13  -1.89  -2.73  -3.54  -5.17  -6.04  -6.48  -5.88  -5.81  -4.98  -4.25   
1989 -2.97  -2.89  -2.56  -2.61  -2.65  -2.41  -3.24  -3.87  -3.58  -3.85  -3.58  -3.72   
1990 -3.89  -3.89  -3.34  -3.37  -3.20  -2.21  -1.68  -2.00  -2.49  -2.78  -3.00  -2.85   
1991 -3.07  -2.98  -3.34  -2.92  -2.89  -2.72   0.01   0.43   0.73   1.48   0.02  -0.01   
1992 -0.26  -0.39  -0.48  -0.62  -1.20  -2.29  -1.87  -2.30  -2.62  -2.96  -2.46  -2.04   
1993 -1.96  -2.13  -2.16  -2.36  -0.02   1.01   4.10   4.86   4.26   3.59   3.31   3.10   
1994 3.23   3.08   2.63   2.02   2.46   3.04   2.60   2.26   2.01   5.05   5.74   5.61   
1995 5.60   5.33   6.07   5.62   5.57   4.86   4.77   4.04   3.38   3.34   3.79   3.52   
1996 3.55   3.38   3.49   3.33   3.37   3.25   4.27   3.43   3.34   3.24   3.76   3.87   
1997 3.69   3.22   2.98   3.54   2.67   1.94   3.69   3.06   2.05   2.39   1.82   1.28   
1998 1.16   2.83   2.37   1.64   1.38   1.95   1.84   2.27   1.60   3.02   3.83   3.44   
1999 3.60   3.62   3.63   3.48   6.64   6.07   6.84   6.88   6.67   5.58   4.49   3.94   
2000 3.32   3.54   3.09   2.62   3.07   3.53   4.12   4.65   4.34   4.15   5.45   5.24   
2001 4.64   4.32   3.83   3.57   3.27   3.25   4.81  -0.57  -1.24  -1.16  -1.62  -1.50   
2002 -1.66  -1.91  -2.06  -1.93  -1.76  -0.70  -1.66   1.11  -0.35  -0.17  -0.52   0.53   
2003 -0.07  -0.23  -0.42  -0.81  -0.16  -0.52  -1.05  -1.74  -1.22  -1.58  -1.46  -1.38   
2004 0.37   0.25   0.60   0.12   2.42   3.19   3.49   3.90   4.21   4.17   3.58   3.48   
2005 3.65   3.12   3.09   2.17   2.77   5.48   6.22   6.29   5.36   5.52   5.97   5.78   
2006 5.28   5.29   5.70  -0.24  -0.69  -1.41  -2.36  -2.45  -2.59  -2.43  -2.61  -2.15   
2007 -2.37  -2.33  -1.68  -2.25   1.77   1.92  -0.27  -0.73  -1.35  -1.79  -1.94  -1.97   
2008 -2.33  -2.12  -2.54  -2.72  -2.84  -2.02  -2.55   1.00   1.14   1.77   3.52   4.18   
2009 4.23   4.66   5.18   5.04   5.26   4.49   4.07   3.45   3.15   4.24   3.33   3.68   
2010 3.77   3.84   3.55   3.83   4.70   5.60   5.66   6.40   7.29   7.11   8.44   9.18   
2011 9.20   8.47   8.32   7.90   8.72   8.70   8.98  -0.21   0.15   0.31  -0.17  -0.22   
2012 -0.14  -0.24  -0.46  -0.06  -0.38  -0.74  -2.21  -2.65  -3.38  -2.38  -1.60  -1.47   
2013 -1.54  -1.39 -99.99 -99.99 -99.99 -99.99 -99.99 -99.99 -99.99 -99.99 -99.99 -99.99   
