1895 0.66   1.01   1.04   1.74   2.18   3.37   4.27   4.52   3.69   2.94   3.38   3.09   
1896 3.33   3.21   3.53   5.09   6.82   6.76   6.32   5.66   5.46   4.74   6.01   5.52   
1897 5.45   6.04   6.43   5.98   4.74   4.81   5.95   5.53  -0.75  -0.89  -0.98  -1.13   
1898 -1.42  -1.22  -0.92  -0.77  -0.82  -0.75  -0.57  -0.70  -0.63   1.04  -0.04  -0.25   
1899 -0.40  -0.70   0.27   0.56   1.73   2.02   2.32   2.82  -0.32  -0.09  -0.33  -0.36   
1900 -0.62  -0.51  -0.20  -0.83  -2.01  -3.39  -3.75   1.26   3.24   3.49  -0.07  -0.12   
1901 -0.24  -0.27  -0.04  -0.37  -1.98   1.54   3.01   3.02   3.36   3.48   2.82   2.90   
1902 2.27   2.85   4.48   4.25   4.93   5.34   5.33   5.43   4.54   4.35   3.68   3.37   
1903 3.39   3.10   2.78   2.41   2.79   1.66   1.32   3.01   3.63   3.04   2.58   2.62   
1904 2.38   2.48   3.19   3.32   2.86   4.02   4.02   4.01   3.59   2.94   2.17   2.18   
1905 1.82   1.55   1.43   0.84   1.20   1.90   3.09   3.31   2.92   2.31   2.87   2.33   
1906 2.38   1.97   1.64   1.33   3.25   4.26   3.97   4.04   3.11   2.39   3.22   3.71   
1907 4.64   4.36   4.49   4.33   4.08   4.12   5.09   5.10   4.81   4.13   3.45   2.95   
1908 2.50   3.10   3.50   3.30   3.43   3.57   3.30   3.70   3.30   3.80   3.95   3.47   
1909 3.17   2.82   2.50   2.33   4.19   4.44   5.12   5.33   4.65   4.06   3.55   3.91   
1910 3.58   3.62  -0.23  -0.45  -0.87  -1.76  -2.27  -2.39  -1.73  -2.16  -2.03  -1.99   
1911 0.40   0.65  -0.42  -0.55   0.56  -0.27  -0.80   0.77   1.51   1.53   1.51  -0.21   
1912 -0.29  -0.68  -0.89   0.49   2.14   1.54   2.69   3.60   4.36   4.24   3.60   3.34   
1913 3.25  -0.26   0.35  -0.72  -0.88  -1.22  -1.41   0.35   0.26   0.86  -0.26  -0.67   
1914 -0.61  -0.61   0.13   0.19   0.14   1.80   1.75   1.94  -0.36  -0.42  -0.49  -0.49   
1915 -0.63  -0.40  -0.79  -1.58   0.54   1.75   2.80   2.59   2.98   2.74   2.96   2.81   
1916 3.61   3.53   4.12   4.14   4.00   4.68   5.45   6.04   5.87   5.29   4.72   5.09   
1917 5.06   5.09   4.63   4.91  -0.79  -1.06  -1.50  -2.00  -2.05  -1.77  -2.11  -1.49   
1918 -1.27  -1.42  -1.81  -1.01  -0.77  -1.75   0.30   1.11  -0.53  -1.07   0.32   0.64   
1919 0.24   0.49   0.53   0.46   1.27  -1.14  -1.89  -2.25  -2.63   0.55   1.06   1.03   
1920 1.58   1.37   1.43   1.44   1.13   1.13   1.05   0.85   1.17  -0.60  -0.79  -0.94   
1921 -1.15  -1.11   0.16   0.55   0.76   0.70   1.07   1.07   2.02   1.62   1.67   1.41   
1922 1.35   2.08   1.99   1.61   2.40   2.64   3.07   2.77   2.97   2.34   3.65   3.69   
1923 3.54   3.62   3.31   3.49   3.26   3.58   4.31   4.51   4.58   4.18   3.66   3.23   
1924 2.70   2.47   2.12   3.03   2.45   3.05   3.00   2.51   2.55   3.32   2.78   2.50   
1925 2.10   1.83   1.82   1.58   1.16   2.52   1.84   1.29   1.97   2.03  -0.20  -0.37   
1926 -0.38  -0.30  -0.64  -1.36  -1.53  -1.81  -2.23   0.12   0.62   0.79   0.76   0.79   
1927 0.64   0.51   0.40   0.50   3.52   3.44   4.34   5.74   5.17   5.07   4.93   5.00   
1928 4.46   3.83   3.61   3.41   2.49   3.71   5.78   6.46   5.77   4.92   4.60   4.20   
1929 4.10   3.72   3.70   3.57   4.50   3.58   2.80   1.84   1.52   2.00   1.90   2.36   
1930 1.97   2.73  -0.28  -0.58  -0.07  -0.22  -1.32  -1.27  -1.59   0.90   1.06  -0.28   
1931 -0.61  -0.81  -0.26  -1.18  -2.04  -3.19  -2.80  -2.87  -1.98  -2.10  -2.24  -2.39   
1932 -2.27  -2.13  -2.07  -2.23  -2.46  -2.87  -3.22  -3.25  -3.82   1.63   1.45   1.04   
1933 1.51   1.37   1.12   0.81   1.64  -1.48  -1.62  -2.26  -2.90  -2.75  -2.37  -1.56   
1934 -1.68  -1.98  -2.03  -2.60  -4.27  -4.32  -5.15  -5.60  -5.42  -5.80  -5.71  -5.37   
1935 -5.19  -5.03   0.04   0.23   1.21   1.06   2.78   2.63  -0.75  -1.27   0.30   0.23   
1936 0.42   0.65   0.79  -0.35  -1.62  -3.33  -5.27  -5.69  -5.61  -5.58  -5.21  -4.91   
1937 -4.61  -4.43  -4.66  -4.51  -4.76  -3.66  -3.93  -4.68  -4.54  -4.08  -3.99  -3.52   
1938 -3.21  -2.83  -2.80  -3.12  -3.00  -2.71  -1.17  -1.28  -2.19  -2.69  -1.86  -1.93   
1939 -1.91  -1.61  -1.78  -1.98  -2.52  -2.12  -2.60  -2.15  -2.91  -2.90  -3.28  -3.11   
1940 -3.36  -3.05  -3.06  -1.96  -1.50  -2.20  -1.13  -1.72  -2.16  -2.23  -1.98  -2.07   
1941 -2.00  -2.11  -2.06   0.32   0.74   1.75   1.17   1.31   3.04   3.37   3.05   2.58   
1942 2.02   1.86   2.35   2.72   3.20   3.50   3.90   4.70   4.90   4.21   3.55   3.35   
1943 3.61   3.36   3.90   3.99   4.12   5.32   5.60   6.29   5.24   4.65   4.24   3.62   
1944 3.29   2.96   2.68   2.18   1.97   4.74   4.10   4.76   4.88   3.70   5.44   4.71   
1945 4.46   4.03   4.57   4.50   4.22   3.85   4.11   4.06   3.93  -0.39   0.23   0.47   
1946 0.23   0.53  -0.02  -1.00  -1.22  -1.26  -1.58  -1.57   0.26   1.93   1.53   1.78   
1947 1.63   1.51   1.32   1.50   1.13   3.20   3.27   4.01   3.57   3.30   3.26   2.93   
1948 2.62   3.14   2.87   3.52   3.09   2.84   3.59   3.66   2.20   2.06   2.24   2.33   
1949 3.19   3.07   2.99  -0.49  -0.48  -0.86  -0.70  -1.41  -1.97   0.69   0.10   0.03   
1950 0.57   0.43   1.17   1.74   2.29   2.26   1.97   2.00   2.31   1.79   1.88   1.95   
1951 2.06   2.74   2.45   2.28   1.60   1.81   1.38   3.20   3.37   3.05   2.57   2.64   
1952 2.53   2.59  -0.05  -1.19  -2.18  -1.66  -1.46  -0.88  -1.47  -1.90  -2.05  -2.23   
1953 -2.15  -2.10   0.60   1.42   2.93   3.64   3.28   3.36   2.87   2.70   2.20   2.25   
1954 2.40   2.05   2.25   2.00   1.98   2.90   2.35   2.76   3.76  -0.09  -0.54  -0.86   
1955 -0.78  -0.76  -1.08  -0.90  -0.66  -0.68  -0.74  -1.13  -0.89  -1.16  -0.61  -0.75   
1956 -0.69  -0.95  -0.64  -1.16   0.67   0.25   1.63   1.79  -0.50  -1.03   0.47   0.43   
1957 -0.09  -0.42  -0.65  -0.53  -0.74   0.29   0.97  -0.13  -0.37  -0.07  -0.18  -0.38   
1958 -0.64   0.62  -0.45  -1.10  -2.56  -2.14  -1.14  -2.22  -2.92  -2.88  -1.87  -1.92   
1959 -1.90  -1.72  -2.04  -2.44  -2.54  -2.60  -3.76  -4.61  -3.01  -2.25  -1.38  -1.27   
1960 -1.05  -1.18  -1.24  -1.58  -0.83  -0.92  -1.90  -0.68  -1.70  -2.22  -2.15  -2.13   
1961 -2.46  -1.88  -2.35  -1.72  -2.21  -3.89  -4.21  -5.52  -3.72  -3.74  -3.89  -3.72   
1962 -3.50  -3.28  -2.95  -3.47   1.88   1.90   2.92   3.47  -0.50  -0.59  -0.94  -1.10   
1963 -1.36  -1.25  -1.46   1.07   1.46   1.71   2.02   2.44  -0.69  -1.58  -1.92  -1.88   
1964 -1.98  -2.11  -2.36  -1.94  -2.07   1.41   0.91   1.40  -0.10  -0.63   0.19   0.51   
1965 0.49  -0.31  -0.55  -0.68   1.78   1.85   2.63   2.78   3.96  -0.44  -0.46  -0.53   
1966 -0.65  -0.76   0.21   0.38   0.08   0.75   0.48   1.27  -0.74  -0.98  -1.13  -1.18   
1967 0.55   0.82   0.51   1.98  -0.08  -0.53  -1.17  -1.68  -1.28  -0.91  -1.16  -0.79   
1968 -0.73  -1.02  -1.19  -1.39  -1.12  -0.97  -1.63   1.59   1.56   1.04   0.83   0.98   
1969 1.29   1.86  -0.34  -1.07  -1.72   0.66   2.01  -0.31  -0.95  -0.76  -1.16   0.33   
1970 0.33   0.10   0.00   1.77   3.05   2.39   3.79   2.94   3.24   2.87   2.89   2.49   
1971 2.60   2.21   2.23   2.17   1.56   1.91  -0.52  -1.79   1.02   3.16   2.95   2.66   
1972 2.55   2.73   3.07   2.80   3.67   3.50   3.69   3.76   3.64   3.82   3.22   3.47   
1973 -0.24  -0.26  -0.52  -0.41  -0.61  -0.84  -1.31  -1.92   0.93   0.72   0.67   0.81   
1974 -0.32  -0.37  -0.59   0.64   2.12  -1.16  -1.73  -1.38  -1.77  -2.02  -1.71  -1.61   
1975 -1.62  -1.58   0.58   2.71   2.83   3.76   3.69   3.76   4.08   3.93   3.61   3.41   
1976 3.39   3.06   2.90   3.38  -0.46  -0.05  -0.78  -1.39  -1.76  -1.88  -1.97  -1.83   
1977 -1.58  -1.62  -1.75  -3.01  -3.23  -3.83  -3.98  -0.01   2.38   2.35   2.54   3.25   
1978 2.79   2.52   2.10   2.03   2.54   2.54   2.84   2.04   2.74   2.02   2.35   2.28   
1979 1.78   2.31   2.16   2.54  -0.06  -0.74  -0.12  -0.15  -0.68  -1.14  -1.44  -1.54   
1980 -1.23  -1.10  -1.44  -2.48  -4.05  -4.32  -5.12   1.37   1.33   2.47  -0.12  -0.08   
1981 -0.28  -0.10  -0.79  -1.56  -2.24  -2.11  -1.98  -1.64  -1.49  -1.60  -1.57  -1.47   
1982 0.52   0.43   0.77   0.28   0.66   1.29   1.49   1.89   1.66   5.09   4.81   4.85   
1983 4.68   4.30   4.83   4.29   3.89   3.54   3.53   3.10   2.71   2.14   1.97   1.82   
1984 1.78   1.37   1.55   2.74  -0.83  -0.54  -1.45  -1.80  -1.79  -1.09  -1.12  -1.08   
1985 -1.28  -1.51  -1.11  -1.37  -0.75  -1.13  -1.97   0.48   0.58   1.18   1.37   1.22   
1986 1.14   1.19  -0.67   1.12   1.67   0.86   1.88   1.52   2.69   2.28   2.92   2.31   
1987 1.87   1.91   2.79  -1.13  -0.91  -2.21   1.46   1.87  -0.61  -1.10  -1.56  -1.87   
1988 -1.71  -1.87  -1.65  -2.71  -3.42  -5.20  -6.23  -7.21  -6.94  -6.85  -6.28  -5.37   
1989 -4.69  -4.50  -4.20  -3.36  -3.23  -3.87  -4.46  -4.52  -4.78  -4.53  -4.21  -4.10   
1990 -4.22  -4.29  -4.43  -4.53  -4.20  -3.26  -3.00  -3.94  -4.24  -4.07  -4.16  -3.82   
1991 -3.86  -3.75  -4.02  -3.71  -3.74  -3.62  -4.29  -4.27  -3.05  -2.22  -2.08  -2.24   
1992 -2.20  -2.30  -2.28  -2.24  -3.02  -3.51  -3.45  -3.21  -3.37  -3.65  -2.95  -2.69   
1993 -2.56  -2.61  -2.75  -2.71  -0.04   0.48   4.04   4.36   3.52   2.98   3.41   3.27   
1994 3.46   3.41   2.94   2.49   2.33   2.87   2.42   1.39   1.28   4.31   4.40   4.13   
1995 3.95   3.56   4.12   4.00   4.66   3.48   4.88   5.13   4.43   3.99   3.73   3.41   
1996 3.45   3.12   3.44   3.10   3.15   2.77   2.81   2.27   2.53   2.28   2.71   2.70   
1997 2.66   2.26   2.23   2.66  -0.59  -1.33   1.33  -0.46  -1.19  -1.19  -1.28  -1.60   
1998 -1.92   1.93  -0.32  -1.13  -1.63  -1.08  -1.36  -1.27  -1.87   1.92   2.65   2.53   
1999 3.08   3.03   2.66   2.36   4.37   4.08   3.87   4.99   5.10   4.28   3.23   2.75   
2000 2.31   2.51   1.91   1.95   2.24   2.73   2.77   3.14   2.67   3.08   4.80   4.45   
2001 4.04   3.75   3.13   3.30   2.62   3.46   4.32  -0.65  -0.91  -1.20  -1.75  -1.68   
2002 -1.68  -1.80  -1.66   0.12  -0.20   0.23   0.35   0.98   0.44   0.80   0.45   0.71   
2003 0.59   0.37   0.94   0.27   1.44  -0.09  -0.21  -0.89  -0.49  -0.94  -0.99   0.03   
2004 0.43   0.26   0.65  -0.57  -0.55  -1.21  -1.59  -1.57  -1.49  -0.63  -0.96  -1.00   
2005 -0.91  -1.27  -1.06  -1.96   1.21   3.47   3.44   3.15   2.26   2.56   2.93   2.69   
2006 -0.11   0.04   0.17   0.26  -0.16  -1.15  -2.02   0.15   0.32   0.51  -0.38  -0.28   
2007 -0.62   0.21   0.38   0.25   2.20  -0.42  -1.17  -1.37  -1.79  -2.01  -2.23  -2.42   
2008 -2.69  -2.67  -3.08  -3.55  -3.62  -3.13  -3.67  -4.14  -3.84   0.38   0.98   1.88   
2009 2.19   2.81   2.87   2.59   2.75   2.58   3.06   2.90   2.37   3.45   2.65   3.18   
2010 3.39   3.29   3.37   3.09   4.41   4.68   5.18   5.39   6.69   6.13   5.99   6.53   
2011 6.71   6.34   6.86   6.81   8.50   7.85   8.85   8.79   8.22   0.02  -0.31  -0.26   
2012 -0.45  -0.38  -1.36  -1.35  -1.34  -1.79  -2.56  -2.95  -3.74  -2.24  -1.99  -1.80   
2013 -1.93  -2.01 -99.99 -99.99 -99.99 -99.99 -99.99 -99.99 -99.99 -99.99 -99.99 -99.99   
