1895 0.52   0.82   0.73   1.22   1.69   2.83   3.77   3.81   3.29   2.81   3.20   2.94   
1896 3.16   3.10   3.46   5.01   6.42   6.61   5.82   4.92   4.56   4.13   5.20   4.80   
1897 4.83   5.54   6.01   5.74   4.51   4.43   6.05   5.56  -0.97  -1.04  -1.41  -1.56   
1898 -1.92  -1.78  -1.77  -1.66  -1.48  -1.53  -1.47  -1.68  -1.88   1.30  -0.07  -0.12   
1899 -0.36  -0.63   0.15   0.40   1.45   2.04   2.34   2.90  -0.42  -0.08  -0.28  -0.35   
1900 -0.50   0.16   0.49  -1.01  -2.32  -3.43  -3.54   1.48   3.78   4.01   3.59   3.30   
1901 2.96   2.73   2.86   2.32   0.79   2.53   4.17   4.29   4.49   4.75   4.13   4.32   
1902 3.79   4.36   6.10   5.74   6.20   6.54   6.28   6.35   5.56   5.60   4.81   4.47   
1903 4.37   4.14   3.87   3.44   3.95   2.77   2.37   4.20   5.42   5.25   4.63   4.93   
1904 4.63   4.71   5.30   5.43   4.86   6.50   6.45   6.18   5.97   5.48   4.59   4.55   
1905 4.02   3.68   3.51   2.72   3.37   3.86   5.02   5.40   5.24   4.40   4.93   4.42   
1906 4.46   3.97   3.57   3.31   5.02   5.78   5.37   5.10   4.42   3.52   4.06   4.63   
1907 5.25   4.84   4.75   4.41   4.11   3.52   3.91   3.40   3.25   2.85   2.21   1.87   
1908 1.40   2.03   2.32   2.23   3.05   2.90   2.68   2.90   2.23   2.41   2.73   2.53   
1909 2.33   2.06   1.66   1.46   2.84   2.87   3.25   3.36   2.52   2.14   1.65   2.74   
1910 -0.11   0.18  -0.20  -0.44  -0.83  -1.60  -2.33  -2.58  -2.47  -2.88  -3.00  -2.74   
1911 -2.29  -1.80  -2.17  -2.23  -1.69  -2.19  -2.57   0.74   1.01   1.01   0.00  -0.17   
1912 -0.40  -0.71  -1.19   0.31   1.65   1.12   2.14   2.77   3.42   3.41  -0.29  -0.16   
1913 -0.11  -0.30  -0.06  -0.69  -0.67  -1.52   0.02   0.21   0.32   0.96  -0.32  -0.61   
1914 -0.58  -0.69   0.11   0.14   0.07   1.99   2.04   2.31  -0.28  -0.69  -0.80  -0.53   
1915 -0.75  -0.46  -0.88  -1.56   0.70   1.57   1.90   1.48   1.83   1.74   1.98   1.99   
1916 2.88   2.82   3.44   3.60   3.65   4.02   4.36   4.86   4.45   4.13   3.59   4.39   
1917 4.41   4.47   4.14   4.35  -0.64  -0.81  -1.10  -1.73  -2.03  -1.45  -1.77  -1.62   
1918 -1.65  -1.81  -2.21   0.42   0.76  -0.83   0.19   0.92  -0.78  -1.14   0.40   1.00   
1919 0.63   0.71   0.75   0.89   1.26  -0.46  -0.77  -1.19  -1.65   0.44   1.00   1.06   
1920 1.62   1.52   1.66   1.54   1.28   1.54   1.45   1.05   1.30  -0.59  -0.70  -0.80   
1921 -1.09  -1.03   0.06   0.26   0.51   0.36   0.61   0.65   1.78   1.51   1.37   1.22   
1922 1.05   1.94   1.93   1.29   1.73   2.11   2.09   1.42   1.50   1.02   2.64   2.85   
1923 2.82   3.10   2.85   2.99   2.67   2.62   2.96   2.98   3.30   2.99   2.52   2.17   
1924 1.70   1.47   1.03   1.86   1.58   2.40   2.38   2.03   2.49   3.37   2.77   2.66   
1925 2.24   1.99   1.93   1.50   1.02   2.69   2.26   1.56   1.98   2.12  -0.13  -0.22   
1926 -0.34  -0.26  -0.55  -1.16  -1.42  -1.63  -1.98  -0.01   0.58   1.03   0.89   0.96   
1927 -0.05  -0.17  -0.15   0.26   2.50   2.38   3.04   4.06   3.49   3.53   3.20   3.42   
1928 2.96   2.52   2.30   2.18   1.31   2.34   4.40   5.16   4.91   4.22   4.02   3.69   
1929 3.70   3.43   3.38   3.24   3.84  -0.68  -1.23  -2.00   0.34   0.85   0.83   1.18   
1930 0.87   1.86   1.31   0.95   1.58   1.65  -0.87  -1.16  -1.45   0.71   0.97   0.74   
1931 0.62   0.54   0.80  -0.31  -0.58  -1.25   0.50   0.81   0.98   1.01   1.11  -0.32   
1932 -0.25  -0.15  -0.41   0.57   1.08   0.02  -0.57  -1.01  -1.56   1.12   1.15   0.82   
1933 1.16   1.09   0.92   1.10   2.10  -0.96  -1.10  -2.08  -2.72  -2.61  -2.16  -1.46   
1934 -1.62  -1.90  -2.12  -2.76  -4.44  -4.76  -5.70  -5.76  -5.67  -4.49  -4.37  -4.31   
1935 -4.08  -4.03  -3.68   0.71   1.51   1.20   2.86   3.02   2.22   1.42   1.52   1.86   
1936 1.74   1.89   2.02  -0.28  -1.72  -3.24  -5.15  -5.29  -5.53  -5.52  -5.42  -5.27   
1937 -4.90  -4.48  -4.73  -4.26  -4.39  -2.95  -2.79  -3.66  -3.72  -3.64  -3.53  -3.23   
1938 -3.26  -2.77  -2.85  -3.10  -2.74  -3.31  -2.12  -2.93  -3.79  -4.22  -3.76  -3.69   
1939 -3.70  -3.29  -3.64  -3.81  -4.48  -3.22  -4.00  -4.28  -4.75  -4.24  -4.50  -4.25   
1940 -4.40  -4.20  -4.05  -3.15  -3.17  -3.70  -2.97  -3.06  -3.63   0.81   0.78   0.71   
1941 0.81   0.47   0.29   0.70   0.48   1.53   1.09   1.95   3.38   3.71   3.45   2.96   
1942 2.43   2.14   3.07   3.57   4.72   4.70   4.80   5.55   5.75   4.89   4.18   3.94   
1943 3.63   3.69   4.03   4.02   4.11   4.84   4.74   4.62  -0.54  -1.04  -1.10  -1.29   
1944 -1.55  -1.67  -1.63  -1.98   0.39   0.73   0.03   1.71   1.61   0.55   2.28  -0.27   
1945 -0.31  -0.33  -0.08  -0.17  -0.20  -0.58   0.25   0.14   0.84  -0.52  -0.71   0.46   
1946 0.17   0.37   0.55  -0.71  -0.76  -1.00  -1.73  -1.62   1.27   2.02   1.54   1.71   
1947 1.50   1.63   1.25   1.19   0.86   1.97   1.79   1.59   2.14   2.62   3.04   2.83   
1948 2.55   3.14   3.08   3.90   2.89   2.36   3.35   3.25   2.03   2.01   1.95   1.69   
1949 2.34   2.22   0.00  -0.66  -0.42  -0.84   0.97  -0.68  -1.22   1.77   1.42   1.85   
1950 2.90   2.70   3.80   4.02   5.51   5.08   4.68   4.20   4.75   3.93   3.65   3.61   
1951 3.45   3.40   3.01   2.52   1.62   1.51   0.99   2.65   2.49   2.00   1.51   1.83   
1952 2.15   2.19   0.04  -1.05  -1.99  -1.77  -1.27  -1.37  -1.95  -2.39  -2.46  -2.53   
1953 -2.69  -2.71  -2.75   1.06   2.31   3.69   3.40  -0.24  -0.75  -1.24  -1.34  -1.04   
1954 -0.76  -1.04  -0.92  -0.87   0.53   1.76   1.80   2.02   3.00  -0.17  -0.41  -0.71   
1955 -0.85  -0.63  -0.85  -1.36   0.24   0.51   0.77  -0.49  -0.59  -1.15   0.31  -0.24   
1956 -0.07  -0.31  -0.05  -0.48   0.66   1.20   1.71   2.50   1.93   1.58   2.87   2.56   
1957 2.29   1.94   1.39   1.00   0.91   0.74   1.44   2.73   3.10   3.87   3.63   3.33   
1958 3.04   3.40   2.95   2.63   1.85   2.18   2.46  -0.58  -1.11  -1.46  -0.93  -1.19   
1959 -1.43  -1.42  -1.88  -2.53  -1.64  -2.01  -2.63  -3.30  -3.06   0.78   0.89  -0.26   
1960 -0.28  -0.46  -0.82  -0.98   1.20  -0.25  -0.59   0.69  -0.82  -1.06  -1.31  -0.68   
1961 -1.11  -1.22  -1.67  -1.02  -1.47  -3.10  -2.98  -3.81   1.41  -0.29  -0.77  -0.73   
1962 -0.78  -0.96  -0.78  -1.34   1.95   1.44   3.88   4.35   4.32  -0.46  -0.33  -0.47   
1963 -0.68  -0.66  -0.79  -0.31  -0.28  -0.58  -0.42  -0.75  -1.37  -2.15  -2.45  -2.28   
1964 -2.47  -2.61  -2.81  -2.49  -2.71   1.84   1.57   2.19   2.43  -0.54  -0.60  -0.38   
1965 -0.38  -0.70  -1.02   0.35   0.75   0.38   1.59   1.99   3.80   3.26   2.96   2.84   
1966 2.53   2.37   3.43   4.01   3.21   3.60   3.96   4.07   3.08   2.53   2.01   1.64   
1967 2.00   2.19   1.86   2.69  -0.23  -0.83  -1.62  -2.39  -2.68   0.52   0.03   0.45   
1968 -0.23  -0.60   0.24   0.51   1.26   2.01   1.55   2.29   2.59   1.84   1.49   1.50   
1969 2.25   3.32   3.07   2.48   2.35   2.78   2.80  -0.55  -0.46  -0.51  -0.93  -0.63   
1970 -0.74  -0.78  -0.97   1.00   1.06  -0.27  -0.31  -1.34  -1.21  -1.41  -1.09  -1.20   
1971 -0.73  -0.87  -1.03  -1.30  -1.57   1.13  -0.20  -1.18   0.05   1.32  -0.25  -0.33   
1972 0.17   0.29   0.48   0.41   0.49  -0.92  -0.99  -0.99  -1.19  -0.96  -1.25  -0.78   
1973 -1.18  -1.50  -1.56  -1.98  -2.70  -3.12  -3.86  -4.41   1.55   2.07   1.98   1.92   
1974 1.57   1.46   1.11   2.07   3.58  -0.93  -1.34  -0.98  -1.55  -1.58   0.33  -0.17   
1975 -0.10  -0.34   0.27   1.96   1.97   3.84  -0.40  -0.31  -0.31  -0.79  -0.96  -0.95   
1976 -0.79  -0.68  -0.54  -0.05  -1.07  -1.18  -2.25  -3.17  -3.90  -4.08  -4.19  -4.08   
1977 -3.83  -3.81  -3.83  -4.89  -5.10  -5.93   0.25   0.32   1.73   1.58   2.08   2.24   
1978 -0.21  -0.50  -0.95  -0.91  -0.58  -0.64  -0.50  -0.94  -1.15  -1.64   0.13   0.31   
1979 0.14   0.96   1.27   2.09   2.16   2.23   2.56   0.02  -0.68  -1.06  -1.25  -1.30   
1980 -1.00  -0.94  -1.29  -2.55  -3.49  -3.07  -3.46   2.02   2.29   3.24   2.90   2.49   
1981 2.22   2.19   1.91   1.24   0.65   0.95   1.33   1.19   1.87   1.52   1.28   1.07   
1982 1.47   1.36   1.57  -0.45   0.19   0.50   0.47  -0.33  -0.85   2.36   2.40   2.32   
1983 2.56   2.57   3.54   3.16   2.93   2.95   2.88   2.92   2.73   2.45   2.37   2.17   
1984 2.15   1.85   2.08   2.88  -0.69  -0.47  -1.12  -1.87  -2.13  -0.99  -1.01  -0.76   
1985 -0.81  -0.99  -0.68  -1.45  -1.18  -1.42  -2.56   0.92   0.69   1.61   2.02   1.82   
1986 1.53   1.43   0.62   2.34   1.84   1.04   2.37   2.46   3.62   3.28   4.18   3.59   
1987 3.31   3.85   3.91   2.49   2.66   1.63   3.15   3.40  -0.42  -0.97  -1.37  -1.39   
1988 -0.96  -1.22  -0.95  -1.87  -2.88  -4.58  -5.97  -6.12  -5.99  -6.11  -5.56  -4.73   
1989 -4.19  -4.21  -3.92  -4.12  -3.87  -4.70  -5.36  -3.93  -3.75  -4.18  -3.96  -4.10   
1990 -4.28  -4.40  -3.98  -4.20  -4.62  -2.53  -2.17  -2.41  -2.17  -2.52  -2.81  -2.66   
1991 -2.92  -2.90  -3.32  -3.29  -3.07  -3.08  -3.67  -4.32  -3.14  -2.24  -2.04  -2.03   
1992 -2.07  -2.06  -2.11  -2.54  -3.24  -3.73  -3.77  -3.68  -2.85  -3.22  -2.37  -2.17   
1993 -2.06  -2.17  -2.33  -2.49   1.05   2.60   7.02   7.42   6.32   5.31   5.60   5.77   
1994 5.86   5.66   5.33   4.97   4.31   4.02   4.69   4.31   5.22   6.71   7.07   6.52   
1995 6.19   5.85   6.27   5.92   6.36   5.15   7.01   6.39   5.45   5.57   5.27   5.09   
1996 5.33   5.10   4.99   4.45   4.02   3.41   4.22   3.31   3.20   2.94   3.52   3.73   
1997 3.95   3.50   3.37   3.90  -0.73  -1.29   0.76   0.45   0.61   0.91   0.74   0.38   
1998 0.11   1.21  -0.15  -0.62  -1.00  -1.18  -1.50  -0.89  -1.64   1.62   2.24   1.93   
1999 2.34   2.20   1.92   2.04   3.98   3.79   3.92   5.80   5.94   5.04   3.95   3.45   
2000 3.00   3.46   3.15   2.90   2.52   3.03   3.87   5.12   4.93   5.53   6.20   5.97   
2001 5.43   5.17   4.68   4.24   3.92   4.42   6.42   6.03  -0.39  -0.13  -0.65  -0.82   
2002 -1.03  -1.33  -1.54  -1.36  -1.77  -2.29  -1.72  -1.21  -1.66  -1.38  -1.66  -1.32   
2003 -1.50  -1.68  -1.88  -2.35   1.65   1.68  -0.14  -0.75  -0.90  -1.47  -1.57   0.02   
2004 0.13  -0.16   0.96   0.32   2.40   2.02   2.17   2.55   3.42   3.20  -0.34  -0.39   
2005 -0.09  -0.29  -0.65  -1.45   0.66   2.24   2.19  -0.05  -0.54  -0.58   0.39   0.54   
2006 -0.26  -0.32  -0.45  -1.18  -1.34  -2.26  -3.63  -3.24  -2.91  -2.31  -2.57  -2.05   
2007 -2.32  -0.01   0.85   0.30   1.88   2.23   0.03   0.08  -0.05  -0.32  -0.71  -0.86   
2008 -1.25  -1.18  -1.59  -1.94  -2.68   0.77   0.51   0.47   1.33   2.36   2.99   3.87   
2009 4.04   4.29   5.13   4.93   4.40   3.82   3.37   3.01   2.86   4.30   3.39   3.62   
2010 3.79   3.88   4.56   4.08   4.89   4.56   4.79   4.43   6.01   5.59   5.14   5.84   
2011 5.81   5.27   5.73   5.64   5.57   6.05   7.47   8.20   7.67   7.09  -0.16  -0.15   
2012 -0.20  -0.06  -0.72  -0.48  -0.55  -1.21  -2.04  -1.99  -2.78  -2.06  -2.02  -1.90   
2013 -2.11  -1.73 -99.99 -99.99 -99.99 -99.99 -99.99 -99.99 -99.99 -99.99 -99.99 -99.99   
