1895 0.40   0.61   0.44   0.72   1.20   2.02   2.80   2.57   2.14   1.66   1.90   1.65   
1896 1.84   1.74   2.05   4.14   5.19   5.11   4.21   3.19   2.89   2.87   3.90   3.63   
1897 3.69   4.34   4.83   4.38   3.23   3.57   5.55  -0.21  -1.16  -1.25  -1.51  -1.71   
1898 -2.03  -1.86  -2.00  -2.01  -1.95  -1.90  -1.96  -1.98  -2.25   1.44   1.17   0.89   
1899 0.66   0.77   0.86   0.89   1.63   2.37   2.50   3.43   2.70   2.89   2.39   2.14   
1900 1.84   1.90   2.10  -0.94  -2.45  -3.72  -3.48   1.93   4.42   4.82   4.56   4.36   
1901 4.09   3.95   4.09   3.45   1.72   2.83   3.83   3.28   3.46   3.75   3.17   3.19   
1902 2.67   2.89   4.02   3.70   3.88   4.01   3.98   4.49   3.93   4.25   3.81   3.80   
1903 3.79   3.70   3.64   3.49   3.95   2.83   2.65   4.28   5.59   5.81   5.28   5.54   
1904 5.25   5.42   5.43   5.45   4.86   5.64   5.70   5.16   5.07   5.07   4.22   4.15   
1905 3.75   3.47   3.26   2.67   3.42   4.29   5.29   5.60   5.50   4.85   5.41   4.88   
1906 5.02   4.61   4.21   3.78   5.09   5.61   5.22   4.63   4.07   3.37   3.64   4.00   
1907 4.42   4.14   3.78   3.31   3.00   2.83   2.96   2.76   2.69   2.38   1.73   1.36   
1908 0.91   1.34   1.45   1.51   2.22   2.71   2.55   2.12   1.43   1.45   1.69   1.51   
1909 1.40   1.52   1.00   0.87   2.04   2.00   2.12   2.17  -0.61  -0.66  -0.64   0.97   
1910 -0.15  -0.01  -0.58  -0.91  -1.42  -2.52  -3.39  -3.57  -3.53  -4.00  -4.17  -4.04   
1911 -3.55  -3.13  -3.57  -3.57  -3.28  -3.58  -3.76   0.77   0.94   1.28  -0.06  -0.13   
1912 -0.32  -0.49  -1.03   0.16   1.23  -0.57   1.09   1.46   2.14   2.08  -0.34  -0.25   
1913 -0.28  -0.33  -0.19  -0.65  -0.62  -1.22   0.68   0.79   0.96   1.57  -0.34  -0.71   
1914 -0.59  -0.71  -0.64   0.18   0.00   2.12   2.07   2.47  -0.21  -0.73  -0.94  -0.82   
1915 -1.02  -0.66  -1.07  -1.76   0.64   1.76   1.78   0.90   1.24   1.26   1.41   1.36   
1916 2.17   2.19   2.63   2.98   2.96   3.56   3.45   3.57   3.14   2.87   2.30   2.85   
1917 2.85   2.96   2.74   2.93  -0.67  -0.80  -1.02  -1.80  -2.14  -1.54  -1.93  -1.79   
1918 -1.87  -1.99  -2.47  -2.00  -1.34  -2.13  -1.81  -0.86  -1.59  -1.73   0.37   0.88   
1919 0.51   0.68   0.63   0.92   1.08   0.97   1.09  -0.10  -0.58   0.41   1.00   0.99   
1920 1.47   1.42   1.69   1.46   1.16   1.77   1.67  -0.65  -0.27  -0.82  -0.88  -0.99   
1921 -1.25  -1.26  -1.23  -1.08  -0.81  -1.14  -0.99  -1.24   1.19  -0.23  -0.29  -0.41   
1922 -0.51   1.04   1.00  -0.45  -0.12  -0.07  -0.38  -1.44  -1.26  -1.65   1.57   1.69   
1923 1.67   1.90   1.53   1.65  -0.28   0.19   0.36  -0.43   0.57  -0.18  -0.53  -0.73   
1924 -1.03  -1.19  -1.54   0.87   0.75   1.39   1.25   1.61   2.20   2.99   2.51   2.47   
1925 2.11   2.00   1.78   1.39   0.93   2.55   0.04  -0.78  -0.27  -0.04  -0.25  -0.42   
1926 -0.60  -0.56  -0.97  -1.63  -1.85  -2.06  -2.29  -2.16   0.54   1.15   1.05   1.12   
1927 0.98   0.93   0.92   1.15   2.60   2.41   2.69   2.75   2.11   2.09   1.83   2.14   
1928 -0.21  -0.24  -0.40  -0.24  -0.82   0.73   2.51   3.86   3.87   3.52   3.33   3.12   
1929 3.22   3.13   3.19   3.10   3.55  -0.67  -1.23  -2.21   0.43   0.98   0.77   1.00   
1930 0.75   1.47  -0.44  -0.96  -0.15  -0.08  -0.89  -2.46  -2.72  -2.00  -1.44  -1.59   
1931 -1.87  -2.07  -2.10  -2.62  -2.11  -2.57  -2.13  -2.12  -2.35   0.90   1.27   0.91   
1932 0.79   0.81   0.56   0.95   1.12  -0.40  -0.60  -1.15  -1.46   0.86   0.74   0.32   
1933 0.73   0.48   0.38   0.40   1.14  -0.24  -0.45  -1.35  -1.68  -1.88  -1.63  -0.93   
1934 -1.15  -1.49  -1.87  -2.28  -3.82  -3.38  -4.54  -4.91  -4.94  -3.82  -3.69  -3.62   
1935 -3.41  -3.57  -3.29   0.59   0.95   1.34   1.54   2.31  -0.57  -1.14  -1.07  -1.01   
1936 0.10   0.64  -0.07  -0.45  -1.41  -2.73  -4.77  -5.35  -5.72  -5.81  -5.79  -5.64   
1937 -5.12  -4.25  -4.63  -3.20  -2.62  -2.09  -0.88  -1.02  -1.16  -1.55  -1.69  -1.70   
1938 -1.91  -1.59  -1.90  -2.12  -1.09  -1.99  -1.66  -2.37  -3.16  -3.86  -3.64  -3.64   
1939 -3.74  -3.17  -3.52  -3.73  -4.78  -3.70  -4.69  -5.32  -5.14  -4.53  -4.81  -4.72   
1940 -4.93  -4.72  -4.54  -4.30  -4.30  -4.75  -4.30  -3.58  -4.35  -3.77  -3.63  -3.16   
1941 -2.70  -2.68  -2.73   0.44   0.45   1.71   1.03   1.39   3.12   3.18   2.77   2.39   
1942 2.01   1.80   3.35   3.35   4.09   3.61   3.38   4.34   4.05   3.17   2.53   2.28   
1943 1.89   2.00   1.90   1.75   2.10   2.54   2.27   2.56  -0.57  -0.81  -0.99  -1.28   
1944 -1.48  -1.75  -1.68  -2.10   0.01   0.32   0.09   3.58   3.39   2.43   3.85   3.49   
1945 3.39   3.39   3.51   3.57   3.26   2.49   2.65   2.55   3.18  -0.42  -0.81   0.42   
1946 0.25   0.67  -0.12  -0.68  -0.38  -0.03  -0.79  -0.74   1.77   2.22   2.18   2.42   
1947 2.32   2.56   2.39   2.99   2.52   3.13   2.61   2.14   2.08   1.86   2.60   2.36   
1948 2.17   2.74   2.73   2.88   1.96   2.02   2.66  -0.45  -1.28  -1.35  -1.21  -1.19   
1949 0.39   0.43  -0.10  -1.15   0.85   0.20   2.06  -0.56  -1.13   1.03   0.91   1.32   
1950 2.07   1.83   2.63   2.90   4.72   4.67  -0.39  -0.94  -0.36  -0.79  -0.90  -0.67   
1951 -0.56  -0.57  -0.63  -1.02  -2.05  -2.14  -2.43  -1.32  -1.55  -1.59  -1.80  -1.19   
1952 -0.83  -0.90  -1.22  -2.11  -3.15  -3.84  -1.87  -1.90  -2.84  -3.34  -2.38  -2.41   
1953 -2.51  -2.49  -2.88   0.48   1.15   3.27  -0.37  -0.61  -0.86  -1.25  -1.39  -1.08   
1954 -0.97  -1.25  -1.33  -1.38  -1.42  -1.32  -1.81  -1.80  -1.40  -1.89  -2.21  -2.51   
1955 -2.72  -2.30  -2.58  -3.55  -3.47  -3.36  -2.89  -3.62  -3.72  -4.24  -4.01  -3.95   
1956 -3.54  -3.52  -3.16  -3.05  -2.65  -2.94  -3.04  -2.66  -3.00  -2.96  -2.14  -2.09   
1957 -2.11  -2.17  -2.69  -2.56  -2.39   0.76   0.97   1.10   2.76   3.24   3.29   2.95   
1958 2.61   2.46   2.01   1.72   0.89   1.81   2.96   2.75  -0.35  -0.74   0.71  -0.26   
1959 -0.38  -0.42  -0.90  -1.50  -1.09  -0.93  -1.07  -0.89  -1.34   1.08   0.01  -0.07   
1960 -0.05  -0.10  -0.45  -0.22  -0.10  -0.34   0.02   0.86  -0.51  -0.45  -0.54  -0.25   
1961 -0.62  -0.82  -1.16  -0.62  -0.92  -1.93  -1.42  -2.39   1.50   1.91   1.42   1.40   
1962 1.47   1.73   1.92   1.60   3.20   2.70   4.29   4.26   4.82  -0.43  -0.24  -0.25   
1963 -0.48  -0.29  -0.47   0.52  -0.16  -0.96  -0.80  -0.83  -1.60  -2.71  -3.02  -2.94   
1964 -3.12  -3.33  -3.37  -2.28  -2.99   1.09   0.51   1.65   1.84  -0.66  -0.81  -0.65   
1965 -0.94  -1.22  -1.46   0.86   1.74   1.79   3.42   3.74   5.25   4.95   4.79   5.00   
1966 4.64   4.40   5.13   5.00   4.11   4.14   4.80   5.36   4.43   3.82   3.13   2.85   
1967 2.98   2.65   2.09   3.24  -0.21  -0.24  -1.04  -2.11  -2.26  -2.03  -2.43  -1.96   
1968 -2.05  -2.27  -2.23   0.40   0.47   2.22   2.02   2.22   2.22   1.84   1.51   1.79   
1969 2.55   2.58   2.36   1.90   1.93   2.59   3.12   2.28   2.85   3.01   2.40   2.39   
1970 2.02   1.69   1.99   2.51   3.48   3.25  -0.27  -1.15  -0.74  -0.75  -0.56  -0.69   
1971 -0.45  -0.62  -0.80  -1.30   0.30   0.89   0.83  -0.83   0.61   2.31   2.12   1.97   
1972 2.19   2.34   2.37   2.31   2.80  -0.90   0.25   0.73   0.78   0.76   0.27   0.76   
1973 -0.35  -0.59  -0.11  -0.57  -1.02  -2.01  -2.59   0.00   1.94   2.16   2.31   2.43   
1974 2.32   2.32   2.16   3.07   3.84   2.73   3.00   3.65   2.64   2.46   2.44   2.13   
1975 2.10   1.73   2.01   3.04   2.73   4.11  -0.44  -0.77  -1.04  -1.14  -1.19  -1.43   
1976 -1.09  -1.04  -0.81  -1.11  -2.17  -2.04  -3.19  -4.32  -5.08  -5.12  -5.26  -5.21   
1977 -4.96  -4.31  -3.30  -3.92  -3.20  -3.70   0.36   0.30   1.72   1.94   3.48   3.88   
1978 3.65   3.41   3.05   2.80   2.51   2.26   2.09   2.34   2.17   1.27   1.23   1.18   
1979 1.13   1.79   2.18   3.56   3.54   2.98   3.00  -0.17  -1.10  -0.88  -0.97  -1.22   
1980 -0.73  -0.66  -0.82  -2.00  -3.18  -3.63  -4.31  -2.56  -2.44  -2.18  -2.24  -2.43   
1981 -2.70  -2.70  -3.01  -3.51  -3.66  -3.21  -2.67  -3.14   0.35   1.12   0.69   0.64   
1982 0.92   0.73   1.04  -0.44  -0.45  -0.59  -0.10  -0.77  -1.18   3.07   3.32   3.18   
1983 3.32   3.34   4.28   3.51   3.02   3.77   3.57   3.55   3.46   3.35   3.15   3.00   
1984 2.99   2.98   3.02   3.15  -0.78  -0.42  -1.03  -2.21  -2.50   1.73  -0.23  -0.03   
1985 -0.14  -0.25   0.42  -0.62   1.21   1.04   0.58   1.48   1.20   1.21   1.71   1.55   
1986 1.51   1.33   0.76   2.74   2.22   1.45   2.57   2.67   3.37   2.62   3.56   3.08   
1987 2.79   3.20   3.33   2.02   2.31   1.23   2.82   3.28  -0.19  -0.75  -0.97  -0.81   
1988 -0.16  -0.31  -0.25  -1.04  -1.74  -3.03  -4.07  -4.10  -3.64  -3.93  -3.61  -2.94   
1989 -2.19  -2.31  -2.12  -2.46  -2.37  -3.28  -4.40  -2.89  -3.04  -3.57  -3.41  -3.64   
1990 -3.92  -4.02  -3.54  -3.35  -3.79  -2.11  -2.59  -2.79  -2.72  -2.95  -3.33  -3.24   
1991 -3.50  -3.17  -3.54  -3.08  -2.30  -1.90  -1.99  -2.54  -2.46  -1.89  -1.99  -2.02   
1992 -1.82  -1.70  -1.69  -2.09  -2.05   0.86   1.28   1.69   2.10   1.33   1.76   1.61   
1993 1.60   1.30   1.19   0.56   1.12   2.34   5.68   5.53   4.58   3.67   3.63   3.63   
1994 3.77   3.82   3.66   3.67   2.78   2.55   4.55   5.03   5.18   6.10   6.43   5.83   
1995 5.64   5.40   6.32   5.61   5.19   3.78   4.91   4.41   4.16   4.35   4.17   4.32   
1996 4.85   4.85   5.07   4.24   4.13   3.19   3.37   2.26   2.97   3.14   3.61   3.73   
1997 4.00   3.80   4.22   4.45   3.81   3.66   3.92   3.71   3.59   4.08   3.86   3.34   
1998 3.15   4.01   3.85   2.96   3.50   4.25   3.80   3.64   2.87   4.99   5.83   5.41   
1999 5.74   5.28   5.44   4.93   5.55   4.80   4.62   4.55   5.30   4.49   3.43   2.79   
2000 2.29   3.01   2.77   2.43   2.06   3.68   3.68   4.10   4.08   4.61   6.59   6.47   
2001 5.92   5.76   5.11   4.89   4.89   4.56   5.30   5.21   4.92   4.88   4.07   3.47   
2002 2.96   2.35   2.21   2.09   1.95   2.13   3.84   4.87   4.61   4.61   4.11   4.08   
2003 3.73   3.32   3.07   2.47   3.98   4.74   4.53   3.75   3.76   3.06   2.50   2.44   
2004 2.50   2.21   2.68   1.91   3.77   2.88   3.19   3.30   4.11   4.80   4.14   4.40   
2005 4.65   4.38   3.94   2.95   3.73   5.76   5.11   5.67   5.00   4.76   4.99   4.91   
2006 4.40   4.21   4.80  -0.42  -0.73  -1.76  -2.63   0.03   0.58   0.78   0.21   0.65   
2007 0.13   0.27   1.07   1.22   2.35   3.35   2.93   2.39   2.64   2.63   2.01   2.28   
2008 1.70   1.68   1.34   1.14   0.57   1.49   1.97   2.01   2.86   4.26   4.98   6.25   
2009 6.03   6.45   8.19   7.43   6.41   5.35   4.08   3.65   3.19   5.10   4.30   5.00   
2010 5.41   5.43   5.59   4.65   5.37   4.84   5.07   4.80   6.39   6.17   5.83   6.47   
2011 6.58   5.96   6.62   6.43   6.44   6.47   7.21   7.58  -0.40  -0.78  -1.07  -1.11   
2012 -0.99  -0.68  -1.05  -1.10  -1.42  -2.08  -2.82  -3.67  -4.44  -3.36  -3.16  -3.14   
2013 -2.85  -2.21 -99.99 -99.99 -99.99 -99.99 -99.99 -99.99 -99.99 -99.99 -99.99 -99.99   
