1895 0.74   1.08   1.23   1.58   1.56   2.84   3.57   3.72   2.75   1.99   2.42   2.03   
1896 2.20   2.09   2.29   3.21   4.23   4.41   4.52   4.21   4.35   3.85   5.05   4.52   
1897 4.61   4.74   5.23   4.83   3.53   3.60   4.28   0.02  -0.84  -1.00  -1.01  -1.13   
1898 -1.31  -1.23  -0.80  -0.80  -0.56  -0.56  -0.47  -0.81  -0.86   0.81  -0.09  -0.36   
1899 -0.33  -0.54   0.26   0.38   1.49   1.72   1.96   2.40  -0.38  -0.17  -0.48  -0.49   
1900 -0.81  -0.82  -0.53  -0.38  -1.16  -2.61  -2.93   0.85   2.40   2.69  -0.15  -0.34   
1901 -0.50  -0.55  -0.56  -0.82  -2.13   1.40   2.35   2.11   2.64   2.73   2.10   2.00   
1902 1.47   1.75   3.11   2.85   3.34   3.64   3.62   3.70  -0.40  -0.26  -0.47   0.40   
1903 0.61   0.48   0.30   0.19   0.42  -0.91  -0.96   1.17   1.68   1.12   0.85   0.91   
1904 0.86   1.02   1.56   1.37   0.82   1.75   1.71   1.60  -0.40  -0.66  -1.20  -1.04   
1905 -1.03  -1.13  -1.32  -1.62   0.36   1.07   2.10   2.00   1.46   1.18   1.68  -0.35   
1906 -0.21  -0.27  -0.48  -0.74   1.70   2.59   2.36   2.97   2.44   1.98   2.70   2.92   
1907 3.82   3.70   3.72   3.64   3.89   4.04   5.18   5.52   5.21   4.51   3.78   3.34   
1908 2.93   3.09   3.50   3.05   3.19   3.48   3.37   3.64   3.17   3.66   3.68   3.40   
1909 3.20   2.84   2.50   2.43   4.09   4.38   5.13   5.40   4.81   4.25   3.90   4.37   
1910 4.33   4.40  -0.18  -0.45  -0.78  -1.63  -2.00  -2.09  -1.38  -1.82  -1.70  -1.68   
1911 -1.13  -0.92  -1.50  -1.53  -1.13  -1.48  -2.05   0.61   1.19   1.34   1.36   1.29   
1912 -0.02  -0.35  -0.51   0.41   1.50   0.80   1.62   2.57   3.47   3.25  -0.29  -0.30   
1913 0.32   0.00   0.29  -0.72  -0.86  -1.24  -1.71  -1.48  -1.46  -0.84  -1.00  -1.30   
1914 -1.24   0.07  -0.07  -0.06  -0.09   1.39   1.31   1.36  -0.33  -0.23  -0.48  -0.53   
1915 -0.47  -0.40  -0.65  -1.37   0.41   1.67   3.01   3.07   3.86   3.65   3.76   3.48   
1916 4.04   3.94   4.38   4.12   4.11   4.65   5.42   6.00   5.59   4.93   4.35   4.44   
1917 4.47   4.41   3.99   4.38  -0.46  -0.82  -1.17  -1.58  -1.61  -1.52  -2.04  -1.72   
1918 -1.19  -1.20  -1.55  -0.94  -0.97  -2.01   0.10   0.76  -0.21  -0.76   0.27   0.62   
1919 0.21   0.44   0.36   0.06   0.64  -1.16  -1.97  -2.49  -2.69   0.48   0.96   0.77   
1920 1.06   0.86   0.93   1.58   1.66   1.78   1.90   1.89   2.06  -0.45  -0.58  -0.62   
1921 -0.69  -0.75   0.23   0.50   0.60   0.49   0.82   0.68   1.55   1.17   1.25   1.04   
1922 1.17   1.26   1.08   1.21   1.97   2.12   2.76   2.65   2.56   1.97   3.21   3.10   
1923 2.96   2.77   2.41   2.47   2.29   2.71   3.35   3.75   4.51   4.07   3.51   3.03   
1924 2.55   2.43   2.23   2.40   1.46   1.84   1.68   1.31   1.29   1.87  -0.23   0.11   
1925 0.08   0.02   0.10   0.17  -0.46   1.34  -0.35  -0.64  -0.18  -0.02  -0.25  -0.36   
1926 -0.12  -0.10  -0.64  -1.49  -1.83  -2.20  -2.72   0.07   0.29   0.36   0.39  -0.03   
1927 -0.12  -0.12  -0.30   0.19   3.21   3.21   4.15   5.43   4.99   4.75   4.66   4.73   
1928 4.29   3.69   3.44   3.16   1.98   3.14   4.67   5.24   4.54   3.83   3.55   3.07   
1929 3.02   2.71   2.89   2.74   3.33  -0.59  -0.92  -1.58   0.18   0.80   0.78   0.82   
1930 0.62   0.87  -0.30  -0.63  -0.63  -0.99  -2.22  -2.21  -2.67  -1.62  -1.24  -1.42   
1931 -1.59  -1.36  -0.72  -1.52  -1.99  -2.89   0.54   0.07   0.62   0.53   0.40   0.39   
1932 0.74   0.40   0.38   0.68   0.45   0.75  -0.58  -0.32  -1.01   1.30   1.12   0.96   
1933 1.52   1.39   1.36   1.28   1.88  -1.18  -1.47  -1.81  -2.30  -2.15  -1.72  -1.46   
1934 -1.60  -1.81  -1.43  -2.20  -4.10  -4.00  -5.10  -5.79  -5.61  -5.92  -5.93  -5.56   
1935 -5.35  -5.17  -4.54  -3.70  -2.58  -2.65  -1.95  -1.90  -2.64  -3.01  -2.54  -2.29   
1936 -1.87  -1.69  -1.65  -1.77  -3.19  -4.93  -6.95  -7.24  -7.50  -7.29  -6.71  -6.08   
1937 -5.64  -5.34  -4.77  -4.73  -4.95  -3.83  -3.90  -5.04  -4.84  -4.90  -4.69  -4.07   
1938 -3.41  -2.85  -2.95  -3.33  -2.58  -2.20  -1.73  -2.55  -2.94  -3.32  -2.67  -2.63   
1939 -2.35  -2.10  -2.23  -2.46  -3.06  -2.31  -1.89  -1.72  -2.59  -2.50  -2.93  -2.90   
1940 -3.09   0.02   0.10   1.71  -0.81  -1.61  -0.58  -0.92  -1.05  -0.74  -0.67  -0.86   
1941 -1.13  -1.20  -1.59  -0.01   0.41   2.00   1.78   2.28   4.54   4.58   4.13   3.66   
1942 3.11   3.19   3.13   3.54   4.04   4.52   5.02   5.49   5.58   4.88   4.30   3.96   
1943 4.44   4.20   4.28   3.64   2.98   3.67   3.71   4.45   3.37   2.97   2.57   2.03   
1944 2.19   1.91   1.69   1.19   0.84   2.87   2.27   2.65   2.89   1.87   3.47   2.93   
1945 2.89   2.62   3.39   3.45   3.40   3.22   3.47   3.22   3.06  -0.51  -0.48  -0.51   
1946 -0.82  -0.87  -0.85  -1.67  -1.27  -1.49  -1.83  -2.12   0.02   1.72   1.42   2.04   
1947 1.83   1.58   1.49   1.59   0.93   3.42   3.60   4.02   3.33   2.76   2.59   2.28   
1948 2.35   2.50   1.99   1.73   1.50   1.58   2.45   2.52   1.36   0.82   1.36   1.38   
1949 2.25   2.31   2.20  -0.71  -1.37  -2.68  -2.44  -3.11  -3.47   0.88   0.28   0.08   
1950 0.23   0.39   1.29   1.65   1.66   1.44   1.05   1.07   1.44   1.17   1.21   1.01   
1951 0.97   1.38  -0.35  -0.45  -0.75  -0.90   0.15   0.81   1.54   2.06   1.73   2.05   
1952 1.81   2.23   2.34  -1.00  -1.73  -2.26  -2.27  -1.97  -2.57  -2.98  -2.99  -3.12   
1953 -3.02  -2.94   0.41   1.41   2.35   2.88   3.04   3.57   2.76   2.66   1.96   1.76   
1954 1.52   1.36   1.98   1.54   1.21   1.22   0.63   2.58  -0.14  -0.18  -0.73  -0.98   
1955 -1.03  -0.87  -1.29  -1.36  -1.34  -1.19  -1.75  -2.46  -2.30  -2.75  -2.30  -2.35   
1956 -2.18  -2.32  -2.39  -2.76  -2.54  -4.08  -3.27  -2.71  -3.08  -3.32  -2.89  -2.86   
1957 -2.69  -2.69  -2.80   0.50   0.24   2.23   2.34   2.49   2.61   2.76   2.91   2.46   
1958 1.99   2.36  -0.21  -0.54  -1.78   0.33   1.43  -0.70  -1.51  -1.73   0.84   0.75   
1959 0.66   1.16  -0.37  -0.83  -0.87  -1.51  -2.46  -3.20  -1.56  -1.30  -0.95  -1.10   
1960 -1.14  -1.34  -1.46  -2.09  -1.72  -1.37  -2.33  -1.87  -2.64  -3.11  -2.89  -2.65   
1961 -2.87  -2.39  -2.64  -2.16  -2.17  -3.37  -3.34  -4.11  -2.41  -2.46  -2.68  -2.77   
1962 -2.75  -2.75  -2.64  -2.98   1.95   1.29   2.34   2.55   2.32   1.93   1.37   1.03   
1963 0.95   0.87   1.04   2.14   2.30   3.08   3.56   3.35  -0.01  -0.91  -1.32  -1.43   
1964 -1.49  -1.69  -2.05  -2.39  -2.60   1.22   1.02   1.72  -0.39  -1.03   0.30   0.34   
1965 -0.03  -0.20  -0.48   0.58   1.99   1.85   2.69   3.18   3.65   2.66   2.33   1.93   
1966 1.62   1.35   1.37   1.22   1.06   1.39   2.42   2.79   2.17   1.68   1.47   1.16   
1967 1.23   1.19   0.67   2.19   2.55   2.62  -0.21  -0.84  -0.02  -0.18  -0.45  -0.51   
1968 -0.50  -0.73  -1.36  -1.65  -1.91  -1.56  -2.16   1.26   0.63   0.31   0.16   0.99   
1969 1.29   1.21  -0.18  -0.66  -1.22   1.18   2.23  -0.61  -1.40  -1.17  -1.46   0.43   
1970 0.46  -0.32  -0.61   1.23   3.13   2.80   3.41   3.02   3.06   2.82   3.24   2.84   
1971 2.96   2.75   2.51   2.99   2.44   3.48   3.07   1.95   3.45   5.14   4.85   4.71   
1972 4.72   4.67   4.78   4.66   6.25   5.79   6.23   6.89   6.18   6.19   5.34   5.48   
1973 4.79   4.52   3.95   4.52   4.15   3.98  -0.20  -0.91   1.08  -0.13  -0.15  -0.01   
1974 -0.39  -0.65  -0.83   0.02   1.18  -0.95  -1.12  -1.23  -1.67  -1.66  -1.47  -1.57   
1975 -1.82  -1.82   0.90   2.65   3.37   3.89   3.59   3.25   2.65   2.64   2.35   2.31   
1976 2.30  -0.27  -0.47  -0.13  -0.56  -0.26  -0.87  -1.73  -1.95  -1.96  -2.15  -1.97   
1977 -1.71  -1.59  -1.36  -2.50  -2.76  -2.76  -3.18   0.15   2.57   3.11   3.37   3.78   
1978 3.46   3.84   3.50   3.65   4.68   4.46   5.04   5.16   5.26   4.30   4.63   4.32   
1979 3.77   4.09   3.66   3.59  -0.32  -1.04  -0.31  -0.26  -0.35  -0.87  -0.99  -1.19   
1980 -1.12  -1.11  -1.40  -2.55  -4.17  -4.75  -5.89  -4.57  -4.61  -2.92  -2.83  -2.64   
1981 -2.75  -2.86  -3.41  -4.04  -4.42  -4.20  -4.31   0.71  -0.30  -0.70  -0.70   0.08   
1982 0.29   0.13   1.23   1.40   2.89   3.14   3.50   3.94   3.84   6.87   6.38   6.20   
1983 5.75   5.18   5.46   4.82   4.93   4.45   4.76   4.44  -0.10  -0.34  -0.19  -0.17   
1984 -0.33  -0.58  -0.57   0.71  -1.05  -0.54  -1.44  -1.38  -1.41  -1.10  -1.29  -1.21   
1985 -1.54  -1.85  -1.71  -2.14  -1.93  -2.74  -3.51   0.00   0.08   0.51   0.88   1.23   
1986 1.33   1.46  -0.78   0.55   1.01   0.61   1.22  -0.65   2.55   2.28   2.81   2.34   
1987 1.92   1.83   2.91  -0.91  -0.56  -1.67   1.46   2.24  -0.26  -0.62  -1.03  -1.29   
1988 -1.12  -0.96  -0.93  -1.94  -2.34  -4.16  -5.11  -5.98  -5.82  -5.83  -5.58  -4.84   
1989 -4.35  -4.13  -3.91  -2.24  -2.34  -3.04  -3.75  -3.60  -3.86  -2.99  -2.63  -2.40   
1990 -2.30  -2.37  -2.64  -2.80  -3.02  -2.94  -3.54  -4.40  -4.97  -4.73  -4.81  -4.47   
1991 -4.45  -4.26  -4.48  -4.04  -3.97  -3.43  -4.29  -5.06  -3.99  -3.28  -3.15  -3.28   
1992 -3.20  -3.30  -3.41  -3.45  -3.93  -4.41  -3.72  -3.40  -3.57  -3.77  -3.07  -2.92   
1993 -2.76  -2.55  -2.64  -2.26  -2.48   0.51   2.74   2.63   1.86   1.37   1.66   1.73   
1994 1.79   1.80   1.68  -0.04  -0.85  -0.36  -0.51  -1.39  -1.48   2.38   2.34   2.07   
1995 2.13   1.99   2.34   2.36   3.79   2.82   4.02   5.05   4.13   3.84   3.41   3.04   
1996 2.91   2.69   2.67   2.21   2.88   2.02   1.93   1.40   2.22   1.90   2.25   2.07   
1997 2.21   1.89   1.67   2.87   2.12   1.28   2.80   2.57  -0.70  -0.75  -0.93  -1.20   
1998 -1.34   1.65   1.58  -0.73  -1.36   0.86   0.34   0.98   0.59   3.02   3.27   3.06   
1999 3.19   3.32   2.58   2.46   3.30   2.63   2.39   3.26   3.58  -0.29  -0.86  -0.91   
2000 -1.09  -0.66  -1.24  -1.39  -1.59  -2.08  -1.54  -2.65  -3.01   0.04   2.04   1.97   
2001 0.01  -0.13  -0.41  -0.04  -0.80   1.09   2.24  -0.88  -0.58  -0.84  -1.33  -1.33   
2002 -1.31  -1.33  -1.31  -1.12  -1.48  -1.84  -2.06  -2.37  -2.98  -2.34  -2.46  -2.21   
2003 -2.14  -2.23  -0.69  -1.26  -0.72  -1.03  -1.88  -2.62  -1.45  -1.77  -1.73  -1.40   
2004 -1.22  -1.07  -0.90  -1.41  -1.83  -3.13  -3.10  -3.28  -3.05  -1.48  -1.60  -1.57   
2005 -1.69  -1.87  -1.79  -2.39   1.12   2.42   2.44   2.35   1.57   2.12   2.35   2.55   
2006 2.26   1.91   2.18   2.69  -0.20  -1.32  -2.25  -2.36  -1.58  -1.04  -1.35  -1.49   
2007 -1.82   0.14   0.13   0.02   0.99  -0.64  -1.24  -1.06  -1.31  -1.62  -1.90  -2.05   
2008 -2.30  -2.30  -2.66  -3.20  -2.95  -3.22  -3.94  -4.41  -4.33   0.48   1.30   1.35   
2009 1.08   1.61   2.89   2.63   2.28   2.43   2.88   3.07   2.54   3.41   2.71   3.29   
2010 3.09   2.84   2.68   2.17   2.91   3.00   3.45   3.12   4.02   3.16   3.15   2.96   
2011 3.45   3.40   3.25   3.71   5.42   5.00   5.38   6.08  -0.29  -0.44  -0.75  -0.68   
2012 -0.81  -0.79  -2.01  -1.97  -2.15  -3.20  -4.03  -4.39  -5.03  -4.16  -4.07  -3.80   
2013 -3.82  -3.90 -99.99 -99.99 -99.99 -99.99 -99.99 -99.99 -99.99 -99.99 -99.99 -99.99   
