1895 0.63   0.92   0.89   1.36   1.59   2.97   3.70   3.80   2.96   2.35   2.79   2.45   
1896 2.60   2.46   2.73   3.76   4.45   4.94   5.03   4.40   4.42   3.86   5.27   4.78   
1897 4.83   5.23   5.77   5.56   4.26   4.01   4.71   4.51  -0.87  -1.01  -1.20  -1.30   
1898 -1.51  -1.38  -1.29  -1.30  -1.05  -1.53  -1.51  -1.95  -1.97  -1.28  -1.40  -1.49   
1899 -1.44  -1.75   0.07   0.11   0.95   1.19   1.09   1.21  -0.55  -0.47  -0.80  -0.89   
1900 -1.19  -1.21  -0.85  -1.50  -3.00  -4.28  -4.29   0.93   2.92   2.85  -0.20  -0.35   
1901 -0.54  -0.67  -0.61  -1.10  -2.63   1.84   2.83   2.95   3.89   4.12   3.36   3.32   
1902 2.71   3.04   5.04   4.80   4.80   5.30   5.18   5.26  -0.45  -0.30  -0.61  -0.30   
1903 -0.02  -0.01  -0.17  -0.45  -0.25  -1.26  -1.55   1.64   2.43   1.80   1.29   1.45   
1904 1.29   1.22   1.47   1.39   0.98   2.62   2.74   2.79  -0.11  -0.36  -0.87  -0.61   
1905 -0.60  -0.66  -0.76  -1.30   0.63   1.30   2.50   2.68   2.19   1.91   2.54   2.06   
1906 2.09   1.67   1.12   0.79   2.23   2.88   2.59   3.06   2.74   2.44   3.19   3.55   
1907 4.31   3.93   3.71   3.45   3.68   3.16   3.99   3.41   3.25   2.69   2.02   1.71   
1908 1.34   1.81   2.15   1.78   2.00   1.88   1.62   2.12   1.62   2.31   2.62   2.46   
1909 2.31   2.00   1.51   1.26   2.79   2.93   3.24   3.43   2.77   2.38   1.95   2.78   
1910 2.71   2.58  -0.23  -0.63  -1.17  -2.04  -2.53  -2.81  -2.22  -2.53  -2.51  -2.30   
1911 -1.66  -1.32  -1.79  -1.90  -1.94  -3.04  -3.52   0.58   1.18   1.25   1.17  -0.03   
1912 -0.11  -0.54  -0.96   0.33   1.03  -0.75   0.52   1.37   2.02   0.03  -0.46  -0.52   
1913 -0.36  -0.74  -0.60  -1.47  -1.70  -2.86  -3.40  -3.20  -3.07  -2.34  -2.51  -2.60   
1914 -2.40  -2.31  -2.11  -2.01  -2.04   1.44  -0.09  -0.05  -0.30  -0.31  -0.54  -0.44   
1915 -0.47  -0.18  -0.62  -1.39   0.40   1.34   2.15   2.03   2.48   2.30   2.46   2.32   
1916 2.99   2.75   3.31   3.12   3.11   3.34   3.63   4.25   3.93   3.52   2.94   3.35   
1917 3.40   3.28   2.73   2.97  -0.41  -0.92  -1.32  -1.85  -1.87  -1.72  -2.22  -2.00   
1918 -1.61  -1.76  -2.28  -1.60  -1.47  -2.42  -2.21  -1.50  -1.99  -2.43   0.37   0.82   
1919 0.38   0.55   0.56   0.47   0.80  -0.78  -1.32  -2.03  -2.48   0.77   1.37   1.28   
1920 1.61   1.41   1.51   1.81   1.90   2.24   2.33   2.20   2.35  -0.44  -0.54  -0.58   
1921 -0.68  -0.67  -0.41  -0.18  -0.05  -0.47   0.26   0.43   1.71   1.54   1.50   1.31   
1922 1.34   1.90   1.78   1.31   1.76   2.10   2.45   1.99   1.85   1.35   3.12   3.15   
1923 3.02   3.02   2.61   2.63   2.30   2.35   2.71   3.19   3.62   3.55   3.03   2.59   
1924 2.12   1.90   1.48   1.82   1.12   1.91   1.75   1.04   1.13   1.95  -0.35  -0.21   
1925 -0.31  -0.44  -0.45  -0.78  -1.28   1.61  -0.36  -0.81  -0.44  -0.05  -0.32  -0.41   
1926 -0.27  -0.31  -0.84  -1.69  -2.06  -2.45  -2.90  -0.01   0.41   0.58  -0.03  -0.04   
1927 -0.14  -0.34  -0.48   0.28   2.52   2.35   3.08   4.37   3.75   3.54   3.32   3.42   
1928 2.97   2.46   2.18   1.82   0.81   1.85   3.10   3.32   2.91   2.40   2.21   1.84   
1929 1.86   1.55   1.57   1.39   1.98  -0.96  -1.45  -2.16   0.29   0.99   0.93   1.03   
1930 0.81   1.46  -0.51  -0.75  -0.49  -0.64  -1.87   0.49  -0.57   1.03   1.27  -0.16   
1931 -0.46  -0.44   0.58  -0.64  -0.62  -1.44   0.61   0.77   1.05   0.04  -0.03   0.04   
1932 0.11  -0.15  -0.08  -0.16   0.25  -0.06  -0.48  -1.15  -1.72  -0.61  -0.84  -1.07   
1933 -0.64  -0.74  -0.79  -1.07  -0.89  -2.52  -2.81  -3.66  -4.21  -4.25  -3.76  -3.54   
1934 -3.62  -3.73  -3.70  -4.45  -6.48  -6.50  -7.38  -8.08  -7.93  -7.21  -7.02  -6.62   
1935 -6.41  -5.83  -5.22  -3.91  -2.89  -2.51  -1.70  -1.95  -2.63  -3.04  -2.61  -2.21   
1936 -1.78  -1.53  -1.22  -1.26  -2.79  -4.68  -6.91  -7.33  -7.31  -7.20  -6.57  -6.12   
1937 -5.29  -4.82  -4.59  -4.47  -4.74  -2.86  -2.56  -3.45  -3.41  -3.48  -3.33  -2.82   
1938 -2.30  -1.82  -1.85  -2.38  -2.10  -2.22  -2.11  -3.04  -3.44  -3.95  -3.38  -3.33   
1939 -3.17  -2.71  -2.92  -3.17  -3.65  -2.25  -2.55  -2.15  -2.74  -2.48  -2.86  -2.64   
1940 -2.86  -2.76   0.14   1.83  -0.42  -1.32  -1.07  -1.72  -1.88  -1.63  -1.25  -1.40   
1941 -1.34  -1.40  -1.39  -1.24  -1.60   1.27  -0.65   0.11   1.90   2.06   1.60   1.14   
1942 0.60   0.71   1.13   1.22   2.33   2.61   3.25   3.32   4.12   3.63   3.00   2.71   
1943 3.08   2.97   3.32   2.57   2.70   4.47   4.78   5.54   4.50   4.40   4.03   3.51   
1944 3.30   3.02   2.55   2.27   1.99   3.15   2.60   3.17   3.03   2.08   4.15   3.50   
1945 3.38   3.13   3.20   2.98   2.60   2.33   2.24   2.92   3.40  -0.67  -0.61  -0.46   
1946 -0.78   0.09   0.84  -0.56  -0.58  -0.58  -0.65  -0.80   1.15   2.44   2.00   2.09   
1947 0.01  -0.15  -0.38  -0.14  -0.69   1.89   2.46   2.38   2.06   2.89   2.88   2.59   
1948 2.38   2.77   2.41   2.48  -0.59  -0.69  -0.27  -0.63  -1.79   0.30   0.46   0.38   
1949 1.04   0.02  -0.24  -0.67  -0.79  -1.64  -0.67  -1.08  -1.51   1.16   0.64   0.61   
1950 0.98   1.02   2.26   2.65   3.29   2.85   2.73   2.83   3.09   2.54   2.19   2.21   
1951 2.32   2.95   2.44   1.87   1.27   1.68   2.45   4.57   4.44   4.31   3.65   4.04   
1952 4.10   4.43   4.07  -0.96  -1.83  -1.68  -1.70  -1.84  -2.66  -3.04  -3.11  -3.14   
1953 -2.95  -2.85   0.60   1.42   2.68   4.19   4.07   4.26   3.46   3.09   2.51   2.24   
1954 2.02   1.48   1.49   0.84   0.95   1.37   1.76   2.22   2.81  -0.16  -0.65  -0.98   
1955 -1.08  -1.00  -1.45  -1.96  -1.62  -1.18  -1.24  -1.91  -1.29  -1.88   0.37   0.21   
1956 0.55  -0.28  -0.19  -0.78   0.66   0.53   1.22   1.93  -0.48  -1.12   0.87  -0.14   
1957 -0.21  -0.40  -0.85   0.17   0.99   1.08  -0.10  -0.08  -0.24   0.69   0.59   0.54   
1958 0.39   0.82  -0.35  -0.58  -1.47  -1.09  -1.11  -1.78  -2.49  -2.70  -1.42  -1.30   
1959 -1.25  -1.10  -1.41  -1.97  -1.56  -2.25  -3.48  -3.98  -3.41  -2.91  -2.29  -2.18   
1960 -2.10  -2.24  -2.30  -2.75  -2.09  -1.96  -2.89  -2.12  -2.62  -3.14  -3.17  -2.70   
1961 -2.91  -2.70  -3.29  -2.86  -3.19  -4.47  -4.92  -5.74  -3.63  -3.40  -3.53  -3.25   
1962 -3.01  -2.90  -2.88  -3.43   1.96   1.76   2.69   2.57  -0.01  -0.39  -0.65  -0.82   
1963 -0.99  -0.86  -1.09  -0.94  -0.96  -1.02   0.28   0.63  -0.34  -0.75  -1.21  -1.14   
1964 -1.18  -1.45  -1.86   0.53  -0.54   1.58   1.52  -0.41  -0.80  -1.45  -1.33  -1.17   
1965 -1.00  -1.12  -1.38   0.42   1.57   1.60   2.32   3.01   4.40   3.68   3.10   2.78   
1966 2.44   2.28   3.23   3.26   2.65   3.19   3.76   4.76   4.02   3.45   2.98   2.54   
1967 2.47   2.35   1.77   2.91   3.14  -0.28  -0.94  -1.26  -0.64  -0.22  -0.54  -0.22   
1968 -0.41  -0.72  -0.66   0.07   0.13   1.34  -0.66   1.36   1.46   0.65   0.55   0.80   
1969 1.27   1.97  -0.08  -0.59  -1.04   0.16   1.92  -0.44  -0.96  -1.07  -1.39   0.44   
1970 0.45  -0.14  -0.47   1.51   2.36   1.86   1.87   0.89   0.97   0.68   1.45   1.10   
1971 1.31   1.14   0.67   1.12   1.06   1.64  -0.08  -1.19   0.22   1.86   1.71   1.64   
1972 1.77   1.62   1.78   1.98   3.31   2.72   2.87   3.26   2.51   3.24   2.64   3.01   
1973 -0.19  -0.35  -0.39  -0.19  -0.28  -1.13  -1.65  -2.55   0.79   1.06  -0.21  -0.09   
1974 -0.54  -0.77  -1.15   0.83   1.24  -1.40  -2.07  -2.18  -2.71  -2.79  -2.41  -2.43   
1975 -2.40  -2.42   0.92   2.93   3.33   4.35   4.25   4.32  -0.22  -0.30  -0.50  -0.38   
1976 -0.11  -0.35  -0.47   0.84  -0.62  -0.49  -1.09  -2.06  -2.29  -2.38  -2.53  -2.32   
1977 -2.22  -2.23  -1.83  -2.99  -3.63  -3.48  -3.44   0.06   3.38   3.66   4.28   4.79   
1978 4.39   4.28   3.96   4.27   4.83   4.62   5.10   4.62   4.22   3.35   3.57   3.32   
1979 3.07   3.53   3.32   3.25   2.62   1.67   2.94   2.97  -0.45  -0.96  -1.27  -1.42   
1980 -1.11  -1.26  -1.59  -2.55  -3.78  -4.34  -4.65  -2.56  -2.56  -0.97  -1.18  -1.29   
1981 -1.50  -1.35  -1.95  -2.86  -3.33  -3.42   0.33   0.96   1.14   0.74   0.64   0.53   
1982 0.66   0.56   1.23   1.01   2.16   2.13   2.49   2.34   1.82   4.46   4.14   4.00   
1983 3.62   3.38   4.12   3.83   3.71   3.53   4.03   3.71   3.29   3.08   2.80   2.59   
1984 2.24   1.79   2.05   3.14   2.05   2.97  -0.53  -0.70  -0.73  -0.65  -0.61  -0.58   
1985 -0.81  -1.14  -1.06  -1.46  -1.05  -1.54  -2.48   0.89   0.81   1.16   1.40   1.33   
1986 1.26  -0.10  -0.86   1.32   2.26   1.80   3.20   3.41   5.28   4.76   5.49   4.77   
1987 4.20   4.76   5.42   4.03   4.51   3.09   4.19   4.48  -0.52  -0.88  -1.24  -1.42   
1988 -1.22  -1.21  -1.19  -2.07  -2.88  -4.21  -5.28  -5.21  -5.19  -5.24  -4.87  -3.98   
1989 -3.56  -3.47  -3.38  -2.47  -2.63  -3.71  -4.48  -3.59  -3.74  -3.85  -3.45  -3.33   
1990 -3.21  -3.23  -3.40  -4.02  -4.24  -3.83  -4.50  -4.88  -4.95  -4.94  -4.94  -4.43   
1991 -4.45  -4.26  -4.42  -4.06  -3.45  -3.47  -4.15  -4.85  -4.58  -3.08  -2.69  -2.75   
1992 -2.59  -2.45  -2.27  -2.63  -3.24  -2.87  -2.15  -2.22  -2.08  -2.22  -1.75  -1.62   
1993 -1.54  -1.50  -1.79  -1.68   0.09   1.04   6.61   7.13   6.31   5.35   5.35   5.32   
1994 5.18   4.98   4.77   4.44   3.35   3.20   3.44   2.74   3.63   6.17   6.20   5.77   
1995 5.39   5.03   5.50   5.43   6.63   5.72   7.67   7.83   7.07   7.06   6.44   5.91   
1996 5.76   5.29   5.31   4.68   4.70   3.80   4.23   3.89   4.84   4.83   5.27   5.22   
1997 5.35   4.99   4.88   5.92  -0.62  -1.26  -0.23  -0.68  -0.92  -0.45  -0.52  -0.84   
1998 -1.09  -0.09  -0.38  -1.14  -1.92  -1.83  -1.84   2.34   1.84   3.72   4.08   3.68   
1999 3.81   3.44   2.71   2.65   4.49   4.61   4.94   6.93   6.83   5.97   4.95   4.33   
2000 3.84   4.65   4.44   4.32   4.19   4.89   5.87   5.48   4.81   4.70   5.70   5.27   
2001 4.89   4.59   3.92   3.92   3.39   3.94   6.29  -0.49  -0.47  -0.37  -0.88  -1.10   
2002 -0.92  -1.07  -1.09  -1.00  -1.51  -2.69  -2.37  -2.54  -3.06  -2.45  -2.55  -2.24   
2003 -2.21  -2.21  -2.18  -2.75  -1.23  -1.22  -2.00  -2.87  -2.32  -2.61  -2.38  -2.06   
2004 -1.68  -1.63  -1.45  -1.98  -1.94  -2.10  -2.18  -1.93  -1.52  -1.03  -1.34  -1.50   
2005 -1.64  -1.89  -1.97  -2.70   0.57   1.59   1.65   1.63  -0.82   0.35   0.60   0.89   
2006 -0.20  -0.46  -0.58  -1.14  -1.84  -3.40  -4.67  -4.43   0.51   0.76   0.22   0.49   
2007 0.04   0.19   0.40   0.11   1.90   2.06   1.47   2.47   2.38  -0.27  -0.56  -0.64   
2008 -0.91  -0.93  -1.13  -1.48  -1.58   0.63   0.58  -0.64   0.32   1.01   2.30   3.19   
2009 3.35   4.34   6.05   5.67   5.45   6.27   7.23   7.00   6.40   7.37   6.41   7.23   
2010 7.32   7.13   7.26   7.48   7.94   7.75   8.17   8.28   9.63   8.74   8.26   8.56   
2011 8.44   8.14   8.37   8.51   9.34   9.26   9.99  10.67   9.82   9.24  -0.25   7.31   
2012 6.53   6.18   4.85   4.49   4.01   2.83   2.34   2.18   0.95   1.09   1.05   0.95   
2013 -1.33  -1.41 -99.99 -99.99 -99.99 -99.99 -99.99 -99.99 -99.99 -99.99 -99.99 -99.99   
