1895 0.65  -0.58  -1.22  -1.66  -2.04  -2.43  -3.29  -3.48  -4.10  -4.31  -4.23  -3.45   
1896 -3.17  -2.45  -1.97  -2.03  -2.77   0.08   1.65   1.64   2.48   2.29   2.03   1.60   
1897 1.33   1.39   1.70   1.51   1.79   1.37   1.57  -0.18  -1.09  -1.97   0.93   0.84   
1898 1.79   1.92   2.03  -0.32  -0.28  -0.83  -1.19  -1.04  -1.43   0.46   0.72   0.92   
1899 0.93   0.63   1.35  -1.02  -0.98  -1.41  -1.36  -2.06  -1.90  -2.25  -3.13  -3.16   
1900 -2.77  -1.94  -1.74  -2.01  -2.65  -2.82  -2.43  -2.27  -2.95  -3.40  -3.36  -3.94   
1901 -3.82  -3.86  -3.49  -3.59  -3.00  -2.76  -2.99  -3.02  -2.98  -3.79  -4.34  -4.14   
1902 -4.37  -4.37  -4.11  -4.06  -4.11   1.09   1.58   0.80   1.28   1.45   0.94   1.36   
1903 1.30   2.10  -0.03   0.06  -0.66   0.64   0.62   0.66  -0.70  -0.60  -0.86  -0.85   
1904 0.57   0.77   1.37   1.55   1.49  -0.17  -0.01  -0.10  -0.42  -0.38  -1.41  -1.44   
1905 -1.63  -1.88  -2.01  -1.87   0.44   0.70   0.64   1.02   1.18   1.70   1.70  -0.02   
1906 -0.08  -0.55  -0.27  -0.99  -1.25  -0.05   0.50   0.90   0.34   1.10   0.85   1.18   
1907 2.67   1.61   1.97   1.87   1.73   1.89   2.27   1.87   2.22   2.28   1.97   2.11   
1908 1.76   2.28   2.60   2.24   2.31  -0.45  -0.34  -0.53  -1.72  -2.30  -3.50  -4.04   
1909 0.07   1.35   1.07   1.52   1.43   1.64  -0.34  -0.41  -0.85  -0.84  -1.25   0.00   
1910 1.04   2.09  -1.59  -1.44  -1.13  -1.08  -1.77  -2.36  -2.13  -1.92  -2.16  -2.11   
1911 -0.83  -0.89  -1.13  -0.84  -1.60  -1.54  -2.20   0.63   0.97   2.47   2.58   3.04   
1912 2.67   2.28   2.28   2.26   1.90   1.48   2.13   2.48   2.24   2.29   1.85   1.75   
1913 3.11   2.61   4.22   3.92  -0.06  -0.75  -0.13  -0.58  -0.88   0.36   0.47   0.16   
1914 0.25   0.46   0.28   0.61  -0.10  -0.43  -1.03  -0.63  -1.39  -1.39  -1.88  -1.61   
1915 -1.21  -0.93  -1.60  -2.56  -2.41   0.21   1.19   1.69   2.05   1.94   1.63   1.89   
1916 2.70   2.27   2.69   2.14   2.11   2.46  -1.04  -1.42  -1.54  -1.54  -1.83  -1.78   
1917 -1.21  -1.67  -1.72  -1.63   0.15   0.67   0.62   0.44   0.01   1.60  -0.54  -0.80   
1918 -0.50  -0.41  -0.94  -1.27  -1.10  -1.24  -1.82  -1.90   0.66   0.62  -0.19  -0.06   
1919 -0.41  -0.83   0.31   0.49   0.90   0.17   0.29   0.65   0.12   1.03   1.30  -0.23   
1920 -0.30  -0.75  -1.00   0.97   0.09   0.16   0.44   0.71   0.55   0.05   0.14   0.14   
1921 0.07   0.01   0.74   0.76  -0.35  -0.94  -1.61  -1.21  -1.34  -1.55  -1.20  -0.85   
1922 -1.01  -1.34   0.24   0.44   0.44   0.45  -0.08  -0.36  -0.72  -1.25  -2.12  -2.51   
1923 -2.05  -2.34  -2.14  -2.26  -2.15  -2.25  -2.15  -1.74  -1.59  -1.79  -2.16   0.86   
1924 1.37   1.19   0.89   0.59   0.93   1.50   1.12   0.61   1.58  -0.92  -1.39  -1.26   
1925 -1.34  -1.28  -1.52  -2.20  -2.14  -2.39   0.44  -0.44   0.19   1.07   1.51  -0.49   
1926 -0.44   0.52  -0.25  -0.19  -0.73  -0.74   0.06   0.68   2.03   3.19   3.15   2.61   
1927 2.56   2.49  -0.21  -0.58   0.09   0.19   0.57  -0.58  -1.21  -1.49   1.01   1.77   
1928 1.41   1.74   1.60   1.59   0.63   1.91   2.12  -0.33  -0.93  -1.18  -1.35  -1.60   
1929 0.88   0.90   0.37   1.21   1.34   1.25   1.20   0.81   0.55   1.64   2.17   2.48   
1930 3.05   2.81   2.59  -0.53  -1.04  -1.44  -2.71  -3.49  -3.75  -4.25  -5.22  -6.36   
1931 -6.92  -7.10  -7.22  -6.17  -5.51  -5.26  -5.70  -5.09  -4.88  -4.87  -5.27  -5.30   
1932 -4.01  -4.15  -3.83  -3.50  -3.30  -3.76  -3.42  -3.56  -3.93  -3.74  -3.67  -3.14   
1933 -3.35  -3.25  -2.31  -2.11  -2.06  -2.90  -3.96  -4.66  -4.72  -5.26  -5.52  -5.94   
1934 -6.10  -6.19  -5.75  -5.31  -6.24  -6.68  -6.96  -6.18  -5.21  -5.52  -5.86  -6.44   
1935 -6.18  -5.25  -5.51  -5.70  -5.23  -4.81  -4.27  -2.77  -2.62  -2.63  -2.72  -2.25   
1936 -2.57  -2.18  -1.54  -1.60  -2.43  -2.89  -2.91  -2.77  -2.95  -2.87  -3.00  -3.41   
1937 2.23   1.63   1.16   1.47   1.10   2.09   2.26   1.94   1.45   1.88   1.48   1.55   
1938 0.95   1.22   1.49  -0.27  -0.29  -0.13  -0.01  -0.61   1.20  -0.66  -0.55  -0.85   
1939 0.08   0.74   0.88   1.12  -1.08  -0.75  -0.57  -1.39  -1.81  -1.80  -2.77  -3.64   
1940 -4.04   0.52   0.48   1.35   1.68   2.26  -0.85  -0.26  -0.83  -1.33  -1.36  -0.86   
1941 -0.96  -1.24  -1.84  -2.87  -3.15  -2.82  -1.67  -1.32  -2.04  -1.23  -1.61  -1.87   
1942 -1.98   0.66   0.99   0.45   0.79   0.86   1.40   1.03   0.85   1.19   1.43   2.14   
1943 1.81   1.57   1.42   1.61   2.18   1.54   2.36  -0.41  -0.49  -0.36  -0.78  -1.45   
1944 -1.64  -1.61  -1.04  -0.63  -0.79  -1.36  -2.07  -2.03  -2.20  -2.73  -3.19  -3.28   
1945 -3.32   0.04   0.42   0.18   0.76   0.79   0.70   0.36   1.73   2.77   2.80  -0.13   
1946 -0.68  -0.35  -1.06  -1.89   1.55   1.55  -0.70  -0.91  -1.85  -1.43  -1.73  -1.75   
1947 1.06  -0.59  -0.66   0.90   2.14   2.98   2.59   2.83  -0.34  -1.17  -1.31  -1.64   
1948 -1.65   0.00   0.68   0.76   1.20   1.60  -0.35  -0.14  -0.61   0.19   0.14   0.32   
1949 0.96   0.90  -0.24  -0.33  -0.46  -1.23  -1.08  -1.18  -1.20  -2.21  -2.70  -2.95   
1950 1.94   2.85   3.07   3.83   3.07   2.99   2.99   2.23   2.34   1.86   2.94   2.56   
1951 2.59   2.83   3.60   3.32   2.55   2.19   2.05   1.33   1.35   0.63   1.14   2.05   
1952 3.14   2.91  -0.09  -0.10  -0.13  -0.90  -1.39  -1.52  -1.47  -1.97  -2.49  -2.88   
1953 -2.23  -2.64  -2.72  -2.59  -1.86  -1.96  -2.33  -2.57  -2.91  -3.77  -4.45  -4.74   
1954 -4.40  -4.14  -2.54  -1.48  -1.96  -2.61  -3.38  -3.31  -3.60   2.36   1.95   1.72   
1955 1.40   1.36   2.05  -0.15  -0.63  -0.66  -1.03  -1.02  -1.70   0.78   1.37  -0.72   
1956 -0.88   0.96   1.56   1.91   2.93   3.00   3.42   4.81   4.43  -0.60  -0.94  -0.94   
1957 -0.83  -1.01  -1.55   1.23   1.01   2.03  -0.46  -1.16  -1.27  -1.28  -1.63  -1.20   
1958 -1.06  -1.50  -2.27  -2.03  -2.04   0.71   2.44   3.29   3.65   3.22   3.56   2.60   
1959 3.50   4.05   3.50   3.63   2.99   2.57   2.81   1.95   1.54   2.43   2.91   2.85   
1960 2.74   2.64  -0.49  -1.32  -0.67  -0.70  -0.28  -0.04  -0.93  -1.45  -1.98  -2.67   
1961 -3.29   0.60   0.49   1.95   1.32   1.58   2.04  -0.01  -0.63  -0.76  -0.74  -0.87   
1962 -0.64  -0.61  -0.99  -1.68  -2.44  -2.84  -2.63  -3.19  -2.53  -2.17  -2.11  -1.71   
1963 -2.06  -2.53  -2.09  -2.20  -2.53  -2.94  -3.19  -3.36  -3.83  -4.91  -4.98  -5.52   
1964 -5.52  -5.29  -3.23  -1.85  -2.04  -2.39  -2.31  -1.65  -2.35  -2.53  -3.37  -3.15   
1965 -1.75  -1.11  -1.02  -1.30  -1.88  -1.86  -2.03  -1.79  -1.91  -1.09  -0.85  -1.11   
1966 -0.90  -0.93  -1.27  -0.90  -1.10  -1.81  -2.46  -1.96  -2.13  -2.50   0.59   0.88   
1967 -0.48  -0.43  -0.57  -0.82  -0.16  -0.67  -0.57  -0.69   0.16   0.16   0.55   0.40   
1968 0.88  -0.70  -1.13  -1.49   0.72  -0.33  -0.52  -0.55  -0.63   0.09   0.57   1.45   
1969 1.48  -0.78  -1.29   0.53   1.01   1.08   2.41  -0.86  -0.82  -0.82  -0.56  -0.31   
1970 -0.62  -0.85  -0.97  -1.21  -0.05   0.48   0.80   0.02   0.26   0.83   1.28   1.35   
1971 0.91   1.35  -0.41  -1.14  -1.23  -1.57  -1.57  -1.92  -1.76  -2.36  -2.67   0.35   
1972 -0.34   0.00   0.32   0.71   0.35   1.44   1.60   1.36   2.87   2.56   3.27   3.23   
1973 2.61   2.22   1.98   1.87   2.40   2.52   2.02   1.55   1.17   1.33   1.08   1.19   
1974 1.18   0.83   1.48   1.36   1.74   1.81   1.28   2.05   2.04   1.70   2.50   2.76   
1975 2.87   3.14   2.95   2.06   1.55   1.66   0.99   2.36   3.03   2.78   2.28   2.64   
1976 2.86   3.16   2.90   1.94   1.17   1.03   2.02   2.07   3.01   3.19  -0.27  -0.58   
1977 -0.84  -1.22  -0.71  -0.36  -1.67   0.34   1.06   1.94   2.45   2.33   2.91   3.52   
1978 3.85  -0.91  -1.04  -1.00  -0.70  -0.79  -1.04  -1.09  -1.45   0.61  -0.59   0.44   
1979 0.79   0.69   0.18   0.55   0.99   0.39   0.18   0.84   1.94   2.25   2.44   3.04   
1980 2.33   1.77   2.27   2.05   1.57   1.76   2.65   3.52   3.32   3.49   3.09   2.53   
1981 1.65   2.48   1.66   2.41   2.17   2.56   2.59   2.28   2.69   3.05   2.78   2.92   
1982 3.31  -0.25  -0.07  -0.84  -1.04  -0.15  -0.90  -1.36  -1.17  -1.82   0.59   0.94   
1983 -0.43  -0.97  -0.89   0.41   0.88   0.80   0.43   0.10   0.29   0.57   1.41   1.92   
1984 1.23   1.29   1.29   0.86   1.96   1.31   1.48   1.78   1.75   1.41   1.71   1.92   
1985 1.48   1.24   2.01  -1.04   0.03   0.03   0.60   0.99   0.28   0.11   2.77   2.65   
1986 2.11   2.31   1.55   0.69   0.77   2.12   2.09   1.50   2.05   2.52   2.68   2.70   
1987 -0.10  -0.98  -0.86  -1.02  -1.77   0.66   0.63   1.91   1.84   2.40  -0.37  -0.16   
1988 -0.69  -0.31  -0.75  -0.92  -1.52  -2.62  -2.39  -2.42  -2.25   0.63   0.89   0.83   
1989 0.61   0.32   0.41   0.15   1.63   2.78   2.22   1.30   1.87   2.02   2.25   1.87   
1990 1.44   2.41   0.82   0.87   1.75   1.22   2.07   2.54   3.91   4.67   4.15   5.87   
1991 -0.04  -0.26  -0.46  -0.63  -1.50  -2.70  -3.25  -3.75  -3.90  -4.06  -4.65  -4.96   
1992 -4.89  -4.55  -3.95  -3.49  -3.55  -3.90   2.70   3.66   4.09   4.10   4.92   4.80   
1993 5.00   4.37   4.46   4.06   2.60   3.13   2.23   0.97   1.67   1.83   2.68   2.39   
1994 2.50   1.79   1.48   1.98   1.32   1.18   0.90   1.86  -0.19  -0.57  -0.72   0.09   
1995 0.88  -0.33  -1.11   0.21   0.46  -0.49  -0.25  -0.99  -1.75   0.68   1.10   0.88   
1996 1.15   0.91   0.81   1.84   1.87   2.36   2.29   1.76   3.81   4.43   5.08   5.20   
1997 4.42   4.13   3.92   3.31   3.85   4.06  -1.00  -0.32  -0.28  -0.62  -0.70  -0.76   
1998 0.86   0.27   0.03   1.32  -1.16  -0.89  -1.28  -1.01  -1.81  -1.82  -2.46  -3.00   
1999 -2.14  -1.96  -2.18  -1.69  -2.11  -2.79   0.18  -0.22   0.37   0.44   0.51   0.52   
2000 0.52  -0.02  -0.72   0.61   1.13   1.58   1.93   2.00   1.93   1.98   1.96   2.19   
2001 -0.39  -0.60  -0.81  -1.06  -1.11  -1.47  -2.27  -2.28   0.16   0.85   0.61   0.56   
2002 0.37   0.38   0.51   0.87   1.83  -0.43  -0.95  -1.42  -1.34  -1.60  -1.44  -1.13   
2003 -1.05  -0.94  -1.11  -1.41   1.57   1.73   4.01   3.52   5.13   5.18   4.99   4.88   
2004 4.83   3.69   3.70   3.51   4.36   4.27   4.34   4.45   4.83   4.41   4.22   4.65   
2005 6.09   5.58   4.57   4.95   4.24   3.05   3.16   3.46   3.24   3.08   2.90   2.30   
2006 2.22   2.20   1.49   0.87   1.53   2.32   4.49   4.07   4.58   5.95   5.37   5.40   
2007 6.26   5.46   5.01   4.63   3.26   2.40   1.49   2.90   2.37   2.15   2.58   3.53   
2008 3.47   4.97   6.34   4.81   4.69   4.87   5.06   4.42   4.21   4.29   4.76   5.20   
2009 5.03   4.65   4.47   4.10   3.28   3.23   3.58   3.39   3.08   3.64   2.81   2.98   
2010 2.73   2.85  -0.49  -1.27  -1.07  -0.67  -0.64  -0.88  -0.97   0.25   0.89   1.22   
2011 0.95   2.14   2.93   4.01   5.27   4.55   4.06   4.57   5.82   6.49   6.66   7.09   
2012 6.96   5.88   4.69   3.23   2.32   1.21   1.27   1.23   2.12   4.12   3.31   3.96   
2013 3.51   3.15 -99.99 -99.99 -99.99 -99.99 -99.99 -99.99 -99.99 -99.99 -99.99 -99.99   
