1895 0.64  -0.56  -1.12  -1.65  -2.35  -3.05  -3.42  -3.72  -3.98  -4.10  -3.51  -2.83   
1896 -2.82  -2.71  -2.35  -2.74  -3.30   0.10   1.64   1.82   2.70   2.39   2.42   1.99   
1897 1.88   2.18   2.89   2.53   2.47  -0.26  -0.16  -0.38  -1.08  -1.99   1.19   1.14   
1898 2.13   1.97   3.11   2.36   2.23   1.63   1.32   1.34   1.08   1.53   1.73   1.76   
1899 1.76   1.40   1.94  -1.00  -1.12  -1.69  -1.65  -1.81  -2.02  -2.16  -2.63  -2.56   
1900 -2.44  -1.77  -1.89  -2.34  -2.71  -2.78  -2.43  -2.43  -2.87  -3.19  -2.74  -3.15   
1901 -3.19  -3.11  -3.03  -2.82  -2.56  -2.25  -2.98  -2.91  -3.05  -3.38  -3.93  -3.53   
1902 -3.83  -4.16  -4.00  -4.07  -4.01   2.12   1.95   1.50   2.20   2.10   1.96   2.27   
1903 2.00   2.84  -0.20   0.29  -0.47  -0.29  -0.44  -0.80  -1.21  -1.10  -1.36  -1.69   
1904 0.54   0.75   2.06   2.09  -0.07  -0.51  -0.43  -0.62  -0.93  -1.29  -2.31  -2.27   
1905 -2.48  -2.38  -2.56   0.08   0.82   1.03   0.95   1.62   1.98   2.77   2.94  -0.05   
1906 -0.05  -0.47   0.64  -0.67  -1.21  -1.54   0.30   0.81   0.62   0.74   0.76   1.31   
1907 2.86   1.81   2.44   2.18   2.11   2.10   2.53   2.61   2.44   2.66   2.60   2.93   
1908 2.36   3.03   3.50   3.20   3.00  -0.87  -1.00  -1.42  -2.21  -2.80  -3.63  -4.20   
1909 -3.83   1.22   0.95   1.11   1.63   2.14   2.29   2.31   1.93   2.16   1.88   1.76   
1910 2.26   2.79  -1.63  -2.01  -1.49  -2.48  -2.24  -2.80   0.34   1.01   0.76   0.61   
1911 1.15  -0.25  -0.56   0.70  -1.12  -1.28  -1.98   0.40   1.18   2.11   2.47   2.61   
1912 2.22   2.06   2.42   2.43  -0.47  -0.99   0.39   0.79  -0.03  -0.05  -0.70  -1.22   
1913 1.74   1.39   3.46  -0.01  -0.21  -1.22  -1.14  -1.38  -1.37   0.22   0.35  -0.35   
1914 -0.32   0.45  -0.26  -0.22  -0.54  -0.93  -1.75  -1.24  -1.60  -1.44  -2.06  -1.86   
1915 -1.43  -1.55  -2.05  -2.78   0.07   0.22   1.46   2.31   2.73   2.58   2.58   2.93   
1916 3.96   3.26   3.28   2.50   2.40   3.09  -0.76  -0.81  -1.07  -1.19  -1.61  -1.61   
1917 0.36  -0.39   0.25   0.31   0.76   1.61   1.47   1.20   0.83   2.03  -0.35  -0.65   
1918 -0.32  -0.30  -0.78  -0.57  -0.60  -1.14  -1.35  -1.33   0.68   0.70   0.39   1.03   
1919 -0.51  -0.90  -0.46  -0.67  -0.17  -0.98  -1.36  -1.09  -1.49   1.43   2.05  -0.32   
1920 -0.38  -0.94  -1.01   1.19   0.75   0.70   0.95   1.29  -0.15  -0.40  -0.39  -0.35   
1921 -0.36  -0.47   0.76  -0.06  -0.41  -1.00  -1.71   0.33   0.64   0.51   1.51   1.88   
1922 1.34   0.75   1.62   1.98   2.02  -0.71  -0.88  -1.02  -1.24  -1.50  -2.17  -1.93   
1923 -1.51  -1.55  -1.34  -1.60  -1.34  -1.64  -1.71   0.66   0.76   0.67   0.54   2.00   
1924 2.24   1.83   1.96   1.35   1.40   2.58  -0.45  -0.75  -0.15  -1.06  -1.71  -1.54   
1925 -1.86  -1.84  -1.93  -2.57  -2.51  -2.72   0.27  -0.32   0.37   1.32   2.23  -0.49   
1926 -0.52  -0.13  -0.26  -0.06  -0.50  -0.73   0.08   1.13   3.22   4.28   3.96   3.39   
1927 3.32   2.97   2.89   3.15   3.22   2.77   2.69   2.65   2.24   1.62   2.52   3.17   
1928 2.58   2.67   2.16   1.86   0.95   1.94   2.06  -0.15  -0.84  -0.76  -0.77  -0.86   
1929 0.94   0.86   0.37   0.50   1.20   1.41   1.70   1.86   1.95   2.67   3.25   3.80   
1930 4.53   0.05  -0.29  -0.79  -1.61  -2.10  -2.98  -3.07  -2.72  -2.97  -3.59  -4.45   
1931 -4.91  -5.18  -5.34  -4.73  -4.71  -4.33   0.17   0.62   0.62   0.70   0.38   0.65   
1932 1.72  -0.42  -0.25  -0.76  -1.60  -1.33  -1.87  -2.65   0.46   1.03   1.37   2.22   
1933 1.71   1.33   1.95   1.61   2.67  -1.03  -1.77  -1.66   1.13  -0.14  -0.58  -0.59   
1934 -0.97  -1.37  -1.19  -1.84  -3.02  -3.46  -4.69  -4.11  -3.91  -4.67  -5.37  -6.02   
1935 -5.85  -6.15  -5.84  -5.74  -4.48  -3.66  -3.15  -2.33  -1.93  -1.75  -1.55  -1.26   
1936 -1.53  -1.05  -0.84  -0.88  -1.65  -2.38  -3.16  -3.29   0.16   0.56  -0.25  -0.57   
1937 2.66   2.08   1.39   1.61   1.30   1.79   2.04   2.05   2.21   2.89   2.70   2.59   
1938 1.92   2.26   2.74   2.21   2.47   2.25   2.84  -0.54  -0.17  -0.86  -0.71  -1.15   
1939 -1.17   0.54   0.76   1.36  -1.00   1.21   1.76  -0.44  -1.06  -0.62  -1.09  -1.61   
1940 -1.80  -1.51  -1.65   0.91   0.99  -0.08  -1.06  -1.36  -2.08  -2.11  -2.15  -2.21   
1941 -2.31  -2.63  -3.23  -3.58  -3.80  -2.88  -2.38  -2.50  -3.06   1.24   1.02   0.89   
1942 0.38   0.87  -0.01  -0.44  -0.59  -0.57   0.35   0.70   0.63  -0.34  -0.27  -0.10   
1943 -0.31  -0.47   0.64   0.33   0.98   0.32   1.08   1.21  -0.02  -0.18  -0.58  -1.38   
1944 -1.95   0.09   0.83   1.37  -0.31  -0.86  -1.90  -1.51  -2.08  -2.77  -3.24  -3.72   
1945 -4.14  -3.96   1.17   1.00   1.30   2.42   2.49   1.94   2.72   2.83   2.99   2.78   
1946 -0.53  -0.01  -0.57  -1.29   0.59   1.02  -0.28  -0.70  -1.40  -1.32  -1.47   0.01   
1947 0.68  -0.70  -1.01   0.93   1.73   2.66   2.47   3.03   3.06   2.65   2.29   1.90   
1948 1.64   2.01   2.40   2.63   2.45   2.56   2.14   1.43   1.55   1.61   2.53   2.61   
1949 3.83   3.56   3.20   2.62   2.05   2.34   2.13   2.43   2.66   2.23   1.39   1.19   
1950 3.74   4.49   3.73   3.72   2.44   2.20   1.94   2.14   2.34   2.28   3.10   2.83   
1951 3.04   3.19   3.04  -0.13  -0.18  -0.01  -0.66  -1.51  -1.58  -2.07   0.29   1.19   
1952 2.05   1.96   2.21   2.33  -0.09  -0.72  -1.45  -1.79  -1.30  -1.82  -2.43  -2.49   
1953 -2.04  -2.16  -2.24  -2.17  -1.44  -2.03  -2.17  -2.49  -2.94  -3.72  -4.65  -5.23   
1954 -4.95  -4.92  -4.33  -4.21  -4.19  -3.98  -3.84   0.88  -0.94   1.02   0.68   0.50   
1955 0.25   0.76   1.17  -0.63  -1.21  -1.51  -1.31  -1.78   0.44   0.76   1.44  -0.68   
1956 -0.94   0.86   0.75   0.86   1.20  -0.39   0.46  -0.29  -1.00  -1.96  -2.54  -2.55   
1957 -2.58  -2.34  -2.91   1.41   1.82   2.74   2.37   1.64   1.92   1.94   1.97   2.71   
1958 -0.18  -0.83  -1.52   0.17   0.11   2.66   4.07   4.27   4.48   3.86   3.95   2.88   
1959 3.86   3.95  -0.34   0.31  -0.29  -1.14  -1.40  -2.11  -2.30  -1.67  -1.51  -1.51   
1960 -1.22  -1.11  -1.82  -2.61  -2.07  -1.98  -1.70  -1.38  -2.19  -2.17  -2.47  -3.02   
1961 -3.51   0.31   0.91   1.94   1.39   1.18   1.67   1.47   1.74   1.18   1.00   1.16   
1962 1.51   0.04  -0.15  -1.21  -1.43  -2.07  -1.69  -1.86  -1.62  -1.52  -1.42  -1.77   
1963 -1.93  -2.33  -0.66  -0.82  -0.89  -1.65  -1.46  -1.83  -2.68  -3.88  -4.60  -5.47   
1964 -5.54  -5.75  -3.58  -1.58  -2.28  -2.42  -2.40  -2.66  -3.14  -3.69  -4.28  -4.23   
1965 -3.76  -2.75  -2.41  -1.31  -2.35  -3.01  -3.35  -3.59  -2.91  -2.02  -2.32  -2.85   
1966 -2.64  -2.10  -2.57  -2.35  -2.10  -2.42   0.18   0.42   0.77   0.57   1.34   1.69   
1967 1.06   0.94   1.51   1.27   2.19  -0.58  -0.87  -1.48  -1.42   0.02   0.22   1.34   
1968 -0.08  -0.79  -0.98  -1.48   1.53   1.20   1.32   1.80   1.56   1.03   1.53   1.99   
1969 2.24   1.51   0.89   0.83   1.07   1.73   2.11   2.11   2.60   2.22   2.64   2.37   
1970 1.89   1.43   1.07   1.85   1.93  -0.16   0.23  -0.90  -1.42  -1.44  -1.95  -2.15   
1971 -2.25  -1.43  -1.68  -2.38   0.30   0.29   0.59   0.31   0.88   0.52   0.11   0.76   
1972 -0.29  -0.72   0.04   1.34   1.56   1.25   1.06   0.85   2.09   2.14   3.53   3.60   
1973 2.95   2.23   2.57   2.47   2.29   2.81   3.34   4.02   3.20   3.06   3.41   3.50   
1974 3.53  -0.01  -0.16  -0.52  -0.48  -0.57  -1.63   1.29   1.64   1.22   1.16   1.40   
1975 1.91   2.63   2.66   2.32   1.24   1.32   1.76   2.11   2.45   2.27   1.84   2.21   
1976 2.15   2.24  -0.24  -0.94  -1.14   0.46   0.09   0.27   0.08   0.51  -0.44  -1.12   
1977 -1.53  -1.49  -1.20  -1.10  -2.06  -2.43  -2.70   0.38   0.37   0.67   0.35   1.18   
1978 1.67  -0.73  -0.73  -0.49  -0.45  -0.87  -0.93  -0.05  -0.99  -0.56  -1.00  -0.71   
1979 -0.25  -0.03  -0.92   0.31   0.34   0.09   1.12   2.54   2.74   2.71   3.40   2.98   
1980 2.39   1.91   2.47   1.91   1.60   2.80   2.46   2.93  -0.39  -0.23  -0.47  -0.78   
1981 -1.33  -0.97  -1.73   0.47   1.85   2.59   2.35   1.83   1.89   2.24   1.91   2.18   
1982 2.80   2.65   3.02  -0.42  -0.52  -0.22  -0.87  -0.93  -1.06  -1.56  -1.11  -0.87   
1983 -1.24  -1.74  -2.17  -1.77  -0.87  -1.18  -1.61  -2.67  -3.07   1.36   2.22   2.28   
1984 1.54   1.53   1.54   1.80   1.78  -0.68  -1.00  -0.03   0.24   0.06   0.32   0.61   
1985 -0.30  -0.31  -0.20  -1.25  -1.17  -1.43  -1.51  -0.67  -1.37  -1.66   1.76   1.87   
1986 1.26   1.63   1.20   0.85   0.59   0.70   1.70   1.45   2.41   3.82   4.02   3.70   
1987 -0.38  -1.15  -1.57  -1.95  -2.15  -1.84  -0.79  -0.94  -1.73  -1.80  -2.29  -2.23   
1988 -2.51  -1.59  -1.88  -2.38  -3.16  -3.97  -3.88  -4.05  -3.70  -3.59   0.31   0.25   
1989 0.11   0.00   0.36   0.70   1.70   2.06   2.26   2.70   2.97   2.50   2.44   1.89   
1990 1.34   2.14   1.37   0.81   1.94   1.89   3.10   3.52   3.86   4.62   4.09   6.02   
1991 -0.16  -0.35  -0.50  -0.68  -1.15  -1.87  -2.28  -2.67  -2.82  -3.18  -3.55  -4.02   
1992 -3.86  -4.06  -3.90   0.31   0.04   0.27   3.02   3.35   3.32   3.18   3.98   3.10   
1993 3.11   2.76   2.30   2.30   1.65   1.77   3.08   2.26   2.59   2.50   3.41   3.05   
1994 2.94  -0.33  -1.09  -1.09  -1.35  -1.10  -1.37  -1.15  -1.64  -2.40  -2.64  -2.85   
1995 -2.56  -2.78  -3.10   0.40   1.47   1.56   1.63   2.13   1.49   2.22   2.52   2.15   
1996 2.44   2.15   1.77   2.66   3.61   3.16   3.61   2.42   3.11   2.67   3.01   3.65   
1997 3.17   2.94   2.89   1.88   2.20   2.55   2.28   2.57  -0.47  -0.84  -0.92  -1.09   
1998 -0.63  -0.73  -0.78  -0.30  -0.72   0.76   1.23   1.28  -0.72  -0.61  -1.10  -1.43   
1999 0.57   1.07  -0.51  -0.22  -1.07  -1.55  -1.41  -1.69  -2.34  -2.56  -3.34  -3.62   
2000 -3.30  -2.99  -3.45   0.34   0.45   0.84   0.63   1.25   1.72   1.70   1.64   1.59   
2001 -0.49  -0.66  -1.42  -1.48   0.81   0.58   1.34   1.93   2.60   3.99   3.83   4.00   
2002 3.21   2.86   2.52   3.27   3.54  -0.45  -1.46  -2.00  -1.77  -1.84  -1.90  -1.87   
2003 -2.02  -1.66  -1.84  -2.14   0.76   0.75   2.99   4.10   5.12   5.12   5.45   5.10   
2004 5.11   4.09   3.28   2.24   2.81   3.16   3.09   3.08   2.13   1.80   1.96   2.35   
2005 4.58  -0.23  -0.44  -0.09  -0.50  -1.12  -1.44   0.30   0.87   1.00   1.36   1.12   
2006 0.88   0.74   0.46   0.03   0.24   0.85   1.41   1.63   1.83   3.10   2.88   3.42   
2007 3.94   3.60   4.17   3.86   2.47   1.49   1.23   1.80   1.32   0.82   0.68   1.20   
2008 1.17   2.64   3.72   2.91   3.16   4.15   4.03  -0.58  -1.02  -1.46  -1.79  -0.81   
2009 -0.86  -0.90  -1.63  -1.11  -1.29  -1.42   0.48   0.57   0.15   1.12  -0.48  -0.17   
2010 -0.52  -0.49  -0.35  -1.18   0.02   0.85  -0.55  -0.40  -0.88  -1.29  -0.64  -0.90   
2011 -1.17   1.28   1.54   2.71   3.44   2.76   1.74   1.17   2.69   3.20   4.30   4.78   
2012 4.58  -0.64  -1.47  -2.11  -2.35  -2.94  -3.20  -3.23   1.06   1.91   1.42   1.69   
2013 1.58   1.01 -99.99 -99.99 -99.99 -99.99 -99.99 -99.99 -99.99 -99.99 -99.99 -99.99   
