1895 0.69  -0.64  -1.19  -1.69  -2.16  -2.58  -3.51  -3.40  -4.05  -4.18  -3.88  -3.13   
1896 -2.99  -2.67  -2.15  -2.40  -3.07   0.32   1.78   1.71   2.90   2.55   2.48   1.96   
1897 1.66   2.00   2.52   2.25   2.35  -0.45  -0.17  -0.01  -1.02  -1.96   1.15   1.01   
1898 2.12   2.10   2.80  -0.34  -0.29  -0.91  -1.11  -1.00  -1.41   0.45   0.65   0.82   
1899 0.91   0.69   1.36  -1.03  -0.97  -1.52  -1.29  -2.02  -1.93  -2.17  -2.89  -2.79   
1900 -2.46  -1.71  -1.71  -2.09  -2.72  -3.24  -2.86  -2.50  -3.05  -3.49  -3.20  -3.68   
1901 -3.65  -3.72  -3.64  -3.52  -3.09  -2.66  -2.93  -3.00  -2.76  -3.53  -4.03  -3.55   
1902 -3.80  -3.99  -3.89  -3.92  -3.90   1.65   2.08   1.32   2.19   2.17   2.09   2.57   
1903 2.27   3.19   2.83   2.67   1.94   2.40   0.01  -0.03  -0.53  -0.53  -0.69  -0.86   
1904 0.54   0.72   1.70   1.76   1.64   1.25   1.47   1.37  -0.51  -0.70  -1.70  -1.60   
1905 -1.85  -2.00  -2.23  -2.08   0.82   1.39   0.89   1.38   1.64   2.34   2.57   0.00   
1906 -0.20  -0.64  -0.10  -0.93  -1.38  -1.45   0.67   1.12   0.77   1.22   1.30   1.75   
1907 3.19   2.18   2.83   2.53   2.46   2.54   2.81   2.11   2.54   2.71   2.54   2.64   
1908 2.11   2.55   3.14   2.84   2.62  -0.37  -0.27  -0.30  -1.50  -2.07  -3.06  -3.47   
1909 0.15   1.42   1.15   1.46   1.80   2.34   1.82   2.03   1.21   1.13   0.71   0.66   
1910 1.53   2.38  -1.59  -1.64  -1.15  -1.32  -2.10  -2.64   0.16   0.57   0.21   0.09   
1911 0.83   0.56   0.21   0.65  -0.98  -0.92  -1.48   0.86   1.50   2.93   3.24   3.68   
1912 3.17   2.72   3.02   3.07   2.46   1.94   2.35   2.59   2.43   2.32   1.69   1.47   
1913 3.15   2.69   4.70   0.03  -0.09  -0.94  -0.23  -0.66  -0.90   0.28   0.51   0.20   
1914 0.17   0.48   0.25   0.44  -0.19  -0.48  -1.17   0.63  -0.68  -0.17  -0.58   0.45   
1915 0.64   0.00  -0.65  -1.75  -1.66   0.48   1.62   1.96   2.86   2.90   2.88   3.22   
1916 3.88   3.27   3.51   2.74   2.72   2.84  -1.06  -1.40  -1.46  -1.41  -1.74  -1.65   
1917 0.45  -0.49   0.07   0.02   0.32   1.06   0.00  -0.17  -0.43   1.36  -0.33  -0.73   
1918 -0.45  -0.36  -0.81  -1.01  -0.92  -1.27  -1.71  -1.62   0.50   0.60   0.36   0.64   
1919 -0.44  -0.87   0.32   0.29   0.73  -0.82   0.06   0.85   0.25   1.65   2.30  -0.16   
1920 -0.15  -0.71  -1.01   1.11  -0.53   0.34   0.70   1.42   1.20   0.89   1.15   0.91   
1921 0.73   0.56   1.36   0.03  -0.31  -1.01  -1.55   0.09   0.29   0.07   0.82   1.15   
1922 -0.37  -0.72   0.62   0.78   1.06   1.03  -0.15   0.17   0.26  -0.43  -1.00  -0.84   
1923 -0.35  -0.64  -0.69  -0.93  -0.89  -1.03  -1.06   0.41   0.50  -0.34  -0.50   1.43   
1924 1.88   1.65   1.64   1.12   1.25   2.14  -0.36  -1.21   0.92  -0.99  -1.55  -1.33   
1925 -1.54  -1.45  -1.62  -2.32  -2.19  -2.48   0.45   0.25   0.19   1.56   2.40  -0.67   
1926 -0.67  -0.14  -0.42  -0.37  -0.80  -0.82   0.24   1.00   2.83   4.24   4.03   3.51   
1927 3.46   3.28   3.02   2.69   2.67   2.57   2.69  -0.43  -0.96  -1.51   1.01   1.72   
1928 1.31   1.58  -0.06   0.07  -0.80   1.52   1.90  -0.72  -1.43  -1.40  -1.39  -1.57   
1929 0.93   0.95   0.43   0.91   1.35   1.43   1.62   1.61   1.64   2.63   3.37   3.58   
1930 4.15   3.85  -0.06  -0.76  -1.44  -1.94  -2.95  -3.12  -3.30  -3.68  -4.51  -5.40   
1931 -5.80  -5.98  -6.05  -5.06  -4.59  -4.57  -4.48   0.56   0.53  -0.21  -0.51   0.61   
1932 1.96  -0.50  -0.50  -0.65  -1.40  -1.54  -1.63  -2.05  -2.39   0.48   0.69   1.12   
1933 0.63   0.39   1.46   1.35   1.64  -1.09  -2.01  -2.21  -1.50  -1.74  -2.34  -2.52   
1934 -2.70  -2.96  -2.80  -2.97  -4.13  -3.76  -4.42  -3.75  -2.91  -3.43  -3.84  -4.39   
1935 -4.22  -3.85  -3.81  -4.27   0.29   0.40   1.75   3.67   3.16   2.85   2.81   2.78   
1936 2.15   2.26   2.24  -0.26  -1.12  -1.84  -1.82  -1.40  -1.48  -1.14  -1.32  -1.57   
1937 2.72   2.11   1.46   1.69   1.60   2.61   2.43  -0.66  -1.06  -0.52  -0.94  -0.77   
1938 -0.89   0.30   0.97   0.76   0.72   0.87  -0.34  -0.38  -0.37  -1.22  -1.13  -1.60   
1939 0.02   0.72   1.11   1.16  -1.08  -0.77  -1.10  -1.45  -1.88  -1.67  -2.54  -3.29   
1940 -3.64   0.23   0.34   1.22   1.36   2.20   1.68   2.05  -0.52  -0.73  -0.50  -0.03   
1941 -0.29  -0.80  -1.42  -2.47  -2.79  -2.56  -2.40  -1.87  -2.27  -1.29  -1.32  -1.49   
1942 -1.54  -1.23  -1.26  -1.65  -1.68  -1.47  -1.79  -1.95   0.17   0.19   0.34   1.06   
1943 0.71   0.59   1.03   0.83   1.76  -1.04   0.48  -0.07  -0.21  -0.58  -1.37  -2.31   
1944 -2.97  -3.23  -2.32  -1.81  -1.96  -2.03  -3.04  -2.78  -3.06  -3.42  -4.16  -4.35   
1945 -4.58  -0.02   0.92   0.71   1.24   1.62   1.39   0.70   1.70   1.89   2.15  -0.20   
1946 -0.77  -0.19  -0.94  -1.78   0.83   1.50  -0.23  -0.66  -1.33   0.37   0.26   0.31   
1947 1.32  -0.69  -1.18   0.77   1.66   3.52   3.07   2.87   2.73  -0.43  -0.60  -1.11   
1948 -1.21   0.27   0.65   0.76   0.74   1.00  -0.73  -0.95  -1.12   0.14   0.10   0.32   
1949 1.01   0.05  -0.19  -0.11  -0.50  -0.98  -0.90  -0.68  -0.76  -1.57  -2.45  -2.42   
1950 2.36   3.23   2.80   2.81   2.55   2.20   2.02   1.88   1.92   1.43   2.19   2.20   
1951 2.37   2.49   2.65   2.62  -0.44  -0.24  -0.41  -1.60  -1.08  -1.51   0.51   1.69   
1952 2.70   2.40   2.40   2.29  -0.42  -1.41  -1.60  -2.10  -1.96  -2.46  -3.31  -3.60   
1953 -2.88  -3.00  -3.19  -2.99  -2.50  -3.11  -2.36  -2.90  -3.41  -4.16  -5.04  -5.45   
1954 -5.31  -5.38  -4.31  -3.38  -3.77  -3.77  -4.11  -3.70  -4.36  -2.63  -2.74  -2.63   
1955 -2.62  -2.12  -1.07  -1.67  -2.26  -2.53  -1.92  -1.93  -2.06  -1.51  -0.78  -1.59   
1956 -1.75   1.15   1.44   1.31   2.42   2.69   3.24   2.99   2.74  -0.58  -1.05  -0.91   
1957 -0.98  -1.15  -1.64   0.99   1.41   2.78   2.17   1.26   2.23   2.02   2.06   2.65   
1958 -0.29  -0.85  -1.53   0.31   0.13   0.89   2.57   2.82   2.85   2.33   2.30   1.40   
1959 2.86   3.21   2.62   2.78  -0.34  -0.26  -0.26  -0.75  -1.17   1.06   1.62   1.50   
1960 1.49   1.65  -0.71  -1.53  -1.27  -0.98  -0.97  -0.65  -1.68  -1.71  -2.16  -2.67   
1961 -3.12   0.52   0.75   1.87   1.18   1.28   1.76  -0.13  -0.19  -0.53   0.12   0.10   
1962 0.34   0.42  -0.22  -1.15  -1.97  -2.59  -2.40  -2.63  -1.53  -1.32  -1.10  -1.17   
1963 -1.49  -1.97  -0.74  -0.87  -1.30  -1.94  -2.01  -1.99  -2.75  -3.94  -4.79  -5.66   
1964 -5.85  -6.12  -3.44  -1.64  -1.59  -1.60  -1.84  -1.67  -2.37  -2.66  -3.35  -2.95   
1965 -2.36  -1.62  -1.52  -1.31  -2.07  -2.62  -3.04  -2.32  -1.92  -0.91  -0.82  -1.30   
1966 -1.01  -0.86  -1.47  -1.28  -1.27  -1.92  -1.49  -1.34  -1.46  -1.63   0.52   0.73   
1967 -0.65  -0.60   0.50   0.25   0.88  -1.12  -0.91  -1.44   0.41   0.15   0.19   0.52   
1968 0.68  -0.70  -0.76  -1.26   1.59  -0.05  -0.23  -0.76  -0.98  -1.31   0.08   0.54   
1969 0.59  -0.61  -1.21   0.28   0.63   0.82   3.01  -0.40  -0.43  -0.43  -0.01  -0.16   
1970 -0.50  -0.75  -1.09   0.72   0.80   0.64   0.71  -1.05   0.21   0.40   0.37   0.47   
1971 -0.41   0.00  -0.36  -1.34  -0.84  -1.63  -1.58  -2.10  -2.16  -2.90  -3.59  -3.27   
1972 -3.39  -3.23  -0.03   0.99   0.71   0.96   1.31   1.75   2.86   2.75   3.86   3.68   
1973 3.19   2.63   2.43   2.33   2.35   2.65   2.47   2.10   1.44   2.04   2.57   2.57   
1974 2.62   2.12   2.23  -0.35  -0.01  -0.23  -1.07   1.13   1.38   0.98   1.60   1.83   
1975 2.26   2.84   0.00  -0.28  -0.61  -0.56  -1.33   0.77   1.94   2.10   1.72   1.88   
1976 1.84   1.99  -0.35  -1.07  -1.50   0.23   0.55   1.30   1.43   1.98  -0.19  -0.76   
1977 -1.21  -1.61  -1.28  -0.97  -2.02  -1.99   0.60   0.57   1.16   1.41   1.59   2.37   
1978 2.78  -0.79  -0.89  -0.68  -0.31  -0.20  -1.06  -0.78  -1.43   0.88   0.46   1.16   
1979 1.54   1.65   0.65   1.25   1.30   1.26   1.02   2.68   4.19   3.86   4.26   3.71   
1980 3.06   2.32   2.89   2.42   2.22   2.73   3.24   4.64   3.97   3.92   3.73   3.15   
1981 2.15   2.78   1.69   2.27   2.36   3.43   2.90   2.45   2.65   2.55   2.22   2.31   
1982 2.57   2.18   2.52  -0.50  -1.07  -0.70  -1.08  -0.68  -0.76  -1.35   0.62   1.13   
1983 -0.44  -0.80  -1.30   0.67   1.57  -0.63  -0.65  -1.16  -1.11   0.71   1.46   1.70   
1984 0.99   1.06   1.47   1.65   2.25  -1.07  -1.13  -0.99  -1.10   0.01   0.22   0.35   
1985 -0.40  -0.42  -0.12  -1.34   0.45   0.19   0.01   0.61  -0.78  -0.89   2.71   2.50   
1986 1.90   2.29  -0.24  -0.95  -1.37   0.70   1.52   0.96   2.32   3.18   3.55   3.65   
1987 -0.30  -1.06  -1.35  -1.40  -1.39   0.70   0.82   1.55   0.94   1.12   0.59   0.40   
1988 0.01   0.89  -0.32  -0.52  -1.21  -2.35   0.53   0.01   0.24   0.18   0.61   0.53   
1989 0.45   0.50   0.79   0.88   1.80   2.77  -0.35  -1.10  -0.81  -0.74  -0.57  -0.73   
1990 -0.68   1.14  -1.05  -0.02   1.65   1.81   3.39   3.52   3.84   5.04   4.53   6.64   
1991 -0.08  -0.35  -0.65  -0.59  -1.45  -2.52  -3.49  -4.14  -4.10  -4.53  -5.24  -5.23   
1992 -5.13  -5.06  -4.29  -4.12  -3.99  -3.99   3.04   3.06   3.14   2.96   3.96   3.27   
1993 3.54   3.11   3.17   3.26  -0.66  -0.15  -0.41  -1.65   0.30   0.33   1.23   1.35   
1994 1.59  -0.28  -0.33   0.36  -0.44  -0.35  -0.68  -0.15  -0.61  -1.24  -1.39  -1.42   
1995 1.06  -0.33  -0.92   0.23   0.96   1.02   0.63   1.09  -0.53   1.06   1.55   1.13   
1996 1.61   1.59   1.67   2.80   3.16   3.13   2.70   1.79   2.83   2.92   3.31   4.01   
1997 3.49   3.06   2.95   2.11   3.01   3.08   2.73   2.95   2.35   1.83   1.66   1.47   
1998 1.53   1.29   0.80   1.24   0.77   2.20  -0.68  -0.55  -1.46  -0.86  -1.32  -1.45   
1999 -0.94  -0.66  -1.04  -0.57  -1.12  -2.22  -1.76  -1.90  -2.09  -2.01  -2.27  -2.35   
2000 0.23   0.44  -0.41   0.80   1.23   1.21   0.89   1.45   1.78   1.76   1.70   2.14   
2001 -0.42  -0.71  -1.22  -0.99  -0.77  -1.18  -1.61  -1.45  -1.41   1.04   1.32   1.31   
2002 0.96   0.69   0.75   1.42   2.02  -0.27  -1.28  -1.75  -1.67  -1.65  -1.66  -1.64   
2003 -1.84  -1.62  -1.90  -2.31   1.13   0.85   1.54   2.35   4.19   4.13   4.09   3.97   
2004 4.22   3.48   3.16   2.77   4.07   4.40   4.34   5.35   5.23   5.05   5.15   5.33   
2005 6.84  -0.24  -0.57  -0.18  -0.51  -1.31  -1.28   0.86   0.78   0.97   0.98  -0.35   
2006 -0.22  -0.31  -0.47  -1.06   0.41   0.58   2.18   1.44   1.79   3.31   3.25   3.08   
2007 3.59   3.16   3.50   3.06   1.91   1.23   1.20   1.99   1.55   1.83   1.93   2.80   
2008 2.38   3.73   5.09   3.84   3.80   4.23   0.01  -0.73  -0.72  -0.94  -1.20   0.98   
2009 0.99  -0.01  -0.45  -0.24  -0.57  -0.62  -0.63   0.21   0.40   1.51  -0.38   0.31   
2010 0.07   0.43  -0.27  -1.15  -1.15   1.02  -0.29  -0.85  -0.98  -1.19  -0.60  -0.80   
2011 -1.15   1.19   1.54   2.38   2.76   2.39   1.81   2.04   2.47   3.44   4.24   4.86   
2012 4.73  -0.45  -1.24  -1.98  -2.33  -2.57  -3.02  -3.36   0.85   2.66   2.16   2.64   
2013 2.37   2.10 -99.99 -99.99 -99.99 -99.99 -99.99 -99.99 -99.99 -99.99 -99.99 -99.99   
