1895 0.61  -0.70  -1.21  -1.60  -2.07  -2.33  -3.33  -3.59  -4.30  -4.42  -4.72  -4.63   
1896 -4.56  -3.90  -3.23  -3.31  -3.91   0.30   2.02   1.80   2.86   2.64   2.61   2.13   
1897 1.57   1.93   2.18   1.84   2.05  -0.32   0.35  -0.12  -1.12  -2.01   0.79   0.85   
1898 1.65   1.45   1.94  -0.26  -0.19  -0.77  -1.08  -0.89  -1.51   0.36   0.51   0.79   
1899 0.86   0.81   1.46  -0.98  -0.89  -1.00  -0.94  -1.41  -1.15  -1.46  -2.17  -2.30   
1900 -2.10  -1.47  -1.37  -1.81  -2.47  -2.71  -2.46  -2.32  -3.02  -3.47  -3.43  -4.07   
1901 -4.12  -4.27  -4.05  -3.57  -2.99  -2.51  -2.63  -2.50  -2.41  -3.23  -3.73  -3.37   
1902 -3.43  -3.52  -3.38  -3.35  -3.62   0.96   1.43   0.63   1.25   1.39   1.18   1.98   
1903 1.78   2.76   2.44   2.37  -0.46  -0.19  -0.19  -0.45  -1.14  -1.16  -1.42  -1.69   
1904 0.39   0.42   1.18   1.24  -0.01  -0.04   0.11  -0.10  -0.51  -0.70  -1.66  -1.88   
1905 -2.01  -2.21  -2.30  -2.24   0.53   0.57   0.37   0.93   1.05   1.78   2.07   2.06   
1906 -0.22  -0.70  -0.20  -0.89  -1.36  -1.33   0.39   0.99   0.37   0.86   0.64   1.19   
1907 2.44   1.66   2.35   2.13   1.96   2.39   2.87   2.47   3.11   3.23   3.05   3.08   
1908 2.54   2.91   3.47  -0.02   0.08  -0.31  -0.05  -0.21  -1.50  -2.04  -3.23  -3.90   
1909 -3.59   1.35   1.07   1.47   1.54   2.15  -0.61  -0.59  -1.17  -1.10  -1.69  -1.81   
1910 1.01   1.88  -1.61  -1.61  -1.32  -0.91  -2.02  -2.77  -2.44  -1.96  -2.26  -2.31   
1911 -1.29  -1.36  -1.49  -0.95  -1.92  -1.92  -2.50   0.88   1.52   2.94   3.17   3.74   
1912 3.12   2.66   2.92   2.82   1.96   2.01   2.84   3.13   3.16   3.15   2.53   2.57   
1913 3.79   3.22   4.86   4.34   3.93   3.06   3.69   2.95   2.41   2.60   2.68   2.37   
1914 2.13   2.25   1.83   1.95  -0.30  -0.55  -1.06  -0.64  -1.55  -1.06  -1.50   0.42   
1915 0.78  -0.06  -0.73  -1.74  -1.65   0.34   1.08   1.56   2.13   2.21   2.21   2.65   
1916 3.01   2.50   2.97  -0.33  -0.37   0.39  -1.04  -1.37  -1.40  -1.42  -1.84  -1.97   
1917 0.47  -0.46  -0.35  -0.49   0.16   0.33   0.34   0.41  -0.42   1.38  -0.28  -0.59   
1918 -0.28  -0.39  -0.76  -0.85  -0.82  -1.03  -1.68  -1.64  -0.99  -0.82  -1.07  -1.06   
1919 -1.24  -1.61   0.22   0.13   0.56   0.12   0.63   1.32   0.75   2.15   3.03   2.84   
1920 2.51   1.76   1.17   1.98   1.27   1.49   1.72   2.14   1.91   1.51   1.65   1.34   
1921 1.20   1.06   1.65  -0.16  -0.22  -0.63  -1.13   0.22   0.32   0.04   0.69   0.98   
1922 -0.34  -0.82  -0.30  -0.31  -0.10  -0.64  -0.81  -1.05  -1.33  -1.77  -2.70  -3.17   
1923 -2.74  -2.71  -2.58  -2.53  -2.44  -2.46  -0.02   0.39   0.44  -0.41  -0.61   1.19   
1924 1.66   1.39   1.36   0.88   1.26   2.21   1.82   1.00   2.07  -0.81  -1.27  -1.29   
1925 -1.36  -1.30  -1.53  -2.16  -1.89  -2.34   0.44  -0.44  -0.44   1.20   1.94  -0.56   
1926 -0.54  -0.10  -0.38  -0.54  -1.00  -1.07   0.09   0.85   2.52   3.89   3.91   3.61   
1927 3.52   3.25   2.81   2.55   2.23   2.45   2.69   2.23   1.47   0.97   1.58   2.24   
1928 1.68   1.89   1.74   1.90   0.92   1.89   2.11  -0.51  -1.08  -1.22  -1.39  -1.82   
1929 0.61   0.75   0.25   0.69   0.98   0.97   0.94   0.73   0.52   1.61   2.51   2.59   
1930 2.81   2.64   0.02  -0.69  -1.42  -2.03  -3.27  -3.87  -4.26  -4.67  -5.80  -7.07   
1931 -7.56  -7.49  -7.72  -6.45  -5.75  -5.21  -5.27  -4.13  -3.59  -3.66  -3.89  -3.35   
1932 -1.76  -2.15  -2.02  -2.22  -2.75  -2.97  -2.41  -2.53  -2.55  -2.32  -1.89  -1.54   
1933 -1.70  -1.83   1.30   1.24   1.29  -1.05  -1.71  -1.94  -1.60  -2.10  -2.74  -3.09   
1934 -3.27  -3.46  -3.26  -3.17  -4.16  -4.11  -4.66  -3.26  -2.52  -2.87  -3.00  -3.38   
1935 -3.11  -2.80  -3.11  -3.34   0.37   0.79   1.27   2.76   2.87   2.83   2.95   2.99   
1936 2.59   2.56   2.39  -0.21  -0.95  -1.88  -1.45  -1.37  -1.55   0.60   0.72   0.72   
1937 3.21   2.40   1.72   2.15   2.22   2.44   2.74   1.94   1.13   1.57   1.04   1.28   
1938 0.82   0.67   1.13   1.02   1.43   1.87   1.33   1.35   1.79  -0.52  -0.24  -0.70   
1939 -0.81   0.83   1.06   1.40  -1.05   0.75  -0.01  -0.53  -0.99  -0.72  -1.55  -2.20   
1940 -2.63   0.18   0.43   1.30   1.58   1.56   1.19   1.58   1.35   0.83   1.14   1.55   
1941 -0.25  -0.83  -1.35  -2.59  -2.92   0.71   1.85   1.97   1.28   1.95  -0.05  -0.16   
1942 -0.56   0.30   0.55  -0.59  -0.36  -0.84  -0.97  -1.22   0.22   0.36   0.38   1.40   
1943 1.05   0.79   0.92   1.19   1.48  -0.79   0.98   1.00  -0.50  -0.36  -0.70  -1.38   
1944 -1.72  -1.78  -0.97  -0.65  -0.94  -1.24  -1.77  -1.54  -1.65  -1.64  -2.10  -2.03   
1945 -2.11   0.26   1.34   1.43   1.57  -0.07  -0.52  -1.27   1.87   2.42   3.19  -0.01   
1946 -0.63  -0.14  -1.01  -1.65   1.24   1.25  -0.43  -0.64  -1.39  -0.79  -1.15  -1.28   
1947 0.84  -0.67  -1.34   0.08   1.04   1.69   1.59   1.71  -0.22  -1.04  -1.18  -1.67   
1948 -1.58   0.01   0.08   0.59   0.48   1.19   0.72   0.75   0.75   1.13   1.21   1.44   
1949 2.07   1.99  -0.16  -0.23  -0.53  -0.86  -0.51  -1.13  -0.78  -1.51  -2.25  -2.56   
1950 1.62   2.05   1.86   2.16   1.41   1.13   1.26   0.70   1.18   0.61   2.02   1.98   
1951 2.30   2.58   3.32   3.36   2.68   2.75   2.38   1.21   1.45   0.86   1.07   1.90   
1952 3.05   2.89   2.55   2.70   2.61  -0.69  -0.70  -0.30  -0.29  -0.65  -1.14  -1.47   
1953 -0.79  -1.22  -1.30   0.06   0.36   0.40  -0.56  -1.49  -2.04  -2.98  -4.08  -5.23   
1954 -5.37  -5.69  -4.55  -4.02  -4.13  -3.90  -4.36   0.33  -0.37   1.79   1.48   1.59   
1955 1.18   1.45   2.10  -0.26  -1.05  -1.19  -1.85  -1.84  -2.50  -2.23  -2.08  -2.91   
1956 -3.04   1.65   2.17   2.33   3.18   3.28   3.08   3.54   3.56  -0.20  -0.50  -0.08   
1957 -0.29  -0.65  -1.08   0.53   0.30   1.07  -0.59  -1.49  -1.33  -1.59  -1.86  -1.31   
1958 -1.09  -1.51  -2.08   0.12   0.32   0.74   2.88   3.04   3.18   2.54   2.27   1.62   
1959 2.36   2.56  -0.51  -0.30  -0.53   0.41   0.77  -0.21  -0.95   1.15   1.75   1.75   
1960 1.87   2.27  -0.62  -1.79  -1.23  -1.18  -0.95  -1.06  -1.93  -2.35  -2.89  -3.56   
1961 -3.88   0.36   0.44   1.96   1.44   1.51   1.85  -0.55  -1.00  -1.06   0.07  -0.13   
1962 0.25   0.58  -0.10  -0.66  -1.42  -2.30  -2.36  -2.98  -1.90  -2.05  -2.21  -2.49   
1963 -2.58  -2.81  -1.58  -1.56  -1.92  -1.80  -1.72  -1.93  -2.63  -3.58  -4.21  -5.10   
1964 -5.14  -5.08  -3.11  -1.94  -2.21  -2.02  -2.16  -2.13  -2.91  -3.12  -3.74  -3.32   
1965 -2.46  -1.68  -1.58  -1.78  -2.76  -3.36  -3.92  -3.21  -2.51  -1.44  -1.17  -1.67   
1966 -1.11  -0.86  -1.38  -1.01  -0.87  -1.39  -2.02  -2.40  -2.76  -3.02  -2.65  -2.81   
1967 -3.18  -2.88  -2.06  -1.90  -0.93  -2.13  -2.33  -2.13  -2.02  -2.07  -2.12  -2.23   
1968 -1.78  -2.35  -2.28  -2.67  -1.34  -1.75  -2.26  -2.98  -3.12  -2.98  -3.06  -2.81   
1969 -2.65  -3.13  -3.54  -3.50  -3.38  -3.39   1.46  -0.08  -0.65  -0.57  -0.56  -0.25   
1970 -0.62  -0.77  -0.77  -0.43  -0.65   0.56   0.89   0.30   0.32   1.24   1.93   2.16   
1971 -0.33   0.41  -0.22  -1.23  -0.96  -1.59  -1.37  -1.80  -1.59  -2.38  -2.99  -2.68   
1972 -2.67  -0.05   0.45   1.17   0.49   1.05  -0.50  -0.48  -0.18  -0.44   0.95   1.36   
1973 1.05   0.93   0.74   1.00   1.47  -0.49  -0.97  -0.77  -1.05   0.34   0.55   0.89   
1974 1.06   0.74   1.13   0.87   1.54   1.72   1.21   2.25   2.97   2.58   3.07   3.62   
1975 3.76   4.31   4.25   3.66   3.11   3.25   2.55   3.21   4.56   4.69   4.07   3.94   
1976 3.92   3.77   3.23   2.14   1.19   0.96   1.91   1.80   2.29   2.72  -0.11  -0.33   
1977 -0.75  -1.25  -0.98  -0.59  -1.43   0.67   1.51   1.66   2.15   2.41   2.71   3.25   
1978 3.50   2.32   1.87   1.54   1.81   2.18   1.90   2.51   1.85   2.61   2.27   3.15   
1979 3.55   3.40   2.16   2.33   2.67   2.06   1.76   2.52   3.15   3.19   3.29   2.94   
1980 2.37   1.57   2.25   1.72   2.16   2.95   4.33   6.08   5.26   5.11   5.00   4.31   
1981 3.15   3.75   2.71   3.81   3.49   4.44   4.27   3.39   3.66   3.26   2.82   2.67   
1982 2.87   2.63   2.50  -0.59  -0.91  -0.84  -1.25  -1.61  -1.39  -2.25  -1.79  -1.62   
1983 -2.02  -2.14  -1.97   0.95   2.13   1.53   1.16   1.05   0.90   1.58   2.12   2.77   
1984 1.98   1.75   1.65   1.61   2.05   1.30   1.60   2.04   1.31   1.32   1.61   1.75   
1985 -0.48  -0.69  -0.44  -1.40  -0.77  -0.59  -0.66  -0.87  -1.76  -2.07   3.06   2.89   
1986 2.22   2.47  -0.64  -1.57  -2.21  -2.04  -1.60  -1.91   0.13   0.44   0.73   1.09   
1987 -0.21  -1.01  -1.45  -1.21  -1.53  -1.40  -1.66   1.06   0.01   0.04  -0.14  -0.07   
1988 -0.54   0.57  -0.36  -0.91  -1.56  -2.58  -2.71  -2.48  -2.43  -2.36  -2.09  -2.05   
1989 -2.06   0.30   0.69   0.19   1.18   2.81  -0.80  -1.54  -1.17  -1.32  -1.74  -2.14   
1990 -1.89  -0.96  -1.97   0.06   0.99   1.28   2.76   2.58   3.77   4.27   3.93   5.69   
1991 5.23  -0.22  -0.52  -0.62  -1.61  -2.74  -2.88  -3.37  -3.16  -3.93  -4.79  -4.87   
1992 -4.99  -4.88  -4.28  -4.17  -4.02  -4.45   1.38   1.88   2.33   2.31   2.90   2.58   
1993 2.53   2.43   2.63   0.01  -0.59  -0.32  -0.26  -1.22   0.62   0.86   1.59   1.45   
1994 2.07   1.81   2.22   2.00   1.76   1.84   1.29   1.98   1.84   1.12   1.60   1.57   
1995 1.53  -0.27  -1.02  -1.05   0.53   0.93  -0.83  -1.14  -1.68   0.56   0.62   0.61   
1996 1.27   1.30   1.39   1.97   2.34   2.75   2.53   1.77   2.75   3.11   3.68   3.43   
1997 3.18   2.67   2.70   1.91   2.44   2.44   1.69   1.88   1.79   1.31   1.81   1.54   
1998 1.96   1.70   1.11   1.62   1.02   2.21  -0.81  -0.47  -1.02  -0.39  -0.84  -0.96   
1999 1.51   1.50  -0.52  -0.33  -0.57  -1.81  -2.27  -2.32  -2.77  -3.11  -3.57  -4.02   
2000 -3.85  -3.30  -3.63   0.34   0.66   0.62   0.78   1.00   1.22   1.22   0.83   1.41   
2001 -0.28  -0.67  -0.83  -0.92  -0.75  -1.09  -1.21  -1.31   0.22   0.59   0.68   1.06   
2002 -0.28  -0.78   0.02   0.11   0.80  -0.30  -1.57  -2.12  -1.79  -1.35  -1.40  -1.35   
2003 -1.31  -0.62  -1.12  -1.59   1.27   0.95   1.54   2.60   4.07   4.25   4.19   4.16   
2004 4.60   4.14   3.48   3.53   4.01   4.65   4.59   5.49   7.44   7.28   7.18   7.01   
2005 7.95   6.96   6.07   6.06   5.50   3.79   3.08   3.19   2.62   3.06   3.19   2.67   
2006 2.99   2.28   1.55   0.73   0.80   1.41   1.71   0.78   1.73   3.82   3.42   2.73   
2007 3.32   2.88   3.61   3.51   2.31   2.04   1.90   2.31   1.72   1.35   1.38   2.22   
2008 1.96   2.97   4.07   2.94   2.77   3.27  -0.15  -0.61  -0.91  -1.00  -1.27   0.92   
2009 1.08  -0.39  -1.13  -1.55  -1.98  -2.33  -2.29  -1.54  -1.93  -1.61  -2.52  -2.08   
2010 -1.81  -1.51  -1.25  -1.92  -1.90  -0.87  -1.18  -1.57  -1.78  -1.72   0.04   0.26   
2011 -0.29   0.95   1.29   2.13   2.49   2.70   1.76   2.86   3.46   4.49   5.09   5.22   
2012 5.03  -0.48  -1.14  -1.94  -2.66  -3.37  -4.02  -4.79  -3.08  -2.39  -2.94  -1.69   
2013 -1.36  -1.04 -99.99 -99.99 -99.99 -99.99 -99.99 -99.99 -99.99 -99.99 -99.99 -99.99   
