1895 0.47  -0.75  -1.25  -1.83  -2.40  -2.81  -2.99  -3.19  -3.69  -3.76  -3.06  -2.40   
1896 -2.57  -2.32  -1.96  -2.58  -2.84   0.24   2.25   2.14   2.88   2.53   2.73   2.23   
1897 1.67   2.26   3.15   2.98   2.73   2.51   2.60  -0.15  -1.20  -2.20   1.08   1.04   
1898 1.95   1.65   2.97   2.29   2.16   1.70   1.50   1.61   1.62   1.99   2.14   2.14   
1899 2.23   1.95   2.38  -0.98  -0.93  -1.17  -1.11  -1.54  -1.87  -1.99  -2.42  -2.23   
1900 -2.08  -1.27  -1.67  -2.23  -2.48  -1.84  -1.40  -1.48  -1.97  -2.32  -1.48  -1.63   
1901 -1.88  -2.12  -2.40  -2.09  -2.06  -1.58  -2.40  -2.22  -2.12  -2.56  -3.14  -2.79   
1902 -2.77  -3.31  -3.42  -3.63  -3.64   1.32   1.18   0.75   1.41   1.25   1.29   2.18   
1903 1.87   3.12  -0.27   0.32  -0.35  -0.25  -0.58  -0.86  -1.66  -1.47  -1.63  -1.81   
1904 0.54   0.59   1.91   1.86  -0.20  -0.36  -0.37  -0.56  -0.87  -1.39  -2.32  -2.23   
1905 -2.30  -2.28  -2.58  -0.02   0.76   0.76   1.09   1.57   1.68   2.47   2.80   2.76   
1906 -0.28  -0.75   0.69  -0.86  -1.61  -1.75   0.38   0.64   1.07   1.03   1.33   1.92   
1907 3.11   2.26   2.82   2.56   2.55   2.91   3.54   3.26   3.06   3.42   3.39   3.40   
1908 2.71   3.46   3.92   3.82   3.51  -0.45  -0.50  -0.93  -1.94  -2.47  -3.13  -3.61   
1909 -3.35   1.79   1.53   1.78   2.16   2.68   3.08   3.04   2.67   2.83   2.52   2.46   
1910 2.80   3.49   1.68   1.14   1.33   1.03   1.53   0.81   1.32   2.25   2.18   2.11   
1911 2.19   1.83   1.24   1.91  -1.09  -1.33  -2.13   0.24   0.87   1.54   1.92   2.63   
1912 2.20   2.06   2.51   2.85   2.11   1.80   2.33   2.51   2.26   1.99   1.13   0.85   
1913 2.77   2.41   4.55  -0.12  -0.34  -0.92  -0.81  -1.18  -1.23  -0.90  -0.70  -0.85   
1914 -1.01   0.51  -0.27  -0.19  -0.73  -1.37  -2.32  -1.59  -1.83  -1.37  -1.96  -1.51   
1915 -0.88  -1.22  -1.53  -2.49   0.36   0.46   1.88   2.74   3.02   3.11   3.30   4.03   
1916 4.66   4.05   3.83   2.90   2.60   3.23  -0.86  -1.00  -1.01  -1.22  -1.73  -1.68   
1917 0.59   0.41   0.55   0.74   1.02   1.39   1.37   1.07   0.74   1.79  -0.29  -0.56   
1918 -0.12  -0.24  -0.83  -0.68  -0.69  -0.85  -1.04  -1.20   0.61   0.68   0.31   0.57   
1919 -0.39  -0.90   0.43   0.23   0.74  -0.27  -0.69  -0.42  -0.98   1.59   2.71   2.56   
1920 2.36   1.64   1.23   2.40   2.04   1.80   2.10   2.55   2.33   1.96   1.72   1.42   
1921 1.40   1.18   2.10   0.04  -0.34  -0.71  -1.44   0.15   0.75   0.65   2.02   2.24   
1922 1.66   1.29   2.13   2.41   2.32  -0.75  -0.79  -0.70  -1.07  -1.32  -1.93   0.05   
1923 0.35   0.46   0.45  -0.23  -0.11  -0.17  -0.36   0.58   0.65   0.52   0.49   1.92   
1924 2.10   1.70   1.87   1.28   1.48   2.32  -0.30  -0.79   0.86  -0.77  -1.34  -0.84   
1925 -1.14  -0.99  -1.21  -1.84  -1.89  -2.00  -1.49  -1.80   0.18   1.35   2.40  -0.61   
1926 -0.59  -0.29  -0.51  -0.26  -0.72  -0.88   0.11   1.21   2.76   4.12   3.84   3.68   
1927 3.79   3.29   3.49   3.82   4.05   3.84   3.77   3.95   3.43   2.69   3.46   3.78   
1928 3.03   2.86   2.23   1.87   1.13   2.54   2.53  -0.13  -0.95  -0.81  -0.73  -0.92   
1929 0.70   0.77   0.31   0.48   1.42   1.59   1.98   2.04   2.36   2.86   3.46   3.60   
1930 4.33   0.01  -0.35  -1.14  -1.97  -2.67  -3.78  -3.82  -3.62  -3.82  -4.38  -5.13   
1931 -5.51  -5.78  -5.87   0.44   0.13   0.05   0.40   1.09   1.53   1.61   1.45   1.85   
1932 2.57  -0.46  -0.45  -0.88  -1.68   0.77   1.27   1.10   1.46   1.69   1.82   2.38   
1933 1.94   1.67   2.96   3.05   4.06  -1.04  -1.76  -1.41  -0.87  -1.01  -1.70  -1.69   
1934 -1.99  -2.31  -2.28  -2.93  -3.83  -4.20  -4.87  -4.68  -4.09  -4.80  -5.42  -6.01   
1935 -5.71  -5.85  -5.00  -4.73  -3.59  -3.03  -2.58  -1.68  -1.22  -1.07  -0.80  -0.72   
1936 -1.08  -0.92  -1.25  -1.02  -1.81  -2.95  -4.43  -4.37  -4.01   0.70   0.73   0.58   
1937 3.71   3.04   1.99   1.86   1.46   1.37   1.08   1.30   1.49   1.91   1.57   2.01   
1938 1.49   1.26   1.75   0.92   1.59   1.44   2.65   2.33   2.71   1.84   1.84   1.25   
1939 1.34   1.90   2.11   3.05   1.89   2.73   2.68  -0.49  -1.39  -1.57  -2.33  -3.05   
1940 -3.40   0.25   0.10   1.46   1.74   1.81  -1.10  -1.54  -1.96  -2.51  -2.28  -2.46   
1941 -2.51  -2.90  -3.43  -3.94  -4.41   0.91   0.81   0.72   0.20   0.94  -0.20  -0.17   
1942 -0.48  -0.30  -0.66  -1.11  -1.26   0.66   0.73   0.98   1.02   0.67   1.24   1.79   
1943 1.06   0.73   1.66   1.32   1.61   1.24   1.66  -0.48  -0.81  -1.12  -1.97  -2.78   
1944 -3.40  -3.11  -2.19  -1.74  -2.15  -3.22  -4.12  -3.55  -3.82  -4.46  -4.75  -4.65   
1945 -4.68   0.92   2.69   2.61   2.54   3.10   2.96   2.28   2.54   2.42   2.72  -0.10   
1946 -0.62  -0.04  -0.29  -0.83   0.53   0.88   0.77   0.74  -0.54  -0.62   0.13   0.12   
1947 0.84  -0.77  -1.31   1.29   1.97   2.27   2.42   2.29   2.28  -0.38  -0.56  -1.06   
1948 -1.04   0.50   1.00   1.33  -0.29  -0.44  -0.46  -0.87  -1.39  -1.34   0.76   1.09   
1949 2.82   2.60  -0.01  -0.46  -1.17  -0.52  -0.61  -0.72  -0.66  -0.95  -1.91  -2.10   
1950 2.03   2.74   1.98   2.00   1.67   2.28   2.11   2.39   3.26   3.06   3.94   3.57   
1951 3.99   4.09   3.80  -0.27  -0.60  -0.70  -1.73  -2.58  -2.50  -2.73   0.22   1.19   
1952 1.74   1.59   1.79  -0.03  -0.17  -0.39  -0.95  -1.19  -1.12  -1.35  -1.88  -1.76   
1953 -1.07  -1.55  -1.88  -1.84  -1.82  -2.27  -2.27  -3.15  -3.85  -4.41  -5.19  -5.78   
1954 -5.62  -5.79  -5.63  -5.46  -5.39  -4.95  -4.59  -3.48  -3.80  -2.92  -3.20  -3.04   
1955 -2.95  -1.45  -0.99  -1.53  -1.63  -1.74  -1.58  -2.22   0.64   1.18   1.72   0.91   
1956 0.61   1.45   1.36   1.38   1.38   1.09   1.37  -0.23  -0.45  -1.10  -1.62  -1.79   
1957 -1.67  -1.37  -2.09   0.91   1.27   1.85   1.41   0.80   0.85   0.67   1.21   2.09   
1958 -0.18  -0.84  -1.44   0.22   0.44   1.56   3.39   3.63   3.69   3.19   2.88   2.01   
1959 3.17   2.93  -0.27  -0.67  -0.91  -1.16  -1.35  -1.94  -2.52  -2.24  -2.03  -1.94   
1960 -1.84  -1.37  -1.93  -2.85  -2.53  -1.82  -1.44  -1.29  -1.82  -1.85  -2.16  -2.51   
1961 -2.60   0.31   0.59   1.05   1.62   1.80   2.30   2.14   1.45   0.97   0.83   0.93   
1962 1.04   1.87   0.04  -1.01  -1.06  -1.79  -0.72  -1.33  -1.32  -0.94  -1.03  -1.50   
1963 -1.78  -2.23   1.71  -0.32  -0.50  -1.22  -1.03  -0.68  -1.43  -2.61  -3.60  -4.63   
1964 -4.68  -4.93  -2.08  -0.87  -1.87  -1.93  -2.56  -2.98  -3.33  -3.88  -4.26  -3.68   
1965 -3.21  -2.21  -2.02  -1.18  -2.23  -2.94  -2.78  -2.67   1.32   1.86  -0.24  -0.84   
1966 -0.34  -0.14  -1.01   0.45  -0.24  -0.93  -0.83  -0.78   0.38   0.05   0.33   0.63   
1967 -0.74  -0.91  -0.82  -0.90   0.82  -0.63  -0.78  -1.48  -1.63  -1.50  -1.28  -0.82   
1968 -1.07  -1.74  -1.60  -1.60   2.07  -0.46  -0.16  -0.05  -0.09  -0.50  -0.47   0.33   
1969 0.71  -0.49  -1.08  -1.16  -1.37  -0.99  -0.81  -0.82  -0.65  -1.00  -0.77  -0.64   
1970 -1.04  -1.21   0.15   0.98  -0.63  -0.76  -1.03  -0.91  -0.86  -0.85  -1.30  -1.35   
1971 -1.45   0.99  -0.45  -1.30  -0.97  -1.22   0.19   0.35   1.27  -0.26  -0.62  -0.22   
1972 -0.47  -0.66  -0.71   0.84   1.07   1.03  -0.61  -0.92   0.63   0.64   1.97   2.31   
1973 1.71   1.10   1.13   1.69   1.67   2.48   3.33   3.12   2.38   2.61   3.20   3.12   
1974 2.89   2.39   2.01   1.71   1.99   2.51   1.53   2.72   3.56   3.16   3.25   3.24   
1975 3.16   3.49   3.85   3.77   2.67   2.40   2.21   1.94   2.37   2.79   2.33   2.52   
1976 2.49  -0.03  -0.74  -1.51  -1.98   0.78   0.12   0.69   0.80   1.34  -0.38  -1.05   
1977 -1.31  -1.73  -1.65  -1.64  -2.13   0.31  -0.35   0.81   0.40   1.11   1.23   1.90   
1978 2.41   1.34   0.96   0.63   0.68   0.77   1.38   2.38   1.49   2.26   2.15   3.08   
1979 3.13   3.23   1.95   2.25   1.93   2.36   3.05   4.34   5.76   5.36   5.78   5.25   
1980 4.46   3.53   3.55   2.86   2.69   2.88   3.55   4.22   3.38   3.44   3.15   2.45   
1981 1.39   1.58   0.78   1.03   1.72   1.50   1.93   1.55   1.59   1.65   1.26   1.16   
1982 1.94   1.55   1.76  -0.49   0.10   0.42  -0.62  -0.10  -0.63  -1.36   0.21   0.57   
1983 -0.35  -0.98  -1.64   0.43   1.84  -0.12  -0.40  -1.04  -1.50   1.91   2.62   2.57   
1984 1.74   1.53   1.58   1.79   1.96   0.91   0.82   0.55   0.87   0.91   1.57   1.84   
1985 -0.38  -0.48   0.45  -0.97  -0.56  -0.55  -0.60  -0.35  -1.18   0.56   2.51  -0.23   
1986 -0.73  -0.24  -0.48  -1.25  -1.52  -1.48  -1.23  -1.36   0.40   0.74   1.16   1.22   
1987 -0.61  -1.22  -1.34  -1.40  -1.74  -1.77  -1.44  -2.01  -2.54  -2.74  -3.35  -3.40   
1988 -3.45  -2.37  -2.31  -2.21  -2.83  -3.80  -3.48  -3.77   0.11   0.09   0.35   0.36   
1989 0.23   0.80   1.40   2.13   2.68   2.57   2.50   2.65   2.68   2.49   2.45   2.00   
1990 1.66   2.36   1.69   1.42   3.12   2.93   3.12   3.80   3.82   4.89   4.39   6.29   
1991 5.51   5.04   5.06  -0.05  -0.15  -0.86  -1.01  -0.70  -0.85  -1.39  -2.12  -1.73   
1992 -1.55  -2.03  -1.90  -1.92  -1.80   0.04   1.93   2.13   1.95   1.73   2.31  -0.45   
1993 0.32   0.41   0.22   0.56   0.16   0.49  -0.40  -0.79   0.05   0.46   1.10   1.02   
1994 1.15  -0.20  -0.63   0.93   0.67   0.44   0.61   0.82  -0.57  -1.15  -1.31  -1.50   
1995 -1.21  -1.46  -1.88   0.15   1.72   1.59   0.97   1.41   0.85   1.52   1.43   1.58   
1996 1.97   1.60   1.67   3.23   4.75   4.98   4.94   3.82   4.59   4.12   4.25   4.46   
1997 3.95   3.27   3.91   2.83   3.26   4.06  -0.45  -0.01  -0.61  -0.94  -1.04  -1.10   
1998 -0.93  -0.99  -1.37   1.51   1.42   3.06   2.89  -0.54  -1.36  -1.09  -1.58  -1.68   
1999 0.57   0.89  -0.53  -0.79  -1.52  -1.75  -2.55  -2.82  -3.39  -3.50  -4.33  -4.52   
2000 0.16   0.87   0.31   0.46   0.34   0.58   0.96   0.94   1.49   1.34   1.13   1.36   
2001 -0.50  -0.85  -1.47  -1.87   0.38   0.51   1.50   1.95   2.12   3.27   3.32   3.36   
2002 2.73   2.14   2.23   2.69   3.40   3.14   2.29   1.10   1.94   2.37   2.35   2.67   
2003 2.09   2.29   1.59   0.78   1.78   2.19   3.05   3.53   4.50   4.36   4.53   4.07   
2004 4.42   3.59   2.87   2.60   3.11   2.78   3.08   3.03   2.19   2.70   2.81   3.02   
2005 4.24  -0.45  -0.19  -0.07  -0.39  -1.19  -1.29  -0.72  -0.90  -0.94  -0.89  -1.16   
2006 -1.09  -1.33   0.26   0.33   0.16   0.46   0.68   0.81   1.82   3.06   2.78   2.92   
2007 3.15   3.19  -0.19  -0.18  -1.14  -1.60  -1.67  -2.61  -2.74   0.47   0.14   0.88   
2008 0.57   1.47   3.34   2.55   3.09   3.89  -0.24  -0.84  -1.33  -1.70  -2.23  -1.71   
2009 -1.56  -1.59  -2.23  -2.01  -2.03   0.46   0.96   0.67   0.90   2.12  -0.49  -0.14   
2010 -0.31  -0.59  -0.61  -1.34  -1.35   0.76  -0.40  -1.11  -1.78  -2.39  -1.81  -2.03   
2011 -2.31   0.87   0.92   3.51   3.90   3.34   2.29   1.38   2.62   2.98   4.19   5.04   
2012 5.13  -0.67  -1.35  -1.43  -1.27  -1.69  -2.38  -2.95  -2.15  -1.61  -2.18  -1.41   
2013 -1.29  -1.54 -99.99 -99.99 -99.99 -99.99 -99.99 -99.99 -99.99 -99.99 -99.99 -99.99   
