1895 0.53   1.10  -0.29  -0.53   0.05   0.70   2.26   3.60   2.92   2.81   2.79   2.95   
1896 2.79  -0.35  -0.72  -0.51  -2.06  -2.20  -1.32  -1.70  -1.74  -1.38  -1.33  -1.33   
1897 -1.29  -1.21  -1.51   0.43   0.67  -0.50  -0.60  -0.45  -0.61  -0.01  -0.47  -0.77   
1898 -0.54  -0.26  -0.76   0.08   0.36   0.23   0.56  -0.21  -0.85  -1.15  -0.01   0.62   
1899 -0.06  -0.39  -0.60  -0.88  -1.59   0.25   1.54  -1.04  -1.17   0.17   0.35   0.39   
1900 -0.34  -0.28  -0.56   0.84   0.82  -0.52  -0.61  -1.36   0.96  -0.13  -0.65  -0.92   
1901 -1.07  -0.90  -1.26   0.50   0.77  -0.46  -1.10  -1.61  -1.68  -1.72  -2.13  -2.32   
1902 -2.31  -2.42  -2.13  -2.45  -1.59  -1.98  -2.29   0.00   0.04   0.05   0.33   0.41   
1903 0.13   1.02   1.00   0.89   1.33   1.44  -0.20  -0.01  -0.34   0.55  -0.05  -0.36   
1904 -0.65  -1.16  -1.92  -2.15   0.11   1.07   1.81   1.69   1.60  -0.25  -0.78  -0.78   
1905 0.17   0.31   0.70   1.55   1.89   1.53   2.17   0.02  -0.11  -0.33   0.33  -0.10   
1906 -0.30  -0.69  -0.70   0.56   0.33   0.11   0.99   2.29   2.12   2.46   2.34   2.19   
1907 2.21  -0.17  -0.94  -0.88   0.00   0.23   0.62   0.76   0.33   0.69   0.54   0.69   
1908 -0.21  -0.02  -0.67  -0.91   0.20   1.47   2.23   2.13   1.59   2.89   3.35  -0.23   
1909 -0.11  -0.38  -0.21  -0.72  -0.85   0.09   0.78  -0.42  -0.72  -0.76   1.72   1.79   
1910 1.78  -0.20  -0.99  -1.46  -1.62  -2.44  -3.15  -2.36  -2.92  -3.33  -3.49  -3.46   
1911 -3.25  -1.55  -2.06  -2.26  -2.47  -3.43   0.99  -0.25  -0.81  -0.66  -0.70   0.54   
1912 0.28   0.84   1.26   0.04  -0.58   0.40   0.52   0.82   0.70   0.85  -0.31  -0.62   
1913 -0.83  -0.17  -0.60  -0.69  -1.31  -1.46  -2.18  -3.39  -3.16  -3.04   0.18   1.61   
1914 1.48   1.30   1.07   1.08   2.18   2.07   2.79   3.33   2.47   2.34   1.70   1.85   
1915 1.83   2.84   3.15   4.46   4.58   5.49   6.95   8.03   8.13   7.75   6.64   6.13   
1916 6.31   5.52   4.70   4.83   3.70   4.07  -0.06  -0.35  -0.55   0.43   0.57  -0.18   
1917 -0.22  -0.44  -0.98  -1.14  -0.97  -1.82  -2.78  -1.51  -1.66  -1.98  -2.27  -2.39   
1918 -1.88  -1.92  -1.62  -1.29  -1.88  -2.56  -2.35  -3.00  -2.90   0.70   1.12   2.10   
1919 1.77   2.34   2.52   3.46   3.20   3.23   3.61   3.32   2.98   2.52   2.75   2.32   
1920 2.17   1.75   1.16   1.18   1.11   0.92   0.81   1.52   1.19   1.71   2.00   1.73   
1921 1.75  -0.17  -0.65  -0.67  -1.22   0.99   1.70  -0.01  -0.64  -1.18  -1.63  -1.86   
1922 0.03   0.06   0.62   1.41   1.69   1.29   1.85  -0.65  -1.19  -1.38   0.78  -0.39   
1923 -0.71  -1.05  -1.13   0.33   0.65   1.15   1.02   0.63   1.01   2.76   2.54   2.62   
1924 2.28   1.97   2.58   2.87  -0.16  -0.94  -0.43  -0.37  -0.54  -0.45  -0.74  -0.47   
1925 -0.58  -1.08  -1.76  -1.74  -2.12  -3.02  -2.63  -2.57  -2.31  -2.26  -1.93  -2.03   
1926 -1.70  -2.03   0.41   0.68   0.53   0.26   0.50   0.25   0.60   0.62   0.60   0.87   
1927 0.57   0.60   0.50   0.66  -1.48   0.36   1.01   2.22   2.11  -0.37  -0.96  -1.03   
1928 -1.34   0.37   0.22   0.36   0.67   0.82   1.34   1.29  -0.72   0.19   1.54   1.54   
1929 1.52   1.61   1.55   1.19   1.66   1.28   1.98   1.65   1.44   1.73   2.19  -0.32   
1930 -0.13  -0.66  -1.02   0.03   0.75   0.63   1.04  -0.15  -0.63   0.57   1.22   1.09   
1931 0.77   0.79   1.51   2.06   2.03  -0.31  -0.56  -0.60  -0.93  -1.16   0.36   0.34   
1932 0.71   0.33   0.42   0.94   0.20   1.42  -0.64  -0.82  -0.94  -1.18  -1.44  -1.06   
1933 -1.38  -1.48  -1.80  -1.89  -2.46  -3.72  -4.34  -3.18  -3.86  -3.85  -3.44  -3.45   
1934 -3.43  -2.87  -2.84  -3.03  -3.95  -4.49  -5.29  -5.59  -4.79  -4.71  -4.50  -4.32   
1935 -4.07  -4.11  -4.31  -4.78  -3.76  -3.86  -4.86  -4.97  -4.57  -4.42  -3.71  -3.57   
1936 -3.13  -3.19  -3.60  -3.99  -3.47  -4.09  -4.96  -5.91  -4.75  -4.52  -4.59  -4.14   
1937 -3.86  -3.76  -3.48  -3.77  -4.14  -4.03  -4.96  -5.38  -5.11  -4.73  -4.69  -4.42   
1938 -4.40  -3.96  -3.94  -3.35  -3.00  -2.86  -3.18  -4.15  -3.48  -3.45  -3.50  -3.23   
1939 -2.19  -1.95  -1.67  -1.18  -1.79  -1.39  -1.72  -2.26  -3.08  -3.41  -3.46  -3.00   
1940 -2.45  -2.18  -2.36  -2.19  -1.91  -2.38  -3.19  -3.23  -3.30  -3.70   1.14   1.04   
1941 1.21   1.51   1.62   2.12   3.31   4.23   5.20   5.66   6.49   8.52   7.69   6.99   
1942 6.45   6.05   5.86   7.21   6.26   6.81   6.55   6.31   5.97   6.99  -0.30   0.37   
1943 -0.11  -0.45  -0.62  -0.65  -0.80  -1.07  -1.25  -1.43  -1.85  -2.12  -2.28   1.19   
1944 1.80   1.79   1.70   3.10   3.83   3.41   4.58   4.15   3.55   3.37   3.14   3.50   
1945 3.70   3.43  -0.25   0.24  -0.69  -0.60  -0.47  -0.54   0.51  -0.45  -0.97  -1.11   
1946 -1.24  -0.96  -1.05  -1.69  -1.70  -2.15  -3.19   0.65   0.66   2.09   3.16   2.72   
1947 2.57   2.22   2.32   2.92   3.65   3.83   4.39   4.07   2.77   2.15   2.20   2.59   
1948 2.38   3.45   3.61   2.89   2.25   2.67   2.75   3.81   3.16   2.67   3.19   2.58   
1949 3.17   3.29   3.17   2.73   3.61   4.49   5.73   5.89   5.39   4.90  -0.56  -0.52   
1950 -0.65  -0.88  -1.31  -1.67  -1.81  -0.04   3.10   4.53   5.50   4.75   4.02   3.35   
1951 3.36   3.27   2.95   2.54   3.71   4.75   5.27   4.96  -0.24  -0.08  -0.09  -0.35   
1952 -0.59  -0.78   0.11   1.04  -0.49  -1.65  -2.23  -2.38  -3.00  -3.39  -3.02  -2.67   
1953 -2.76  -2.71  -2.93  -3.10  -3.47  -4.58  -3.90  -3.37  -4.00  -2.95  -2.64  -2.36   
1954 -2.38  -2.85  -3.11  -3.51  -2.98  -3.83  -4.55  -4.47  -5.10  -4.69  -4.88  -4.88   
1955 -4.68  -4.38  -4.51  -4.62  -3.60  -3.36  -4.12  -4.53  -4.27  -4.57  -4.52  -4.49   
1956 -4.29  -4.09  -4.35  -4.78  -5.40  -5.99  -5.28  -5.33  -6.03  -6.04  -5.93  -5.82   
1957 -5.20  -5.04   1.54   2.17   3.45   4.01   3.85   3.35   3.04   3.41   3.29   2.48   
1958 2.39   2.18   2.80   2.84   2.32   2.41   3.83   4.03   3.69  -0.63  -0.67  -0.56   
1959 -0.39  -0.53  -0.48  -0.46  -0.32  -1.02  -0.83  -0.77  -0.91   0.95   0.75   1.47   
1960 1.81   2.95   2.73   2.25   1.54   1.64   2.09   1.51   2.55   3.02   2.35   2.41   
1961 1.92   1.69   2.40   1.90   1.41   1.41   1.96   2.01   1.68   1.79   2.12  -0.06   
1962 0.15  -0.29  -0.43  -0.42  -1.56   1.83   2.48   2.25   2.75  -0.44  -0.57  -0.68   
1963 -0.86  -1.06  -1.72  -2.39  -2.88  -2.90  -2.84  -3.22  -3.31  -3.68  -3.84  -3.58   
1964 -3.55  -2.63  -2.85  -3.31  -3.28  -3.40  -4.04  -3.93  -3.97  -4.11   1.23   1.68   
1965 1.42   1.30   1.22   0.68   0.63   1.60   1.78   2.14   2.54   3.00  -0.53   0.23   
1966 0.30   0.41  -0.63  -1.08  -2.21  -2.64  -2.37  -1.20  -0.69  -1.18  -1.68  -1.60   
1967 -1.84  -2.13  -2.84  -3.00  -3.33  -2.85  -2.30  -1.48  -1.53  -1.86  -1.94  -1.93   
1968 -1.87  -1.97  -2.37  -2.63   0.15   0.10   0.02   0.67  -0.73   0.44   0.83   0.62   
1969 0.19   0.55   1.14   1.06   1.48   1.82   1.76   2.24   3.21   3.18  -0.37  -0.46   
1970 -0.72  -1.22  -1.12  -0.76  -2.01  -2.74  -3.18  -3.18  -2.90  -2.73  -2.60  -2.82   
1971 -2.70  -1.95  -2.32  -2.55  -2.90  -3.20  -3.03  -3.17   0.30   0.80   2.09   2.09   
1972 -0.12  -0.50  -1.13  -1.57   0.45   0.57   0.46   0.89   0.95   0.86   2.07   2.07   
1973 2.29   2.01   4.30   4.41   3.80   3.06   3.91   3.28   4.34   4.01   3.47   3.62   
1974 0.04  -0.39  -0.31  -0.64  -1.69  -1.80  -2.53   1.45   1.38   1.42  -0.13  -0.27   
1975 -0.31  -0.23  -0.39  -0.43  -0.17  -0.31  -0.78  -1.30  -1.78  -2.38  -1.29  -1.37   
1976 -1.52  -1.99  -2.25   1.12   1.58  -0.69  -1.01  -1.78  -1.21  -1.28  -1.54  -1.82   
1977 -1.81  -1.97  -2.39   0.58   1.25   0.42   0.01   1.51  -0.29  -0.99  -1.15  -1.37   
1978 -1.45  -0.92  -1.29  -1.91   0.99   1.16  -0.65  -1.01  -0.91  -1.54  -1.34  -1.37   
1979 0.23  -0.30   0.47   0.32   1.62   1.76   2.68   2.42   1.55   2.33   2.06   1.65   
1980 2.17   1.96   2.65   3.40   4.16  -0.19  -0.65  -0.98  -1.84  -2.15  -2.23  -1.99   
1981 -2.16  -2.50  -2.09  -2.61  -2.27  -3.09  -2.91   0.55   0.20   0.45   1.01   0.75   
1982 0.53   0.57   0.40   0.64   1.44   1.95   2.44  -0.42  -0.94  -1.07  -1.19   0.21   
1983 0.19   0.43   0.77   0.99   1.12   2.24  -0.48  -1.49  -1.46   0.16   0.10   0.20   
1984 -0.05  -0.21   0.48   1.00  -0.41  -0.61  -0.83  -1.65  -2.11   0.81   0.70   1.63   
1985 1.45   2.17   2.35   3.18   2.55   2.96   2.70   2.30   3.60   4.59   4.28  -0.04   
1986 -0.41  -0.41  -0.88  -1.36  -1.71   0.17  -0.25   0.86   0.70   1.23   2.09   1.95   
1987 2.21   2.84   3.65   3.13   3.93   4.90   4.84   5.03   5.73   4.82   4.23   4.22   
1988 4.11   3.40   3.62   4.20   3.66   3.28   3.87   3.01   3.98  -0.29  -0.71  -1.07   
1989 -1.12  -0.91  -1.18  -1.80   0.41   2.32   2.49   3.08   3.32  -0.49  -0.97  -1.01   
1990 0.28   0.95   0.87   1.20  -0.06  -0.90  -0.72  -1.48  -1.07  -1.44  -1.35  -1.35   
1991 -1.33  -1.90  -2.04  -2.71  -2.86  -3.15  -3.38  -3.34  -3.23  -3.08   0.49   1.55   
1992 1.44  -0.31  -0.68  -0.97  -1.03   0.82   0.95   1.33  -0.90  -1.46   0.47   0.78   
1993 1.36   1.68   1.82   1.80   2.04   2.43   2.26   0.02  -0.08  -0.39  -0.29  -0.34   
1994 -0.29  -0.51  -0.75  -0.55  -0.80  -1.30  -1.34  -0.90  -1.13  -0.91  -0.76  -0.60   
1995 -0.63  -1.14   0.09  -0.09   0.66   1.42   1.56  -0.72  -0.44  -0.86  -1.40  -1.03   
1996 -1.25  -1.60  -1.69  -2.32  -2.66  -2.83   1.09   2.19   2.95   2.32   2.25   2.06   
1997 1.78   1.72   0.83   2.07   1.43   1.35   0.83   1.83   1.80   1.82   1.52   2.21   
1998 1.92   1.92   3.05   2.84   1.97   0.92   2.10   1.89   0.88   2.54   3.10   2.85   
1999 3.32   2.63   3.10   4.68   4.40   5.06   4.93   4.52   4.27   4.03   2.89   2.67   
2000 2.48   1.81   3.30   0.02  -0.60  -0.04  -0.25  -1.32  -2.30   2.46   2.14   1.96   
2001 2.61   3.09   3.29   2.70   3.64  -0.20  -0.35  -1.08  -1.16  -1.77  -2.01  -2.26   
2002 -1.99  -2.12  -2.49  -2.90  -3.51  -3.80  -3.67   0.57   0.11   1.72   1.34   1.74   
2003 -0.27  -0.20  -0.20  -0.20  -0.64   1.50   0.85   1.24   1.63  -0.55  -0.71  -0.84   
2004 0.17   0.09   0.43   0.78  -1.38   0.70   1.07   1.72   1.75   1.87   3.24   2.73   
2005 3.56   3.37   3.03   2.75   2.39   3.09   3.19   4.06   3.46   3.53  -0.43  -0.54   
2006 -0.94  -1.35  -1.47  -2.01  -2.73  -3.28  -3.61   0.52   0.40   0.43   0.07   2.78   
2007 2.81   2.50   3.04   3.24   2.85   3.28   3.09  -0.16  -0.56  -1.22  -1.55   0.88   
2008 -0.21  -0.17  -0.69  -0.95  -1.58  -2.13   0.46   1.69   1.15   2.71  -0.18  -0.31   
2009 -0.56  -0.74  -1.06   0.60  -0.49  -1.01  -1.24  -1.27  -0.04   1.09  -0.32  -0.57   
2010 0.10   0.59   0.83   0.79   0.98   0.89  -0.33  -0.26  -0.70  -0.84  -0.35  -0.43   
2011 -0.56  -0.56  -1.01  -1.30  -2.31  -3.46  -4.58  -4.95  -5.09  -4.72   0.28   1.40   
2012 1.24   2.05   2.36   2.53  -1.13  -1.73  -2.31  -2.66  -2.24  -2.43  -2.77  -2.63   
2013 -2.40  -1.59 -99.99 -99.99 -99.99 -99.99 -99.99 -99.99 -99.99 -99.99 -99.99 -99.99   
