1895 0.13   0.43  -0.61  -1.30  -2.19  -2.06   0.83   2.15   1.37   1.34   1.49   2.09   
1896 -0.09  -0.40  -0.78  -0.98  -1.34   0.28   0.53  -0.46  -0.86  -0.62  -0.53  -0.71   
1897 0.11   0.08   0.14   0.95   0.94  -0.41  -0.46  -0.12  -0.48  -0.91  -1.45  -1.78   
1898 0.40   0.70   0.63   0.47   1.48   1.25   1.87   2.05  -0.42  -0.64  -0.69   0.66   
1899 -0.25  -0.44  -0.65  -0.68   0.15   0.45   2.04  -0.23  -0.42   0.02   0.31   0.48   
1900 -0.33  -0.03  -0.41  -0.06  -0.11  -0.37   0.52   0.16   1.23   1.39  -0.37  -0.65   
1901 -0.85  -0.60  -0.86  -0.42  -0.37  -0.52  -0.76  -1.28  -1.61  -1.73  -2.14  -2.44   
1902 -2.66  -2.89   0.23  -0.29   1.50   1.20   1.29   1.30   1.87   1.61   2.00   2.07   
1903 1.65   2.53   2.40   1.91   3.21  -0.49  -0.48  -0.25  -0.63  -0.18  -0.36  -0.73   
1904 -0.76  -1.31  -1.96  -1.90  -0.05   1.01   1.83   2.17  -0.22  -0.71  -1.25  -1.40   
1905 0.22   0.45   0.81   1.13   1.62   0.78   1.63   1.76  -0.07  -0.15  -0.04  -0.31   
1906 -0.48  -0.68  -0.55  -0.17  -0.71   0.11   1.20   2.87   2.92   2.68   2.31   2.00   
1907 2.53   2.12   1.27   1.34   1.00   1.67   1.98   1.93   1.44   1.94   1.46   1.78   
1908 1.51   1.95   1.24   1.40   2.26   4.29   4.65   4.32   4.12   4.67   5.04  -0.20   
1909 -0.19  -0.46  -0.45  -0.94   0.20   0.38   0.73  -0.64  -1.15  -1.18   1.58   1.78   
1910 1.78  -0.17  -1.15  -1.49  -1.49  -2.07  -2.52  -1.77  -2.47  -3.11  -3.57  -3.79   
1911 -3.91  -2.34  -2.93  -2.93  -3.40  -4.39  -3.68  -3.39  -3.74  -3.95  -3.98  -2.69   
1912 -2.83  -1.97  -1.18  -0.73  -1.21  -0.98  -1.22  -0.76  -0.82  -0.92  -1.39  -1.70   
1913 -2.00  -1.43  -1.67  -1.83  -2.28  -2.74  -3.35  -4.36   0.09   0.11   0.21   1.87   
1914 -0.22  -0.11  -0.23  -0.42  -0.34  -0.70  -0.94  -0.03  -0.57  -1.03  -1.58   0.00   
1915 0.00   1.05   1.19   2.03   2.76   3.93   4.63   5.64   5.96   5.79   4.87   4.49   
1916 5.57  -0.31  -0.63  -0.13  -0.90   1.15  -0.30  -1.21  -1.36  -1.73  -1.56  -1.75   
1917 -1.92  -2.23  -2.79  -2.42  -2.90  -3.44  -3.94  -2.16  -2.13  -2.56  -2.69  -3.01   
1918 -2.86  -3.02  -2.76  -2.26  -2.28  -2.74  -3.12  -3.50   0.03   0.84   1.04   2.25   
1919 1.87   2.37   2.02   2.60  -0.07  -0.19  -0.33  -0.41  -1.16   0.69   0.95  -0.24   
1920 -0.26  -0.53  -0.66  -0.46  -0.48  -0.62   0.33   1.39   1.38   1.81   1.96   2.04   
1921 2.32  -0.19  -0.39  -0.18  -0.86   0.59   0.87  -0.53  -1.15  -1.94  -2.52  -2.84   
1922 -2.68  -2.70   0.60   1.54   1.75  -0.45   0.52  -0.60  -1.25  -1.41  -0.80  -1.28   
1923 -1.46  -1.79  -1.71   0.23   1.01   1.57   1.52   0.72   1.54   3.29   3.31   3.49   
1924 3.11   2.88   3.37   3.37  -0.79  -1.49  -1.36  -1.21  -1.22  -1.73  -1.93  -1.68   
1925 -1.72  -2.18  -2.73  -2.29  -2.94  -3.67  -3.56  -3.75  -3.11  -3.02  -2.81  -3.09   
1926 -2.67  -2.90  -2.45  -2.24  -2.72  -2.62   0.15   0.48   1.40   1.85   1.73   2.12   
1927 2.13   2.07   1.99   2.77   1.60   1.33   1.84   2.91   2.78   2.41   1.59   1.31   
1928 0.81   1.20   0.94   1.42   1.05   1.44   2.22   2.28   1.40   1.11   1.95   2.05   
1929 2.27   2.31   2.27   1.96   2.61   2.51   2.72   1.69   1.61   1.85   2.27  -0.28   
1930 -0.03  -0.56  -1.09  -1.11   0.26   0.55  -0.17  -0.69  -1.13   0.61   0.92   0.93   
1931 0.77   0.68   1.34   1.55   1.66  -0.11  -0.25  -0.44  -1.24  -1.45   1.24   0.96   
1932 1.65   1.63  -0.32  -0.63  -1.27   1.30   1.73   2.73  -0.42  -0.62  -1.08  -0.05   
1933 -0.42  -0.64  -0.68  -0.68  -1.32  -2.57  -2.89  -1.90  -2.48  -2.48  -2.75  -2.30   
1934 -1.80  -1.87  -1.94  -1.67  -2.03  -2.41  -3.54  -3.95  -2.67  -2.70  -2.16  -2.01   
1935 -1.80  -1.65  -1.77  -1.93  -0.82  -0.77  -1.30  -1.63  -1.75  -1.75  -1.24  -1.17   
1936 -1.20  -1.53  -2.33  -2.88  -2.91  -3.31  -4.46  -5.43  -4.28  -3.61  -3.76  -3.33   
1937 -3.11  -3.15  -2.99  -3.20  -3.19  -2.88  -3.35  -3.36  -2.76  -2.24  -2.30  -2.24   
1938 -2.43   0.33   0.21   0.50   1.60   1.81   2.11   2.13  -0.08  -1.08  -0.84  -1.17   
1939 0.72   0.54   0.22   0.49   0.20   0.82   0.75  -0.15  -1.45  -2.05  -2.33  -2.42   
1940 -2.17  -1.68  -2.20  -1.73  -1.99  -2.49  -2.61  -2.15  -2.03  -2.59   0.80   0.77   
1941 1.05   1.44   1.26   1.94   1.90   2.49   2.47   2.63   2.57   4.73   4.41   4.14   
1942 3.88   3.93   3.29   4.29   3.25   3.58   2.81   2.92   3.20   3.47  -0.46  -0.01   
1943 -0.32  -0.70  -0.90  -1.42   1.05  -0.42  -0.67  -1.53  -1.76  -1.50  -1.93   0.78   
1944 0.65   0.56   0.68   1.83   1.21   0.82   1.21   1.38   1.54   1.53   1.81   2.47   
1945 2.57   2.30   2.26   3.28   2.25   2.17   2.36   1.86   3.10  -0.51  -1.07  -1.31   
1946 -1.02  -0.71  -0.84  -1.39  -1.29  -1.65  -2.35  -2.59  -2.68   0.28   0.59  -0.15   
1947 -0.14  -0.53   0.31   2.01   2.50  -0.27  -0.26  -0.90  -1.96  -2.73  -2.63   0.52   
1948 0.20   0.79   1.13  -0.60  -0.96   0.41   0.72   1.94  -0.70  -1.20   0.89   0.48   
1949 2.34   2.67   2.64   2.07   2.77   2.74   2.96   2.72   2.77   2.56  -0.72  -0.80   
1950 -1.10  -1.33  -1.91  -2.43  -2.15  -2.29   2.09   3.05  -0.08  -0.86  -1.15  -1.57   
1951 -1.57   0.33  -0.30  -0.37   0.76   2.31   2.88   2.39   2.38   2.59   2.51  -0.36   
1952 -0.54  -0.68   0.15   0.62  -0.51  -1.41  -2.32  -2.40  -3.19  -3.65  -3.29  -3.00   
1953 -3.20  -3.19  -3.16  -3.14  -3.53  -4.25  -3.51  -3.71  -4.26  -3.78  -3.60  -3.35   
1954 -3.45  -3.91  -4.14  -4.05  -3.69  -4.36  -5.57  -5.74  -6.40  -5.89  -6.14  -6.20   
1955 -5.93  -5.45  -5.56  -5.75  -4.45  -3.80  -3.82  -3.98  -3.76  -2.98  -3.23  -3.53   
1956 -3.61  -3.63  -3.90  -4.21  -4.95  -5.66  -5.75  -5.95  -6.59  -6.54  -6.34  -6.02   
1957 -5.56  -5.23   0.66   1.84   3.84   5.69   5.27   4.05   4.44   4.35   4.18   3.39   
1958 3.16   2.70   3.24   2.78   1.77   2.36   3.23   3.56   0.02  -0.72  -0.94  -1.07   
1959 -1.31  -1.41   0.06   0.12   0.33  -0.34   1.08   1.13   2.25   3.73   3.28   3.58   
1960 3.66   4.48   4.03   2.94   2.77   2.48   3.58   4.52   4.13   4.21   3.39   3.43   
1961 2.78   2.52   2.64   2.06   2.43   2.42   3.08   3.58   4.14   4.25   4.61   4.55   
1962 4.41  -0.32  -0.64  -0.74  -1.65  -0.59  -0.12  -0.46  -0.04  -0.48  -0.76  -0.78   
1963 -1.01  -1.55  -1.82  -2.31  -3.05  -2.72  -2.21  -2.61  -2.21  -2.53  -2.61  -2.79   
1964 -2.82  -2.65  -2.84  -3.16  -3.03  -3.26  -4.24   0.84   0.44   0.29   1.99   2.13   
1965 1.97   1.84   1.61   1.12   0.75   0.81   0.93   1.05   1.63  -0.19  -0.97  -0.76   
1966 -0.97  -0.76  -1.52  -1.43  -2.21  -2.72  -2.95  -2.22  -2.27  -2.63  -3.21  -3.29   
1967 -3.25  -3.49  -3.99  -3.94  -4.35   0.46   0.93   0.56   1.19   1.14  -0.30  -0.40   
1968 -0.61  -0.88  -1.16  -1.22  -0.81  -0.92  -0.86  -0.04  -0.61  -0.76   0.56   0.55   
1969 0.26   0.46   0.98   0.98   0.93   1.61   1.73   2.09   2.37  -0.05  -0.66  -0.77   
1970 -1.15  -1.74   0.08   1.07  -1.02  -1.54  -2.03  -2.54  -2.01  -2.01  -2.40  -2.65   
1971 -2.43  -1.94  -2.52  -2.55  -3.23  -3.04  -2.65  -2.70  -1.97  -1.22  -1.13  -0.64   
1972 -0.79  -1.12  -1.84  -2.12  -2.42  -2.63   0.56   0.67   0.36   0.41   0.89   1.02   
1973 1.89   1.65   3.85   4.04   3.23   2.36   2.36   1.47   2.51   3.03   2.79   2.96   
1974 2.81   2.60   2.83   2.90   2.57   2.07   1.20   2.75   2.84   3.08   3.81   3.96   
1975 4.36   4.69   4.41   3.52   4.19   4.23   4.01  -0.10  -0.89  -1.51  -0.92  -1.14   
1976 -1.49  -2.15  -2.50  -1.71  -1.35  -1.79  -1.67  -2.11  -1.71  -1.49  -1.88  -2.36   
1977 -2.55  -2.53  -2.81   0.15   1.04   0.56   0.30   1.60  -0.20  -0.84  -0.83  -1.25   
1978 -1.37  -0.80  -1.04  -1.41   0.64   0.78  -0.24  -0.71  -1.06  -1.70  -1.37  -1.62   
1979 0.25  -0.34   0.75   0.47   0.89   0.75   2.39   2.46   1.90   1.65   2.54   2.28   
1980 2.53   2.39   2.55   3.04   3.17   3.01  -0.83  -1.50  -2.24  -2.28  -2.64  -2.29   
1981 -2.61  -2.92  -2.63  -3.27  -2.69  -2.91  -2.78  -2.69   0.03   0.91   1.65   1.37   
1982 1.34   1.69   1.59   1.28   2.98   2.92   3.02  -0.61  -1.35  -1.82  -1.75   0.04   
1983 -0.13   0.43   1.40   1.44   1.83   2.39   1.78   0.71   0.88   1.66   1.56   1.35   
1984 1.01   1.04   2.33   2.68  -0.51  -0.73  -1.56  -2.26  -2.92   0.13   0.12   1.37   
1985 1.34   2.36   2.22   2.34   1.53   1.92   2.02   2.26   2.83   3.45   3.67   3.51   
1986 2.83   2.33   1.48   1.14   1.07   1.55   1.66   2.50   3.51   5.35   5.75   5.48   
1987 5.59   6.21   6.23   4.98   5.68   5.39   5.28   4.95   5.40   4.44   4.12   4.64   
1988 4.44   3.72   4.46   5.15  -0.73  -1.21  -1.11  -1.85  -1.51  -1.35  -1.31  -1.65   
1989 -1.58  -1.62  -1.24  -1.94   0.02   1.56   1.84   3.21   3.54   3.31   2.56   2.15   
1990 2.36   2.99   3.25  -0.02  -0.18  -1.09  -1.47  -1.81  -1.61  -1.88  -1.87  -2.07   
1991 -2.23  -2.86  -3.18  -2.91  -2.99  -3.02  -3.54  -3.59  -3.46  -3.28   0.43   1.32   
1992 1.21   0.73   0.56   0.50   0.50   2.06   2.37   3.81   3.24   2.52   4.02   4.31   
1993 4.72   4.80   4.49   4.17   5.62   5.44   5.52   5.33   4.89   3.79   3.24   2.50   
1994 1.89   1.45   0.88   2.00   1.67   0.89   1.35   1.00   0.61   0.98   1.59   1.34   
1995 1.45   0.91   1.48   1.86   2.13   3.55   4.07   4.88   4.47  -0.56  -1.07  -0.80   
1996 -1.10  -1.56  -1.69  -2.23  -3.01  -3.21   0.36   1.39   2.57   2.53   3.24   3.00   
1997 2.68   3.62   2.66   3.53   3.18   3.54   4.29   5.58   5.97   5.77   5.23   6.30   
1998 5.98   5.24   6.15   5.87   5.06   3.78   3.91   2.79   1.73   4.24   5.09   5.05   
1999 5.83   5.08   5.36   6.54   6.09   7.20   6.86   6.08   6.16   5.34   4.15   4.62   
2000 4.11   3.85   5.09   4.30   4.05   4.68   4.91   3.60   2.04   3.18   3.07   3.14   
2001 3.41   4.22  -0.12  -0.91  -0.27  -0.64  -1.50  -2.17  -2.15  -2.64  -2.83  -3.29   
2002 -2.71  -2.86  -3.16  -2.89  -2.75   0.15   0.34   0.64   0.42   2.60   2.19   2.51   
2003 2.09   2.22   2.19   2.05   1.66   1.81  -0.49  -0.13  -0.12  -0.29  -0.76  -0.75   
2004 0.57   0.60   1.43   1.72   0.69   1.63   2.05   2.52   1.78   2.09   3.27   2.92   
2005 4.01   3.79   2.98   2.06   1.18   2.21   2.64   3.93  -0.55   0.54  -0.49  -0.83   
2006 -1.26  -1.75  -1.79  -1.84  -2.36  -2.66  -3.34  -3.16  -3.37  -3.55  -3.74   0.65   
2007 0.68   0.35   1.52   1.68   2.12   4.55   5.02   4.68   4.12   4.15   3.20   3.64   
2008 3.11   3.61   3.41   3.26   3.52   4.47   4.85   4.29   5.10   5.57   4.95   4.66   
2009 4.02   3.42   3.13   3.91   3.14   2.49   2.16   3.17   2.50   3.40   2.82   2.31   
2010 2.02   2.08   1.79   1.53   2.06   1.95   2.64   2.75  -0.36  -0.68  -0.45  -0.83   
2011 -1.07  -1.18  -1.49  -1.79  -2.24  -3.00  -4.08  -4.20  -4.09  -0.04   0.52   1.42   
2012 1.15   2.12   2.08   2.95  -0.79  -1.40  -2.54  -2.87  -3.13  -3.56  -3.83  -4.14   
2013 -3.91  -2.65 -99.99 -99.99 -99.99 -99.99 -99.99 -99.99 -99.99 -99.99 -99.99 -99.99   
