1895 -0.15  -0.88  -1.35  -2.01  -2.52   0.50   1.94   3.03   2.16   2.15   2.75   4.01   
1896 -0.39  -0.89  -1.14  -1.94  -1.92  -2.13  -2.00  -2.42  -2.59  -2.75  -2.54  -2.64   
1897 0.35  -0.37   1.06   1.52  -0.16  -0.07  -0.21  -0.04  -0.72  -1.24  -1.58  -1.78   
1898 0.83   0.94   1.97   1.23   2.15   2.20   3.17   3.73   3.36   3.04   2.29   2.50   
1899 2.21   1.59   0.82   1.02   1.53   1.33   2.59   2.17   1.43   1.87   2.30   2.22   
1900 -0.34  -0.25  -1.03  -0.60  -0.80  -0.75   0.81   0.50   1.01   1.04  -0.13  -0.62   
1901 -0.88  -1.28  -1.40  -1.45  -1.30  -1.92  -2.53  -2.75  -3.16  -3.38  -3.41  -3.25   
1902 -3.34  -3.70   0.75   0.69   1.40   1.12   0.88   0.43   1.43   0.91   2.03   2.18   
1903 1.62   2.58   2.52  -0.70   0.73  -0.31  -0.29  -0.25  -0.53  -0.49  -1.16  -1.55   
1904 -1.13  -1.77  -1.86   0.05  -0.15   1.52   2.09   2.28  -0.41  -1.19  -1.97  -2.45   
1905 0.14  -0.22   0.34   0.62   1.48   0.69   1.81   2.37   2.04   2.05  -0.30  -0.39   
1906 -0.20  -0.53  -0.24  -0.30  -0.56   0.41   1.70   3.22   3.46   3.03   2.83   2.29   
1907 2.65   1.62   0.79   0.97   1.34   1.92   1.81   1.59   0.92   1.05   0.60   0.75   
1908 0.86   1.49   1.01   1.80   2.57   3.49   3.65   3.45   3.63   4.28   4.70  -0.70   
1909 -1.12  -1.32  -1.44  -1.65  -0.99  -1.11  -1.38  -1.88  -2.45  -2.44  -1.58  -1.55   
1910 -1.65  -1.78  -2.73  -2.58  -2.22  -2.27  -2.00  -1.32  -2.02  -1.89  -2.56  -3.13   
1911 -3.82  -3.23  -3.87  -3.14  -3.84  -4.55   0.33   0.99  -0.55  -0.67  -0.97   0.72   
1912 0.28   0.31   0.95   1.40  -0.68  -0.14  -0.41  -0.20  -0.63  -0.46  -0.99  -1.55   
1913 0.16   0.44   0.61  -0.52  -0.94  -1.34  -1.36  -2.07   0.96   1.09   1.25   1.82   
1914 -0.64  -0.86  -0.82  -0.90  -1.27  -2.47  -3.54  -2.35  -2.51  -2.61  -3.31  -3.00   
1915 -2.95   0.72   0.57   1.01   1.26   2.20   2.33   3.71   3.71   3.55   2.95   2.25   
1916 3.93  -0.73  -1.09  -0.74  -1.44  -0.42  -0.92  -1.71  -1.82  -1.59  -1.32  -1.50   
1917 -1.64  -2.10  -2.29   0.30  -0.37   0.03   0.26   1.50  -0.33  -0.88  -0.92  -1.42   
1918 -1.54  -2.23  -2.51  -1.84  -1.93  -1.84  -2.23  -2.35   0.32   0.80   0.85   1.43   
1919 -0.29  -0.41  -0.69  -0.75  -0.60  -0.26  -0.40  -0.35  -1.16   1.67   1.98  -0.48   
1920 -0.17  -0.94   0.46   0.23   0.55   0.09   0.23   0.90   0.87   1.56   1.02   1.06   
1921 1.09   0.85   1.12   1.53  -0.83   1.03   0.00  -0.19  -0.53  -1.16  -1.14  -1.55   
1922 -1.45  -1.65   0.76   1.88  -0.10  -0.94  -0.61  -1.05  -1.75  -1.98   0.26  -0.32   
1923 0.46   0.25   0.34   0.59   1.11   1.24  -0.46  -1.08   1.03   2.74   2.50   2.67   
1924 2.26   1.57   1.60   1.62   1.25   1.59   2.05  -0.07  -0.02  -0.49  -0.59  -0.53   
1925 -0.48  -0.85  -1.58  -1.32  -1.94  -2.48  -2.25  -2.61   0.58   1.08   1.04   0.49   
1926 0.88  -0.67  -0.61  -0.71  -1.37   0.04   0.73   1.52   2.34   2.68   2.08   2.34   
1927 2.82   2.10   2.07   3.14   2.86   2.83   3.94   5.06   4.83   4.29   3.67   3.57   
1928 3.18   2.73   1.95   2.50   1.72   2.98   3.38   3.39   2.38   2.32   2.19   2.17   
1929 2.49   2.17   2.34   2.14   2.60   2.50   2.41  -0.69  -0.45  -0.07  -0.45  -0.65   
1930 0.84  -0.33  -1.00  -1.39  -0.71  -0.78  -1.59  -1.97  -2.27  -1.93  -2.01  -1.63   
1931 -1.97  -0.96  -0.91  -0.88  -1.27  -1.68  -1.60  -0.75  -1.58   0.72   0.82   0.33   
1932 2.35  -0.05  -0.27  -0.93  -1.85  -1.18  -0.94  -1.39  -2.02  -1.88  -2.31   1.31   
1933 1.25   0.88   0.55   0.56   0.98  -0.94  -1.09   0.77   0.99  -0.08  -0.17  -0.70   
1934 -0.35  -0.72  -1.01  -1.34  -1.89  -2.45  -3.45  -3.76   1.39  -0.78  -0.16  -0.62   
1935 -0.46  -0.98   0.98   0.88   1.31   3.32  -0.34  -0.65  -0.66   0.58   0.82   0.87   
1936 -0.57  -0.95  -1.80  -2.54  -3.22  -4.28  -5.32  -6.01   0.78   0.87   0.28   0.36   
1937 1.49  -0.55  -0.43  -0.56  -0.92  -1.07  -1.04  -1.17  -1.08  -1.18   0.04   0.21   
1938 0.29   2.32   2.44  -0.30   0.25   0.34   0.36  -0.08  -0.86  -1.61  -1.35  -1.77   
1939 -1.50  -0.93  -1.45  -1.52  -1.57  -1.22  -1.31  -1.47  -2.56  -2.34  -2.26  -2.56   
1940 -2.79  -2.65  -3.18   0.78   0.11   0.16   0.47   1.66   1.51   0.91   1.42   1.32   
1941 1.91   1.89  -0.77  -0.24  -1.38  -1.25  -1.52   0.23   0.19   2.55  -0.24  -0.38   
1942 -0.66  -0.81  -1.38   1.37   0.80   1.36   1.53   1.81   2.15   2.25   2.34   2.66   
1943 -0.64  -1.17  -1.06  -1.40   2.06  -0.13  -0.91  -1.94  -1.84  -1.44  -2.10   0.18   
1944 0.23   0.68   1.03  -0.17  -0.30   0.15   0.35   0.90  -0.54  -0.55  -0.77  -0.74   
1945 -0.95   1.32   3.04   4.45   3.72   5.13   5.57   5.37   6.03  -0.42  -1.03  -1.46   
1946 0.72   0.94   0.39   0.57   1.48   1.44  -0.53  -1.00  -1.64  -1.93   1.66   2.82   
1947 -0.47  -1.15  -1.50   0.52   1.03   1.57  -0.02  -0.88  -0.84  -1.26   0.07  -0.06   
1948 -0.07   0.49   1.01  -0.86   0.14   1.39   1.81   2.69  -0.83  -1.36  -1.76  -0.05   
1949 1.11   1.39   1.09   0.63   1.33   1.96   1.86   1.53   1.54   1.55  -0.82   0.11   
1950 0.79   0.74  -0.60  -0.70   1.09  -0.49   2.03   2.97   3.18  -0.84  -1.41  -1.97   
1951 -1.83  -0.61  -0.99  -1.15  -1.73   1.21   1.35   0.86   1.36   1.44   1.58  -0.54   
1952 -0.70  -0.70   0.02   0.60  -0.56  -1.42  -1.86  -1.63  -2.23  -2.64  -2.07  -2.30   
1953 -2.43  -2.71  -1.78  -0.84  -1.29  -2.29  -1.55  -1.52  -1.85  -1.59  -1.77  -1.83   
1954 -1.76  -2.29  -2.64  -2.79  -1.99  -2.52  -3.28  -3.87  -4.52  -4.13  -4.53  -3.68   
1955 -3.51  -2.90  -2.48  -2.86  -2.55  -2.77  -2.89  -2.07  -2.05  -2.43  -2.92  -3.50   
1956 -3.74  -3.56  -3.84  -3.81  -3.47  -3.31  -3.30  -4.06  -4.74  -4.75  -4.17  -3.94   
1957 0.30   0.09   0.11   2.19   3.23   3.83   3.13   2.60   3.23   2.41   2.56   2.20   
1958 1.78   1.50   1.82   1.73   1.26   2.00   3.08   4.17   3.81   2.86   2.47   1.87   
1959 1.15   0.64   0.96   0.68   0.70   0.66   2.48   2.46   2.63   3.03   2.77   2.89   
1960 2.59   2.23   1.56   1.03   1.82   1.44   2.92   3.20  -0.52  -0.70  -1.33  -0.67   
1961 -0.92  -1.00  -0.71  -1.37   0.36   0.04   1.78   2.00   2.52   2.02   2.21   2.07   
1962 -0.01  -0.42  -0.62  -0.75  -1.83  -1.74  -1.41  -1.70  -1.06  -0.87  -1.02  -1.06   
1963 -1.36  -1.94  -2.17  -2.24  -2.79  -3.30  -3.11  -3.60  -3.81  -4.47  -4.58  -4.51   
1964 -4.77  -4.58  -3.98  -3.80  -3.37  -3.30  -3.71  -2.75  -2.31  -2.72  -2.35  -2.73   
1965 -2.51  -2.20  -2.25  -2.29  -2.23  -2.04  -1.94  -1.43  -1.44  -2.05  -2.72  -2.73   
1966 -2.50  -1.69  -2.07  -0.94  -1.37  -1.87  -2.13  -1.01  -1.53  -2.02  -2.41  -2.67   
1967 -3.01  -3.47  -3.69   0.56   0.71   0.11   0.33   0.14   1.02   1.40   0.66   0.93   
1968 1.35   0.94   1.51   1.38   1.95   1.85   1.97   2.38   2.32   1.73   2.94   3.11   
1969 3.27   3.09   2.97   0.02   0.04  -0.03  -0.58  -1.06  -1.69   1.48  -0.62  -0.16   
1970 -0.57  -0.87  -0.55  -0.09  -0.80  -0.66  -1.18  -1.86   1.45   2.77  -0.35  -0.78   
1971 -0.63  -0.64  -1.39  -1.66  -1.49  -1.57   0.76   1.01   1.33   1.77   1.39   2.28   
1972 -0.49  -1.01  -1.59  -1.36  -1.95  -2.20  -2.35  -2.54  -2.35   0.88   1.70   1.36   
1973 1.79   1.52   2.81   3.44   3.10   4.14   3.76   3.51   4.19   3.90   4.91   4.72   
1974 3.91   3.24   2.63   2.64   1.63   1.87   1.12   1.76   3.00   3.03   3.14   3.10   
1975 2.83   3.35   3.72   3.11   2.80   2.89   2.91   2.92   2.76  -0.57   0.50   0.58   
1976 -0.60  -1.37   0.13   0.80   0.73   0.64   0.40   0.28   0.26   0.56  -0.46  -0.57   
1977 -0.50  -0.86  -0.17  -0.65  -1.23  -1.71  -1.60  -1.11  -0.94  -1.43  -1.53  -1.90   
1978 -1.98  -1.54  -1.13  -1.46  -1.07  -0.68  -1.03  -1.84  -2.63  -3.09   0.40  -0.40   
1979 -0.25  -0.22  -0.24  -0.31   0.22   0.57   1.01   1.12  -0.67  -0.79  -0.69  -1.12   
1980 -1.38  -1.66  -1.58  -1.93  -1.81  -1.80  -2.52  -3.29  -3.16  -3.10  -3.19  -3.21   
1981 -3.50  -3.25  -3.25  -3.62   0.50   0.27   0.88   1.44   0.93   2.41   2.25   1.45   
1982 2.48  -0.31  -0.87  -1.44   0.75   1.22   1.35  -0.42  -0.91  -1.09   0.59   1.37   
1983 1.11   1.38  -0.38   0.06   0.51  -0.22  -0.66  -1.47  -2.05  -1.53  -1.15  -1.32   
1984 -1.56  -1.35  -0.74  -0.69  -0.62  -1.15  -1.68  -1.78   0.03   1.24   1.47   2.32   
1985 2.17   2.47   3.23   2.95   2.02   1.76   1.07   0.96   0.81   1.73   2.48   2.66   
1986 -0.73  -0.83  -1.27  -0.69  -0.31  -0.39  -1.15   0.48   1.12   1.61   1.74   1.17   
1987 1.59   1.94  -0.01  -0.89  -0.66  -0.93   0.16   0.85   0.90   0.63   1.23   3.18   
1988 -0.10  -0.48   0.64  -0.35  -1.25  -2.07  -1.81  -2.01  -1.89  -2.06   0.40   0.33   
1989 0.55   1.58   1.71  -1.02   0.49   1.12   1.61   1.50   2.08  -0.63  -1.39  -1.88   
1990 0.83   1.58   2.75   4.01   5.11  -0.82  -1.12  -1.19   0.54   0.43   0.45   1.02   
1991 1.09  -0.74  -0.89  -0.70  -1.10  -1.07  -1.16  -1.34   0.58   1.46   1.87   2.76   
1992 2.19   1.31   0.71   0.61   1.07   2.05   3.17   3.75   4.81   3.68   4.49   5.47   
1993 5.13   5.28   4.54   4.86   4.74   4.25   3.03   2.35   3.62   3.21   3.14   2.96   
1994 -0.15   0.02   0.20  -0.09  -0.45  -1.10   0.54   1.07  -0.29  -0.46   1.57   1.39   
1995 2.16   1.34   1.11   1.55   1.75   1.98   2.41  -0.60  -0.09  -0.28  -0.78  -0.80   
1996 -0.67  -1.43  -1.25  -0.79  -1.36   0.03   1.38   2.19   3.28   2.54   4.45   3.51   
1997 2.74   3.23   2.60   2.45   1.79   1.99   2.15   2.97   2.44   2.91   2.66   3.31   
1998 4.79   4.03   4.37  -0.43  -0.92  -1.10  -1.58  -2.07   0.39   0.87   1.02   1.14   
1999 0.02  -0.42   0.68   1.13   1.39   2.11  -0.18  -0.98  -0.56  -1.02  -1.53  -1.27   
2000 -1.00  -1.28  -1.50  -1.63   0.07   1.96   2.02  -1.00  -1.42   0.37   1.23   1.01   
2001 1.33   2.49  -0.60  -1.34  -0.49  -0.49  -1.12  -0.02   0.26   0.46   0.20   0.83   
2002 0.88   0.50   0.93   1.02  -0.16  -0.20  -0.10  -0.09  -1.01  -0.87  -1.42  -0.62   
2003 -1.16  -0.83  -0.95  -1.62  -1.76  -1.32  -1.46  -1.16  -1.09  -1.33  -1.18  -1.53   
2004 -1.08  -1.32  -1.29   0.62  -0.94   0.39   2.12   2.14   1.24   1.56   2.53   1.91   
2005 3.06  -0.30  -0.61  -1.03  -1.46  -1.75  -1.97  -1.62  -2.18  -2.58  -3.13  -3.72   
2006 -3.95  -4.61  -3.72  -3.65  -3.76  -3.77  -4.13  -4.40  -0.01  -0.02   0.91   1.58   
2007 2.02  -0.24  -1.11  -1.08  -1.25   0.63   2.03   2.42   2.50   2.57   1.59   1.50   
2008 1.04   1.35   2.66   2.95   2.34   2.62   2.04   2.90   3.06  -0.54  -1.16  -1.56   
2009 -1.47  -1.48  -1.77   0.34   0.54  -0.45  -0.43   0.18   0.86   2.21  -0.65  -0.61   
2010 -0.48  -0.36  -0.66  -1.23   0.14   0.60   1.13  -0.62   0.59  -0.51  -0.88  -1.26   
2011 -1.75  -1.85  -2.58  -1.77  -1.53  -2.68  -3.93  -3.96  -4.16  -3.86  -2.46  -2.20   
2012 -1.45  -1.57  -1.10  -1.62  -2.33  -2.67  -3.32  -3.22  -2.85  -3.06  -3.49  -3.81   
2013 -3.70  -3.11 -99.99 -99.99 -99.99 -99.99 -99.99 -99.99 -99.99 -99.99 -99.99 -99.99   
