1895,0.12,0.13,-0.50,-0.93,-1.33,0.58,1.56,2.55,1.59,1.92,2.46,3.25
1896,3.07,-0.20,-0.35,-0.94,-1.53,-1.94,-1.91,-2.49,-2.56,-2.16,-2.02,-1.95
1897,-1.68,-1.93,0.38,1.07,1.57,-0.14,-0.20,-0.04,-0.29,-0.68,-1.30,-1.62
1898,0.33,0.57,0.81,0.48,1.23,1.62,2.79,3.20,-0.83,-1.35,-1.49,-0.82
1899,-1.04,-1.40,-1.70,0.37,-0.34,0.92,2.20,1.66,1.08,1.33,1.99,2.01
1900,1.68,1.28,0.79,1.37,1.36,0.88,1.32,1.31,2.25,2.25,-0.30,-0.60
1901,-0.98,-1.18,-1.43,-1.40,-1.01,-1.29,-1.36,-2.03,-2.49,-2.61,-2.65,-2.89
1902,-3.28,-3.77,0.25,0.17,1.63,-0.67,-0.97,-1.59,0.78,0.46,1.48,1.66
1903,1.35,2.27,2.35,1.67,2.01,2.11,2.23,0.01,-0.33,-0.30,-0.73,-1.19
1904,-1.32,-2.06,-2.66,-2.68,-2.55,0.83,0.93,1.14,-0.08,-0.33,-0.93,-1.24
1905,0.19,0.17,0.68,1.29,1.42,1.12,1.99,2.13,-0.30,-0.42,0.41,0.46
1906,-0.21,-0.62,0.19,0.55,-0.62,-0.57,0.89,2.79,2.68,2.50,2.18,1.82
1907,2.09,-0.40,-0.96,0.16,0.35,0.56,0.86,0.69,0.07,0.79,0.74,1.08
1908,1.00,1.23,0.79,1.78,2.65,3.61,4.21,4.31,4.15,4.66,5.02,-0.20
1909,-0.37,-0.72,-0.69,-1.04,-0.93,-0.79,-0.76,-1.36,-2.07,-2.00,-0.77,-0.77
1910,-0.85,-1.10,-1.84,-1.89,-2.25,-3.01,-3.42,-3.30,-4.05,-4.33,-4.61,-4.83
1911,-5.07,-4.53,-4.91,-4.71,-5.01,-6.03,-5.11,-4.99,-5.24,-4.95,-4.95,-3.49
1912,-3.55,-3.14,-2.19,-1.65,-1.66,-0.94,-0.77,-0.59,-0.88,-0.92,-1.38,-1.70
1913,-2.13,-1.81,-1.88,-2.23,-2.64,-2.64,-3.02,-3.97,0.20,0.22,0.76,1.92
1914,1.51,1.12,0.99,1.03,1.35,-0.57,-0.71,1.60,-0.62,-0.77,-1.18,0.28
1915,0.13,0.71,0.95,2.21,2.65,3.18,3.81,5.89,6.17,5.99,5.02,4.29
1916,5.59,-0.27,-0.52,0.62,-0.56,-0.13,-0.30,-0.73,-1.09,-1.10,-0.99,-1.42
1917,-1.84,-2.11,-2.62,-2.42,-2.81,-3.87,-4.35,-3.32,-3.43,-3.79,-3.67,-3.94
1918,-3.83,-4.20,-3.88,-3.41,-3.58,-3.87,-4.39,-4.87,-0.03,0.58,0.99,1.95
1919,1.79,1.93,1.72,1.90,1.80,2.09,2.42,2.70,2.03,2.81,2.94,2.53
1920,2.70,2.30,2.18,1.68,1.23,1.21,1.39,2.89,2.57,2.99,2.94,2.88
1921,3.20,3.10,2.87,2.80,1.97,3.35,3.89,3.59,-0.39,-1.10,-1.74,-2.26
1922,-1.99,-2.28,0.39,1.75,1.98,1.70,1.96,-0.67,-1.30,-1.37,-0.87,-1.37
1923,-1.42,-1.56,-0.02,0.29,0.65,1.02,-0.13,-0.67,0.98,2.90,3.20,3.86
1924,3.42,2.99,3.51,3.46,-0.56,-1.34,-1.36,-1.70,-1.72,-2.05,-2.17,-2.20
1925,-2.31,-2.83,-3.42,-3.05,-3.51,-4.68,-4.58,-4.64,-3.74,-3.42,-3.16,-3.43
1926,-2.76,-3.26,0.14,0.46,0.29,0.39,0.94,1.32,2.11,2.37,1.89,2.52
1927,2.66,2.62,2.42,2.67,1.36,1.49,2.02,2.45,2.37,-0.07,-0.85,-0.78
1928,-1.05,-1.05,-1.12,0.30,0.27,0.45,0.91,0.97,-0.62,-0.81,0.37,0.57
1929,0.83,0.88,1.25,1.00,1.83,-0.37,-0.10,-0.93,-0.59,-0.56,-0.13,-0.39
1930,-0.23,-0.62,-1.05,-1.20,-1.31,-1.54,-1.97,-2.46,-3.05,0.49,0.59,0.90
1931,0.73,0.85,1.42,1.65,-0.31,-1.02,-0.64,-0.95,-1.96,0.41,1.72,2.00
1932,3.16,3.05,2.41,2.36,1.64,2.76,2.96,3.39,2.96,2.40,1.63,3.10
1933,2.53,2.54,2.43,-0.35,-0.53,-1.36,-1.67,-0.67,-0.85,-1.32,-1.56,-1.26
1934,-1.26,-1.32,-1.04,-1.35,-1.62,-2.15,-3.20,-3.30,-2.60,-2.82,-2.50,-2.81
1935,-3.12,-3.21,-3.12,-3.04,1.11,1.15,1.15,0.87,0.78,0.53,0.90,0.98
1936,-0.26,-0.68,-1.47,-2.03,-2.22,-2.84,-3.84,-4.81,-2.65,-2.55,-2.67,-2.63
1937,-2.40,-2.68,-2.23,-1.86,-1.95,-1.84,-2.20,-1.74,-1.59,-1.45,-1.57,-1.63
1938,-1.87,0.89,1.21,1.18,1.49,1.58,0.03,-0.90,-1.44,-2.18,-1.88,-2.23
1939,-1.21,-1.48,-1.34,-1.83,-2.50,-2.39,-3.14,-2.75,-3.67,-3.93,-4.00,-4.00
1940,-4.00,-3.54,-4.10,-3.21,-3.34,-3.50,-3.18,-2.99,-2.85,-2.93,1.00,0.84
1941,1.04,1.82,1.39,2.29,2.82,4.31,4.28,4.43,4.07,5.40,4.96,4.79
1942,4.20,3.93,3.45,4.47,3.47,3.24,2.78,3.49,4.14,4.31,3.70,3.90
1943,3.28,2.68,2.53,2.02,2.92,-0.31,-0.99,-2.06,-2.44,-2.72,-2.92,0.45
1944,0.67,0.78,0.83,1.14,0.48,0.64,0.99,1.00,0.96,0.93,1.07,1.34
1945,1.83,2.25,2.48,2.94,1.87,2.47,3.25,3.45,4.25,-0.31,-0.75,-1.10
1946,-0.68,-0.57,-0.87,-1.14,-0.97,-1.15,-1.56,0.47,-0.10,-0.55,0.45,0.65
1947,-0.10,-0.53,-0.83,1.13,2.09,2.05,1.90,-0.75,-1.53,-1.49,0.13,0.51
1948,0.35,1.04,1.48,-0.40,-0.60,-0.55,-0.43,-0.48,-1.42,-1.82,-2.05,-2.58
1949,1.55,1.35,1.27,0.97,1.89,2.29,2.02,1.75,1.86,1.95,-0.61,-0.69
1950,-0.83,-0.62,-1.24,-1.61,0.09,0.18,1.56,2.73,2.71,-0.91,-1.40,-1.87
1951,-2.02,-1.89,-1.99,-2.24,0.61,1.14,1.70,0.00,-0.29,-0.52,-0.72,-1.34
1952,-1.53,-1.94,-1.92,-1.40,-1.34,-2.19,-2.22,-3.06,-3.73,-4.15,-3.65,-3.29
1953,-3.54,-3.57,-2.95,-2.76,-3.33,-3.54,-3.01,-2.68,-3.38,-1.95,-1.47,-1.26
1954,-1.39,-1.83,-2.13,-1.95,-0.92,-1.44,-2.28,-2.97,-3.85,-4.07,-4.40,-4.06
1955,-3.63,-3.32,-3.07,-3.59,0.87,1.05,1.17,0.80,1.08,1.78,-0.42,-0.83
1956,-1.11,-1.18,-1.82,-2.36,-2.51,-3.55,-3.63,-4.22,-4.90,-4.09,-3.96,-3.48
1957,-3.26,-3.18,0.59,2.52,3.77,3.90,3.82,2.73,2.46,2.44,2.76,2.12
1958,2.27,1.91,2.45,2.45,1.67,1.74,2.45,-0.06,-0.50,-1.27,-1.58,-1.81
1959,-2.23,-2.77,-3.30,-3.22,0.12,-0.21,1.04,0.75,0.87,1.76,1.62,2.59
1960,2.72,2.96,2.66,1.64,1.27,1.03,1.82,2.13,1.44,2.71,2.08,3.00
1961,2.61,2.74,3.14,2.21,1.38,1.94,2.25,2.19,2.82,2.37,2.95,2.74
1962,2.29,1.70,1.10,1.29,0.57,2.19,2.82,2.34,2.78,2.58,-0.05,-0.03
1963,-0.43,-0.85,-0.95,-1.34,-1.92,-2.19,-2.67,-3.13,-3.35,-3.94,-3.27,-3.20
1964,-3.05,-2.21,-2.20,-2.70,-2.65,-3.04,-3.84,-3.56,0.48,-0.43,1.42,1.21
1965,1.01,0.82,0.63,0.63,0.24,0.59,0.26,0.28,0.85,1.01,-0.64,-0.83
1966,-0.85,-0.85,-1.41,-1.04,-2.04,-2.69,-3.34,-1.34,-1.04,-1.55,-2.13,-2.45
1967,-2.89,-3.47,-4.01,-3.79,-4.11,-4.93,-4.84,-5.17,-4.47,-4.17,-4.30,-4.10
1968,0.55,0.60,0.38,0.26,0.61,0.59,1.59,1.75,1.49,1.11,1.94,1.78
1969,1.32,1.65,1.99,1.43,1.72,1.39,1.10,1.75,2.11,0.03,-0.43,-0.70
1970,-1.15,-1.72,-0.94,-0.98,-1.60,-2.27,-3.03,-3.44,-2.87,-3.00,-3.20,-3.58
1971,-3.74,-3.74,-4.27,-4.83,-5.28,-5.72,-5.74,-4.52,-3.25,-2.56,-2.50,-1.68
1972,-1.81,-2.01,-2.58,-2.30,-2.54,-3.00,-3.08,-2.79,-3.01,0.88,1.60,1.46
1973,2.72,2.52,3.86,4.16,3.32,3.26,3.74,3.13,4.23,3.88,3.55,-0.20
1974,-0.50,-0.71,-0.77,-0.40,-0.74,-1.13,-1.92,0.93,1.85,2.16,2.06,2.03
1975,2.31,2.88,2.67,2.15,2.60,2.96,4.69,5.47,5.16,4.24,4.16,3.95
1976,3.18,2.21,1.86,2.77,2.43,2.27,2.07,1.60,2.19,2.40,-0.28,-0.59
1977,-0.59,-0.53,-0.97,0.24,1.19,-0.46,-0.85,1.19,-0.85,-1.08,-1.23,-1.81
1978,-2.05,-1.60,-1.85,-2.24,-1.39,-1.11,-1.42,-1.47,-1.74,-2.42,-1.93,-2.18
1979,0.22,-0.21,0.27,0.62,0.58,0.95,1.77,2.47,-0.80,-1.29,-1.12,-0.94
1980,-0.56,-0.68,-0.71,-0.90,1.39,-0.58,-1.63,-2.55,-2.95,-3.29,-3.33,-3.05
1981,-3.34,-3.44,0.07,0.21,0.17,0.39,0.37,0.67,0.04,0.80,0.81,0.41
1982,0.80,0.62,0.64,0.22,1.81,2.61,3.21,-0.25,-0.52,-1.26,0.28,0.22
1983,0.59,0.71,1.09,0.88,1.02,1.36,-0.21,-1.06,-1.81,2.62,2.53,2.45
1984,2.06,1.94,2.15,-0.13,-1.16,-1.41,-2.15,-2.67,-3.19,-2.94,0.33,1.88
1985,2.02,2.90,3.91,3.99,2.83,3.68,3.53,3.37,3.50,4.11,3.98,3.53
1986,2.79,2.39,1.73,1.49,1.74,1.85,1.68,2.24,3.40,4.88,5.41,5.10
1987,5.21,5.90,5.52,4.24,5.17,5.35,5.44,5.12,4.87,4.26,3.41,3.91
1988,3.71,2.94,3.48,3.78,-0.91,-1.23,-1.52,-2.15,1.33,-0.36,-0.49,-0.68
1989,-0.53,-0.16,-0.12,-0.98,-0.93,1.68,1.89,2.17,3.00,2.45,1.62,1.02
1990,1.07,1.93,2.87,3.54,3.12,2.33,2.82,2.94,-0.13,-0.57,0.37,0.31
1991,0.47,-0.65,-0.96,-1.16,0.32,1.27,2.01,2.79,3.83,3.66,3.54,5.14
1992,4.97,4.49,3.96,3.84,3.64,4.73,5.14,5.82,4.91,3.65,5.13,5.71
1993,5.81,5.93,5.85,6.00,5.79,5.29,5.17,4.93,4.64,-0.30,-0.38,-0.37
1994,-0.77,-0.60,-0.39,-0.05,-0.35,-0.70,-0.68,-1.25,-1.59,0.04,1.21,-0.27
1995,-0.27,-0.62,0.21,0.63,1.23,2.40,3.12,4.92,5.97,-0.24,-0.45,-0.19
1996,-0.34,-0.75,-0.68,-1.05,-1.96,-1.93,0.34,2.76,3.70,3.23,3.44,2.93
1997,2.51,3.62,2.55,4.37,4.09,3.87,4.01,5.08,4.69,4.50,3.93,4.54
1998,4.73,5.01,6.08,-0.22,-1.17,-2.09,-3.19,-3.60,-4.37,0.23,0.85,0.74
1999,1.14,0.64,1.30,1.69,1.83,2.37,2.52,-0.77,-1.06,-1.11,-1.83,0.57
2000,-0.37,-0.58,0.77,1.03,-0.61,1.24,1.36,-0.89,-1.61,1.83,2.63,2.93
2001,3.22,3.72,-0.14,-0.80,-0.06,-0.80,-1.76,-1.12,-1.31,-1.83,-1.63,-1.94
2002,-1.65,-1.78,0.20,0.92,-0.60,-0.62,-0.09,-0.50,-0.72,1.15,1.00,1.74
2003,-0.17,-0.12,-0.35,-0.38,-0.70,1.27,1.19,1.67,-0.56,-1.23,-1.38,-1.85
2004,0.32,0.66,1.09,1.19,-1.04,0.93,1.78,2.48,1.72,2.08,4.16,3.86
2005,4.14,3.98,-0.46,-0.89,-0.98,-1.08,0.08,1.49,-0.15,-0.27,-1.00,-1.49
2006,-2.17,-2.81,-2.69,-3.21,-3.68,-4.55,-5.20,-4.74,-4.33,0.63,0.43,0.97
2007,1.40,1.17,1.98,1.83,2.24,4.53,4.65,5.87,-0.23,-0.40,-0.92,-0.38
2008,-0.81,-0.69,-0.65,-0.32,-0.81,-1.08,-1.34,1.63,-0.38,-0.15,-0.66,-1.07
2009,-1.49,-2.00,-2.25,0.85,-0.17,-0.68,-0.35,-0.65,0.28,0.81,0.26,0.26
2010,0.61,1.23,0.89,1.13,-0.60,-0.87,1.56,-0.35,-0.42,-0.34,-0.43,-1.00
2011,-1.48,-1.82,-2.64,-3.44,-3.75,-5.23,-6.33,-6.83,-6.83,-5.91,-4.68,-3.91
2012,-3.53,-3.32,-2.57,-2.07,-2.50,-2.56,-3.17,-3.46,-3.13,-3.51,-3.85,-3.85
2013,-3.69,-2.91,-99.99,-99.99,-99.99,-99.99,-99.99,-99.99,-99.99,-99.99,-99.99,-99.99
