1895 0.15  -0.77  -1.00  -1.58  -1.49   0.78   1.87   2.56   1.62   1.27   1.96   2.90   
1896 0.01  -0.15  -0.44  -1.33  -2.29  -3.07  -3.64  -4.16  -4.14  -3.64  -3.60  -3.79   
1897 -2.98  -3.37  -1.78  -1.28  -1.38  -1.35  -1.55  -1.24  -1.82  -2.46  -2.96  -2.89   
1898 0.85   0.71   1.78   0.92   1.28   1.37   1.72   2.25   2.15   2.22   1.78   1.88   
1899 1.97  -0.52  -1.23   0.09   0.31   0.68   1.78  -0.21  -0.77  -0.84  -0.48  -0.26   
1900 -0.49  -0.47  -0.68   0.19   0.03   0.13   0.86   0.72   1.16   1.37   0.02  -0.54   
1901 -0.91  -1.45  -1.44  -1.47  -1.26  -1.85  -2.41  -2.61  -2.75  -2.88  -3.15  -3.16   
1902 -3.05  -3.19   0.48   0.40   0.46   0.43   0.51  -0.60   0.98   0.71   2.22   2.43   
1903 1.85   3.27   3.21  -0.84  -0.51  -0.85  -0.62  -0.62  -0.95  -1.06  -1.94  -2.49   
1904 -2.28  -2.49  -2.39  -2.52  -0.04   1.30   1.80   2.08  -0.45  -0.95  -1.89  -2.28   
1905 -1.88  -2.20   0.33   0.71   1.72   1.52   2.69   3.18   2.50   2.43   2.29   2.16   
1906 2.18   1.50   1.22   1.01   1.02   1.22   2.27   3.65   3.93   3.41   3.55   3.03   
1907 3.17   2.37   1.62   1.89   2.50   2.53   1.93   1.59   0.89   0.94   1.16   1.31   
1908 1.34   1.66   1.25   1.73   2.12   2.52   2.38   2.43   2.84   2.47   3.03  -0.70   
1909 -1.22  -1.21  -1.50  -1.70  -1.28  -1.24  -1.64  -1.93  -2.76  -2.88  -2.26  -1.87   
1910 -2.01  -1.91  -2.57  -2.17  -1.80  -1.91  -1.76  -1.27  -2.18  -1.99  -2.75  -3.20   
1911 -3.94  -3.92  -4.32  -3.18  -3.82  -4.55  -3.94  -2.68  -3.21  -3.58  -3.64  -2.13   
1912 -2.23  -2.13  -1.35  -0.62  -1.47  -0.95  -1.44  -1.27  -1.83  -1.94  -2.47  -2.80   
1913 -2.09  -1.72  -1.31  -1.47  -1.82  -2.27  -2.25  -2.75   1.65   2.06   2.46   3.37   
1914 -0.58  -0.62  -0.43  -0.50  -0.05  -1.22  -2.49  -1.11  -1.58  -2.03  -2.57   0.17   
1915 -0.17   0.33   0.37   0.65   0.38   1.01   0.79   2.71   2.26   2.10   1.91   1.50   
1916 3.00  -0.69  -1.27  -1.06  -1.78  -1.17  -1.85  -2.31  -2.32  -2.64  -2.60  -2.87   
1917 -2.98  -3.28  -3.20   0.13   0.05   0.02   0.29   1.33  -0.47  -0.88  -1.21  -2.02   
1918 -1.99  -2.65  -3.24  -2.56  -2.95  -2.88  -3.47  -3.43   0.19   0.34   0.80   1.64   
1919 1.32   1.04   0.93   0.65   0.63   0.96  -0.51  -0.27  -0.84   1.67   2.30   1.49   
1920 2.02   0.93   1.21   1.10   1.70   1.23   1.32   2.03   1.75   2.05   1.64   1.84   
1921 1.58   1.54   1.82   2.20  -0.85  -0.06  -0.42  -0.39  -0.87  -1.73  -1.84  -2.22   
1922 -2.16   0.06   1.04   1.48  -0.05  -0.61  -0.25  -0.57  -1.36  -1.80   0.22  -0.29   
1923 0.59   0.98   1.08   1.38   1.62   1.64  -0.48  -0.86   1.00   1.88   1.88   2.57   
1924 -0.19  -0.49  -0.50   0.44   0.48  -0.11  -0.32  -0.93  -0.77  -1.63  -2.02  -1.94   
1925 -2.06  -2.19  -2.87  -2.78  -3.11  -3.68  -3.41  -3.73   0.43   1.00   1.24  -0.56   
1926 -0.03  -0.79  -0.56  -0.73  -1.24  -1.20   0.41   1.24   1.33   1.92   1.60   2.33   
1927 2.82   2.10   2.14   3.26   2.58   2.88   3.48   4.37   3.99   3.63   3.08   3.14   
1928 2.73   2.09   1.08   1.97   1.55   2.63   2.91   3.01   1.99   1.97   2.15   2.21   
1929 2.37   2.06   1.89   1.51   1.87  -0.16  -0.43  -1.13  -1.15  -0.88  -1.25  -1.54   
1930 1.04  -0.05  -0.63  -1.17   1.26  -0.45  -1.58  -1.98  -2.27  -1.62  -1.45  -1.17   
1931 -1.72  -1.09  -0.84  -1.24  -1.68  -1.85  -1.52  -1.17  -2.08   0.12   0.14   0.27   
1932 2.51   2.66  -0.22  -0.68  -1.15  -0.33  -0.21  -0.53  -1.08  -1.14  -1.81   0.56   
1933 0.85   0.73   0.71  -0.15  -0.21  -0.99  -0.95  -0.16  -0.37  -0.55  -1.11  -1.64   
1934 -1.82  -2.15  -1.92  -2.06  -2.80  -3.35  -4.23  -5.16  -4.09  -4.60   0.63   0.28   
1935 0.79   0.20   0.51   0.81   2.11   3.63  -0.30  -0.33  -0.36  -0.31  -0.29  -0.03   
1936 -0.56  -1.05  -1.88  -2.60  -2.86  -3.59  -3.82  -4.77   0.45   0.66   0.12   0.29   
1937 1.21  -0.69  -0.79  -0.83  -1.29  -0.95  -1.09  -0.84  -1.15  -1.13   0.25   0.40   
1938 1.37   2.15   2.09  -0.14  -0.17  -0.35  -0.20  -0.47  -1.18  -2.08  -2.04  -2.35   
1939 -2.32  -1.13  -1.50  -0.59  -1.00  -0.88  -1.23  -1.42  -2.36  -2.70  -2.59  -3.11   
1940 -3.37  -3.52  -3.88   0.60   0.90   0.87   1.21   1.44   0.83   0.31   0.77   0.98   
1941 0.85   0.90   0.14   0.82  -0.89   0.47   0.66   1.14   0.72   1.56  -0.27  -0.30   
1942 -0.45  -0.92  -1.23   1.35  -0.14   0.18  -0.43   0.54  -0.16  -0.44  -0.63  -0.31   
1943 -1.00  -1.66  -1.64  -1.78  -0.96  -1.33  -2.16  -3.37  -3.04  -2.67  -3.10   0.01   
1944 -0.02   1.07   0.90   0.97   1.36  -0.24  -0.80  -0.73  -1.53  -2.02   0.01   0.46   
1945 0.08   2.02   4.01   3.39   3.23   4.61   4.83   5.30   5.88   5.30   4.37   3.38   
1946 3.57   3.59   2.87   2.63   3.12  -0.38  -1.00  -1.14  -1.52  -2.02   2.03   2.34   
1947 -0.45  -1.16  -1.17   0.57   0.76  -0.18  -0.74  -1.04  -1.27  -1.61  -1.81   0.30   
1948 0.24   0.54  -0.04  -0.76  -0.24  -0.60  -0.44  -0.14  -1.04  -1.04  -1.67  -1.94   
1949 1.80   2.03   1.96   1.57   1.23   1.69   1.46   1.26   1.19   1.62   0.75   0.72   
1950 2.05   2.44  -0.74  -0.91  -0.67  -1.13   2.40   3.14   3.96  -0.51  -1.02  -1.77   
1951 -1.61  -0.52  -1.18  -1.16  -1.83   1.26   1.67   1.25   1.67   1.78   2.00  -0.47   
1952 -0.90  -1.14   0.21   1.14  -0.40  -1.19  -1.58  -2.03  -2.32  -2.82  -2.07  -2.12   
1953 -2.17  -2.40   0.57   1.89  -0.15  -1.16   1.03  -0.18  -0.82  -1.28  -1.58  -1.59   
1954 -0.64  -1.39  -2.12  -2.32  -1.77  -2.39  -3.26  -3.70  -3.90  -2.49  -2.84  -2.28   
1955 -2.43  -2.02  -1.55  -1.89  -1.92  -2.40  -2.81  -1.69  -1.21  -1.74  -2.40  -3.21   
1956 -3.61  -3.16  -3.53  -3.56  -3.78  -4.13  -4.41  -4.87  -5.31  -5.60  -5.05  -4.94   
1957 0.32   0.21   0.73   2.68   3.11   3.43   2.63   2.46   3.70   3.21   3.81   3.12   
1958 2.78   2.11   2.39   2.07   1.77   2.02   2.70   3.88   3.66  -0.30  -0.12  -0.57   
1959 -1.08  -1.43  -1.25  -1.59  -1.87   0.15   1.79   2.18   1.79   2.29   1.92   2.34   
1960 2.27   2.04   1.50   0.71   1.53   1.22   2.11   2.81   2.47   2.25   1.50   2.56   
1961 1.81   1.61   1.59   0.72   0.81   0.79   1.83   2.44   2.70   2.43   3.07   2.99   
1962 2.92  -0.15  -0.15  -0.05  -1.08  -0.58  -0.62  -0.82   0.76   1.61   0.01  -0.42   
1963 -0.76  -1.50  -1.48  -1.38  -2.32  -2.64  -2.21  -2.54  -3.17  -3.99  -4.36  -4.43   
1964 -4.78  -4.74  -3.67  -3.09  -3.27  -3.44  -3.86  -2.38  -1.40  -1.79  -1.41  -1.70   
1965 -1.51  -0.87  -0.95  -1.68  -1.48  -1.24  -1.52  -1.27  -0.58  -0.98  -1.55  -2.06   
1966 -2.11  -1.34  -2.06  -0.87  -1.38  -1.92  -2.03  -0.78  -0.88  -1.33  -1.92  -2.12   
1967 -2.63  -3.17  -3.57   0.76   1.49   1.07   1.12   0.98   1.67   2.24   1.64   2.08   
1968 2.55   1.89   2.98   3.05   3.95   4.05   4.00   3.58   3.94   3.48   4.22   4.37   
1969 4.38   4.24   3.96   3.19   3.29   3.20  -0.31  -1.03  -1.26  -0.75  -1.03  -0.54   
1970 -0.92   0.26   0.49   0.68  -0.83  -0.88  -1.43   0.02   0.75   1.57  -0.31  -0.72   
1971 -0.88  -0.94  -1.38  -1.47  -1.68  -1.91   0.82   1.25   0.86   1.56   1.10   3.67   
1972 -0.36  -1.03  -1.74  -1.88  -2.32  -2.49  -2.56  -2.97  -2.85   1.08   2.07   1.62   
1973 1.61   1.39   2.45   3.25   2.88   3.91   4.03   3.76   4.41   4.62   4.75   4.51   
1974 3.90   2.86   2.02   2.15   1.38   2.03   1.46   2.27   4.09   4.16   4.51   4.01   
1975 3.49   3.36   3.41   2.68   2.69   3.10  -0.20  -0.05  -0.06  -0.86  -1.12  -1.22   
1976 -1.73  -2.31   0.03   0.16   0.24   0.45   0.18   0.01   0.08   0.76   0.44   0.22   
1977 0.41   0.13   1.20  -0.44  -1.11  -1.32  -1.32  -0.85  -1.03  -1.61  -1.66  -2.15   
1978 -2.06  -1.84  -1.51  -1.76  -1.85  -2.19  -2.70  -3.28  -3.53  -4.03   0.80   0.87   
1979 0.87   1.15   1.46   1.32   2.21   1.89   2.32   2.30  -0.19   0.24  -0.39  -0.12   
1980 -0.26  -0.61  -0.98  -1.16  -0.82  -0.87  -1.56  -2.66  -1.52  -1.20  -1.45  -1.55   
1981 -1.93  -1.83  -1.94  -2.40   0.37   0.71   1.09   1.53   0.96   2.11   2.06  -0.71   
1982 -0.07  -0.22  -0.90  -1.16   1.08   1.60   0.02  -0.01  -0.73  -0.92   0.58   1.68   
1983 -0.47  -0.56  -0.50  -0.73   0.58   0.75   0.93  -0.09  -0.71  -0.78  -0.73  -0.61   
1984 -0.79   0.32   1.00  -0.50  -0.25  -0.74  -0.36  -0.77   0.53   2.58   3.10   3.40   
1985 2.99   2.95   3.10   2.99   2.39   2.19   2.03   1.27   1.12   1.53   2.55  -0.29   
1986 -0.98  -0.53  -1.13   0.62   0.75   1.21  -0.54  -0.50  -0.45  -0.26  -0.07  -0.40   
1987 -0.44  -0.28  -0.20  -1.23  -1.23  -1.06  -1.05  -1.20  -1.12   0.01   0.75   1.92   
1988 -0.38  -0.54  -0.26  -0.62  -1.51  -1.99  -1.75  -1.45  -1.82  -1.74   0.39   0.30   
1989 0.61   1.28   1.45   0.68   1.18   1.87   2.61   2.51   2.63  -0.47  -1.31  -1.80   
1990 1.00   1.67   2.52   3.07   4.52   3.70   3.70   3.01   2.98   3.04   2.65   2.63   
1991 2.58   1.70   1.55   2.68   2.16   1.94   1.89   1.83   1.59   3.33   3.41   4.12   
1992 3.74   3.26   2.72   2.37   1.99   2.93   3.91   3.63   4.46   3.43   3.75   4.34   
1993 4.26   4.14   3.72   3.68   3.65   3.07   1.77   1.48   1.52   2.44   2.49   2.84   
1994 2.86   2.44   2.19   1.96   1.95   1.22   1.86   1.95   1.36   1.50   2.52   2.57   
1995 3.07  -0.83  -1.17  -0.97  -0.56  -0.48  -0.27  -0.73  -0.27  -0.69  -1.29  -1.38   
1996 -1.14  -1.85  -1.80  -1.65  -1.75   0.16   1.54   2.72   3.34   3.69   5.32   4.41   
1997 3.60   4.39   3.89   4.05   3.10   3.43   2.67   2.48   1.74   2.55   2.47   3.08   
1998 3.99   3.69   3.85  -0.57  -1.30  -1.81  -2.74  -3.23   0.40   1.19   1.16   1.46   
1999 1.24   0.43   0.67   0.59   0.73   1.15  -0.53  -1.39  -1.49  -1.79  -2.48  -2.28   
2000 -2.60  -3.03  -3.08  -2.95  -2.87  -1.39  -1.39  -2.18  -2.50  -2.41   1.62   1.62   
2001 1.78   2.93   2.51   1.53   1.76   1.52   1.12   1.21   1.42   1.56   1.21   2.22   
2002 2.46   2.23   3.49   3.79  -0.28  -0.22  -0.04  -0.16  -0.54  -0.05  -0.46   0.73   
2003 -0.70  -0.56  -0.97  -1.58  -2.06  -1.24  -1.34  -1.23  -0.93  -1.34  -1.04  -1.41   
2004 -1.00  -0.92  -1.40  -1.28  -1.70   0.98   1.63   1.51   0.91   1.62   2.68   2.00   
2005 2.62  -0.21  -0.66  -1.17  -1.41  -1.74  -1.95  -1.93  -2.32  -2.85  -3.22  -3.98   
2006 -3.80  -4.32  -3.33  -3.12  -3.12  -2.67  -2.89  -2.97  -2.78   0.61   1.53   1.99   
2007 2.57   1.83   0.68   0.89   1.16   1.88   3.02   2.59   2.64   2.39   1.48   1.58   
2008 0.94   1.19   2.69   3.12   2.69   2.94   2.07   2.52   2.78  -0.13  -0.44  -0.67   
2009 -0.90  -1.40  -0.01   0.41   1.54   0.89   1.18   1.34   2.34   4.65   3.75   3.53   
2010 3.53   3.58  -0.25  -0.85  -1.05  -1.41  -1.31  -1.99  -1.63  -1.85  -2.18  -2.25   
2011 -2.54  -2.65  -3.41  -2.05  -1.68  -2.48  -3.50  -4.13  -4.48  -4.41  -3.09  -2.22   
2012 -1.30  -1.48  -0.97  -1.56  -2.30  -2.73  -2.92  -2.80  -3.08  -3.14  -3.78  -4.07   
2013 -3.62  -3.27 -99.99 -99.99 -99.99 -99.99 -99.99 -99.99 -99.99 -99.99 -99.99 -99.99   
