1895 0.75  -0.80  -0.99   0.24   1.24  -0.73  -1.10  -1.47  -0.92  -2.12  -0.04   0.72   
1896 1.43   1.31   0.91   2.14   2.59  -0.25  -0.65  -0.75  -1.13  -1.36   1.41   1.55   
1897 0.84   1.68   2.12  -0.67  -0.86  -0.60  -0.38  -0.46  -0.49  -1.13   0.98   1.10   
1898 -0.66  -0.23  -1.24  -1.87  -1.71  -1.44  -1.55  -1.70  -1.19  -1.45  -1.06  -1.60   
1899 0.26   0.89   0.90   1.17   1.47  -0.44  -0.82   0.59   0.23   0.53   1.16  -0.16   
1900 -0.53  -0.59  -0.91  -1.36   0.52   0.74   0.68   0.76   0.68   1.55  -0.55  -0.76   
1901 0.44   1.17  -0.70  -0.41  -0.51  -0.50  -0.54  -0.97  -0.28  -0.85  -0.77  -1.32   
1902 -1.81   1.76   1.68   1.71   1.67  -0.44  -0.44  -0.60  -0.86  -1.55   1.08   1.44   
1903 1.79  -0.92  -0.93  -1.26  -1.65  -1.60  -1.68  -1.45  -1.41  -1.70   1.31  -0.90   
1904 -0.99   2.31   3.80  -0.13  -0.64  -0.96  -0.94  -1.42  -1.74  -1.94  -1.71  -1.56   
1905 -1.53  -2.25  -2.04  -2.78  -2.35  -1.84  -1.85  -1.87  -1.59  -1.04  -1.79  -2.08   
1906 -1.75  -1.14  -1.23  -2.16   0.60   0.64  -0.16  -0.64   0.40   0.41   0.61   0.62   
1907 0.71   1.65   1.69  -0.03  -0.21  -0.54  -0.73  -0.49  -0.40  -1.32   0.11   0.78   
1908 -0.34  -0.56  -0.52  -0.94  -0.78  -1.19  -1.28  -1.20  -2.02  -1.41  -1.97  -2.38   
1909 1.53   2.51  -0.84  -1.76  -1.73  -2.03  -1.95  -2.17  -2.50   0.17   1.63   1.17   
1910 1.11   1.79  -0.69  -1.13  -1.40  -1.54  -1.78  -2.00  -2.24  -1.81  -0.64  -1.16   
1911 -0.77  -1.01  -2.17  -2.51  -1.85  -2.06  -2.22  -2.25  -1.29  -1.80  -1.69  -1.97   
1912 0.81   1.09  -0.69   0.20   0.46   0.49   0.36   1.33  -0.08   0.07  -0.11  -0.28   
1913 0.47  -1.05  -1.29  -1.41  -0.02   0.52   0.60   0.44   0.45   0.71   0.57   0.07   
1914 1.64  -0.02  -0.95  -0.85  -1.11  -1.10  -1.38  -1.75   0.59   1.02  -0.66  -1.31   
1915 -1.19  -1.05  -1.73  -2.03  -1.42  -1.78  -1.66  -1.98  -2.66  -2.70   0.93   0.88   
1916 1.18   1.86   2.77   2.26   2.33   2.18   2.69  -0.08  -0.57  -1.39  -1.14  -1.42   
1917 -1.79  -1.84  -1.64  -0.79  -0.95  -0.90  -1.06  -1.44  -1.73  -2.84  -2.38  -1.73   
1918 -1.76  -1.12  -1.34  -2.21  -2.44  -3.07  -3.29  -2.94  -3.36  -2.96  -3.10  -3.37   
1919 -2.73  -1.41  -1.43  -1.34  -1.50  -1.82  -2.05  -2.24  -2.04  -2.17  -1.71  -1.76   
1920 -2.40  -3.66  -3.32  -2.51  -2.84  -2.69  -2.51   0.12   1.17   1.49   1.14   1.29   
1921 1.75   2.27  -0.44  -0.54  -0.55  -0.56  -0.83  -1.00   0.13   0.10   0.68  -0.56   
1922 -1.13  -1.03  -0.65  -0.77  -1.07  -1.75  -2.29  -2.13  -2.18  -1.89  -2.51  -1.85   
1923 -1.07  -1.92  -2.78  -2.72  -2.57  -2.46  -2.06  -1.95  -2.15  -1.87  -2.60  -2.73   
1924 -3.14  -3.01  -3.91  -4.43  -4.95  -5.11  -5.36  -5.03  -4.66  -3.15  -2.69  -2.62   
1925 -2.21  -1.64  -2.65  -2.41  -1.99  -2.36  -2.69  -2.79  -2.96  -3.61  -3.27  -3.50   
1926 -3.62  -2.35  -3.82  -4.12  -3.52  -3.82  -4.06   0.34   0.13   0.32   0.91   0.41   
1927 0.74   1.76  -0.38  -0.53  -0.36  -0.57  -0.82   0.04   1.11   1.08   1.45  -0.68   
1928 -0.71  -1.51   1.22   1.65  -0.80  -1.30  -1.69  -2.06  -2.32  -2.16  -2.20  -2.29   
1929 -2.40  -3.28  -3.51  -2.74  -2.80  -2.60  -2.62  -2.76  -3.31  -3.80  -4.33  -2.81   
1930 -2.89  -2.02  -2.78  -2.76  -2.32  -2.30  -2.45  -2.77  -2.72  -2.82  -2.89  -3.62   
1931 -3.65  -4.08  -2.78  -2.77  -3.40   0.74  -0.26  -0.64   0.09   0.07   0.02   0.50   
1932 -0.08  -0.69   0.72   0.96  -0.41  -1.06  -0.95  -1.14  -1.77  -2.02   0.30   0.45   
1933 1.10   0.89   1.33  -0.64   1.92   2.48   2.08   1.82   2.55  -0.14  -1.36  -0.17   
1934 -0.26  -1.48  -2.20  -2.59  -2.62  -2.97  -2.91  -2.91  -3.02  -2.00  -1.32  -1.20   
1935 -1.37  -1.95  -1.35  -1.41  -2.08  -2.31  -2.40  -2.59  -2.42  -2.33  -2.85  -3.12   
1936 -2.26  -2.06  -2.65  -3.15  -2.35  -2.11  -1.68  -1.89  -2.30  -3.29  -3.90   0.49   
1937 0.33   1.18   0.64   2.29   2.05   3.55   3.01   3.02   2.69   2.28   3.35   3.24   
1938 2.65   2.80   4.20  -0.12  -0.75  -1.40  -1.85  -2.21  -2.44  -2.34  -2.27  -2.73   
1939 -2.69  -2.07  -2.52  -3.34  -3.57  -3.12  -2.68  -2.47  -2.95  -2.82  -3.62  -2.70   
1940 -3.07  -1.11  -1.00  -1.17  -1.21  -1.85  -1.94  -2.30  -2.10  -1.65  -1.99  -1.89   
1941 -1.75  -2.54  -3.68  -3.68   0.57   0.72   0.42   0.73   1.96  -0.33  -0.54   0.66   
1942 -0.52  -0.66  -1.45  -1.39   0.57   0.84   1.17  -0.29  -0.96  -1.31   1.28   1.91   
1943 1.46   0.80   0.88   0.85   0.73   1.04   1.05   1.51  -0.69   0.74  -0.85  -1.73   
1944 -2.19  -2.26  -2.82  -2.07  -2.04  -1.99  -2.08  -2.24  -2.16  -2.51  -2.12  -2.85   
1945 -2.91   0.41   1.15   1.53   1.81  -0.66  -0.87  -1.17  -0.68  -1.21   1.25   1.39   
1946 1.28   1.41   0.01  -0.23  -0.90   0.36   0.50   0.12   0.09   0.62   0.94  -0.19   
1947 -0.58  -1.33  -1.53  -1.61  -2.47   1.27   2.49   2.49   2.09   3.82   2.81   2.04   
1948 1.66   2.15   1.82   2.99   3.61   2.78   2.61   2.53   2.73   2.15   1.97   2.17   
1949 0.80   2.34  -0.33  -1.17  -0.55  -0.93  -0.94  -1.14  -1.24  -1.25  -1.31  -1.39   
1950 1.15   1.50   2.12   1.90   1.40   1.10   1.01   0.88   0.65   2.87   2.77   2.42   
1951 2.83   2.90   2.74  -0.78  -0.69  -1.32  -1.59  -1.83   0.24   1.27   1.07   0.96   
1952 1.20   1.00   1.15  -0.66  -1.16  -0.91  -1.09  -1.23  -1.74  -2.64  -2.97   0.57   
1953 2.15   1.85   1.83   1.68   2.65   2.70   2.35   3.08   2.86   2.34   2.62   2.48   
1954 3.22   2.79   2.04   2.01   1.23   1.83   2.01   2.71   2.59  -0.13  -0.63  -0.51   
1955 -1.04  -1.38   0.22   1.74   1.05   0.71   1.26   0.82   1.10   2.14   2.02   3.00   
1956 3.91   4.05   4.02  -1.03  -1.33  -0.91  -1.04  -1.02  -0.97   1.42  -1.26  -1.42   
1957 -1.95   0.03   0.81  -0.31  -0.16  -0.27  -0.11  -0.10  -0.46  -0.31  -0.99   0.55   
1958 0.64   1.61   1.05   1.63  -0.78  -0.96  -1.33  -1.74  -1.72  -1.89   0.63   0.15   
1959 0.89   0.99   0.76   0.08   0.14   0.36   0.49   0.30   1.65  -0.03  -0.92  -1.60   
1960 -1.78   0.40   0.85   1.16   2.65  -0.53  -0.97  -0.71  -1.26  -1.20   0.86  -0.92   
1961 -1.19   1.79   2.96   2.66   3.12  -0.50  -0.85  -1.03  -1.26  -0.75  -0.65  -0.86   
1962 -1.73  -1.71   0.21   0.29   0.31  -0.27  -0.50   0.40   0.53   0.93   1.16  -0.89   
1963 -1.77  -1.82  -1.71   1.38   1.99   1.85   2.10   1.94   1.64   1.65   1.80   0.89   
1964 1.79  -1.08  -0.95  -1.24  -1.40   0.25   0.92   1.20  -0.19  -0.99   0.78   1.76   
1965 2.36  -0.83  -2.36  -1.87  -1.86  -2.06  -2.12  -2.12  -2.67  -3.06  -2.09  -1.70   
1966 -1.16  -1.63  -0.57  -1.29  -1.85  -2.11  -2.04  -2.16  -2.04  -2.11   0.28   0.41   
1967 1.05  -0.64   0.46   1.07  -0.42  -0.98  -1.52  -2.08  -2.26  -1.51  -2.08  -2.13   
1968 -1.88  -1.48  -1.42  -1.77   0.13   0.62   0.59   2.81   2.98   3.45   3.34   3.85   
1969 4.18  -0.23  -1.31  -1.12  -1.17   0.49   0.39   0.10   0.80   0.88  -0.83   0.31   
1970 1.53  -0.54  -1.44  -0.68  -0.76  -1.12  -1.38  -1.75   0.12   0.14   0.23   0.78   
1971 1.38   0.91   1.62   2.04   1.60   1.97   1.94   2.15   3.17   2.83   2.55   2.93   
1972 3.15   2.82   3.14   3.74  -0.57  -0.96  -1.27  -1.43  -1.14  -1.97  -1.83  -1.38   
1973 -1.53  -2.49  -2.29  -2.80  -2.83  -2.38  -2.39  -2.34   0.85   0.60   2.32   2.74   
1974 2.94   3.14   3.84   3.40   2.99   2.55   3.25  -0.22  -0.98  -1.87   0.26   0.38   
1975 0.49   0.90   1.09   1.16  -0.05  -0.34  -0.51   0.73  -0.86   1.07  -0.03   0.09   
1976 -0.10   0.15  -0.29  -0.47  -0.95  -1.35   0.05   0.61  -0.49  -1.24  -1.95  -2.70   
1977 -3.56  -3.83  -3.17  -3.82   0.78  -0.42  -0.72   0.73   1.82   1.39   1.50   1.77   
1978 -0.06  -0.27  -1.52   1.19   1.65   1.47   1.32   2.09   3.00  -1.05  -1.31  -1.99   
1979 -2.57   1.04   0.10   0.23   0.62   0.26   0.31   0.16   0.29   0.70  -0.42  -0.38   
1980 -0.57  -0.73  -0.96  -0.34  -0.59  -0.31  -0.33  -0.54  -0.77  -1.38   0.18   0.65   
1981 -0.98  -1.19  -1.42  -0.04   0.27   1.07   0.92   0.55   1.08   1.86   1.62   2.49   
1982 2.58   2.82   2.61   3.70   2.44   1.93   1.56   1.07   1.32   1.49   1.04   1.45   
1983 1.61   2.66   3.50   2.92   2.62   2.87   4.20   4.85   4.11   3.02   3.79   3.55   
1984 2.26   2.32   1.87   2.20   2.78   3.35   2.96   2.36   1.88   2.33   3.24  -0.65   
1985 -2.04  -2.35  -2.24  -2.72  -2.89   0.83   0.81   0.62   1.00   1.27  -0.50  -1.49   
1986 -1.39   1.11  -0.46  -0.51   0.45  -0.46  -0.16  -0.60   1.20  -0.35  -0.37  -1.27   
1987 -1.16  -1.32  -0.79  -1.43  -1.57  -2.04  -1.76  -1.98  -2.53  -3.58  -3.44  -2.45   
1988 -2.14  -3.21  -3.45  -3.24  -2.16  -1.72  -1.41  -1.57  -1.66  -2.61  -1.15  -1.66   
1989 -1.81  -2.30  -1.12  -1.72  -1.52  -1.55  -1.24  -0.76  -1.26  -1.22  -1.85  -2.73   
1990 -2.01  -1.43  -2.26  -2.34  -1.67  -1.30  -1.15  -0.64  -1.34  -0.66  -0.86  -1.66   
1991 -2.26  -2.68  -2.27  -1.29  -0.72  -1.01  -1.19  -0.98  -1.83  -2.35  -1.90  -2.43   
1992 -2.57  -2.93  -4.16  -2.82  -3.68  -4.00  -4.20  -4.30  -4.10  -4.11  -3.87  -3.44   
1993 -3.65  -4.24   0.02   1.73   2.40   2.59   3.20   3.00  -0.75  -1.64  -2.15  -1.75   
1994 -2.10  -1.89  -2.53  -2.53  -2.63  -2.19  -2.17  -2.32  -2.42   0.12   0.51   0.52   
1995 1.26  -0.75   0.45   0.97   0.57   0.97   0.77   0.77   0.74   0.44   0.82   1.00   
1996 1.33   2.49   1.41   2.71   3.23   2.49   2.22   1.58   1.51   1.76   2.04   3.24   
1997 3.08   1.80   2.05   2.05   1.56   1.61   1.68   1.94   3.15   3.75   2.88   1.90   
1998 2.32   2.78   2.55   1.88   2.47  -0.14  -0.44  -0.98  -1.53  -1.57   1.42   1.81   
1999 1.83   3.28   3.02   2.26   2.75  -0.07  -0.10  -0.04  -0.82  -1.14   0.74   0.37   
2000 0.59   0.72  -0.94  -1.35  -0.89  -0.57  -0.62  -0.89  -1.19  -1.17  -1.90  -2.57   
2001 -3.32  -3.98  -4.53  -3.91  -3.79  -3.08  -2.72  -2.05  -2.39  -2.43  -1.99  -1.49   
2002 -0.80  -1.37  -1.60  -1.30  -1.55  -1.48  -1.67  -2.02  -2.34  -3.24  -3.08   0.73   
2003 0.68  -0.74   0.49   1.77  -0.38  -1.05  -1.60  -2.09  -2.30  -2.60  -2.23  -1.72   
2004 -1.33  -1.40  -2.19  -2.16  -2.14  -2.05  -2.22   0.58   0.96   1.17  -1.03  -1.36   
2005 -1.96  -3.01  -2.96   0.54   1.36   1.85   1.91   1.41   0.98   0.95   0.81   1.06   
2006 2.18  -0.85  -0.46  -0.60  -0.78  -0.71  -0.77  -1.12  -1.42  -2.17   1.88  -0.02   
2007 -0.57   0.55  -0.50  -0.62  -1.03  -1.05   0.24   0.21   0.02   0.21  -0.48  -0.29   
2008 -0.11  -0.84  -0.68  -0.30  -0.97  -0.82  -0.98  -0.29  -0.91  -1.29  -1.06  -1.08   
2009 -1.53  -2.02  -1.76  -1.86  -1.23  -1.43  -1.49  -1.52  -1.50  -1.34  -1.08  -1.63   
2010 -1.42  -1.59   0.22   1.48   2.11   3.30   2.93   2.60   2.72   2.40   2.11   2.17   
2011 1.47   0.93   1.90   2.74   2.82   2.47   2.42  -0.39  -0.83  -1.06  -0.95  -1.66   
2012 -1.19  -1.72   1.89   2.58   2.52   3.16   2.94   2.41   1.40   2.29   2.33   2.69   
2013 2.01   1.03 -99.99 -99.99 -99.99 -99.99 -99.99 -99.99 -99.99 -99.99 -99.99 -99.99   
