1895 1.05  -0.97  -1.23  -1.15   0.69  -0.35  -0.36  -0.60   0.65  -0.97  -1.48  -0.04   
1896 0.84   0.23   0.31   1.36   1.86  -0.58  -0.94  -1.17  -1.34  -1.32   1.33   1.17   
1897 0.56   1.28   2.18  -0.73  -1.18  -1.05  -1.51  -1.90  -1.75  -1.99  -1.25  -1.17   
1898 -1.45  -1.54  -1.94  -2.60  -2.12  -2.36  -2.66  -2.96  -2.84  -2.97  -2.57  -3.02   
1899 0.35   0.50   0.55   0.47   0.73  -0.42  -0.66  -0.60  -0.91   0.92   1.46   1.38   
1900 -0.29  -0.32  -1.12  -1.63  -1.26  -1.49  -1.97  -2.13   0.10   1.13  -0.48  -0.95   
1901 0.67   0.97  -0.57  -0.68  -0.95  -1.57  -2.18  -2.63  -1.80  -2.31  -2.85  -2.75   
1902 -3.05  -1.45  -1.54  -1.29  -1.03  -1.41  -1.69  -1.93  -2.26  -2.56   0.49   0.96   
1903 1.92  -0.80  -0.93  -1.21  -1.81  -2.17  -2.76  -3.00  -3.27  -3.33   0.96   0.27   
1904 0.29   2.52   4.61  -0.38  -0.98  -1.69  -2.00  -2.48  -2.16  -1.86  -2.29  -1.81   
1905 -1.74  -2.32  -2.16  -2.76  -2.14  -2.28  -2.48  -2.92  -2.89  -2.45  -2.94  -3.10   
1906 0.47   1.23   1.73   0.90   1.95   2.16   2.21   1.61   1.24   0.66   0.64   1.08   
1907 1.43   2.04   2.77  -0.15  -0.22   0.20  -0.04  -0.04  -0.14  -0.71  -0.98   1.01   
1908 -0.36  -0.85  -1.02  -1.55  -1.03  -0.98  -1.04  -1.33  -1.62  -0.65  -1.12  -1.62   
1909 1.43   2.44  -0.69  -1.27  -1.22  -1.52  -1.63  -1.91  -1.77   0.34   2.25   2.13   
1910 2.09   2.96  -0.77  -1.58  -1.93  -2.21  -2.65  -3.01  -2.85   0.01   1.49   0.99   
1911 1.31  -0.23  -1.24  -1.32  -0.78  -0.86  -0.88  -1.26   0.45  -0.09  -0.13  -0.43   
1912 0.96   1.61   1.29   1.39   2.15   2.33   2.20   2.01   2.19   2.22   2.09   1.88   
1913 2.09   1.04   1.40   1.26   1.13   1.51   1.88   1.69   1.39   1.46   1.43   1.21   
1914 2.56   2.66  -0.97  -0.88  -0.81  -0.43  -0.39  -0.68   0.56   1.11  -0.58  -1.13   
1915 -1.28  -0.71  -1.35  -1.90   1.40  -0.24  -0.03  -0.27  -0.68  -1.21   0.80   0.91   
1916 1.33   2.06   2.50   2.01   2.47   2.35   2.50   2.41  -0.22  -0.66  -0.64  -0.29   
1917 -0.69   0.54   0.82   0.99   1.05  -0.57  -0.91  -1.38  -1.34  -2.30  -2.37  -1.55   
1918 -1.22  -0.72  -0.93  -1.49  -1.82  -2.51  -3.12  -3.37  -2.97  -2.74  -3.02  -3.55   
1919 -3.16  -1.33  -1.07  -1.14  -1.57  -1.98  -2.33  -2.65  -2.24  -1.93  -1.66  -1.54   
1920 -2.14  -2.94   0.36   0.80  -0.52  -0.52  -0.72  -0.83   0.43   1.06   1.24   1.74   
1921 2.03   2.40  -0.28  -0.53   0.56  -0.19  -0.26  -0.62  -0.58  -0.78   0.70  -0.29   
1922 -0.59   0.45   0.89  -0.02  -0.11  -0.43  -0.85  -1.12  -1.42  -1.05  -1.58   0.72   
1923 1.29  -0.76  -1.36   0.09   0.04   0.13   0.26  -0.33  -0.44  -0.09  -0.74  -1.02   
1924 -1.58  -1.85  -2.30  -2.75  -3.39  -3.79  -4.28  -4.36  -4.14   1.37   2.01   1.99   
1925 2.16   2.53  -0.70   0.03   0.65  -0.11  -0.24  -0.45  -0.27  -0.82  -1.33  -1.66   
1926 -2.03  -0.83  -2.16  -2.46  -2.36  -3.00  -3.50  -3.54  -3.50   0.12   1.05   0.75   
1927 1.05   2.53   2.00   1.77   1.71   1.70   1.52   0.98   1.55   1.26   2.07  -0.19   
1928 -0.23  -0.78   0.64   0.81  -0.73  -1.14  -1.66  -2.06  -2.18  -2.29  -2.49  -2.49   
1929 -2.18  -2.69  -2.93  -2.27  -2.51  -1.99  -2.02  -2.20  -2.39  -2.78  -3.81  -2.43   
1930 -2.36  -1.89  -2.48  -2.70  -2.14  -2.34  -2.31  -2.41  -2.21  -2.36  -2.65  -3.29   
1931 -3.71  -3.82  -3.01  -2.88  -3.18  -2.54  -2.63  -2.81   0.09   0.74   1.11   1.38   
1932 1.82   1.28   2.23   3.08   3.29  -0.43  -0.58  -0.79  -1.35  -1.41   0.15   0.53   
1933 1.92   2.56   2.80   2.48   3.71   3.98   3.84   3.36   3.74  -0.03  -1.10  -0.57   
1934 -0.19  -0.86  -1.18  -1.22  -1.21  -0.96  -1.07  -1.15  -1.41   0.95   2.09   2.41   
1935 2.78   2.18   2.62   3.69  -0.44  -0.70  -0.68  -0.92  -1.38  -0.78  -1.23  -1.30   
1936 1.78   2.57   2.36   1.99   1.96   1.91   0.03  -0.20  -0.14  -1.11  -2.30  -2.19   
1937 0.07   0.60   0.48   2.29   1.72   2.92   3.00   2.77   2.34   2.48   3.03   3.27   
1938 3.16   4.24   5.90   5.47  -0.52  -0.97  -1.08  -1.46  -1.22  -0.60  -0.19  -0.58   
1939 -0.88  -0.67  -0.73  -1.56  -1.66  -1.77  -1.53  -1.61  -1.37  -1.36  -2.55   0.55   
1940 0.53   2.71   3.24   3.03  -0.53  -1.15  -1.17  -1.61   1.19   1.27   1.21   1.31   
1941 1.51  -0.12  -0.99   0.14   1.02   1.38   2.08   3.06   3.40   3.16   3.06   4.02   
1942 3.24   3.10   1.94   1.80   2.72   2.64   2.54   2.10   1.63   0.81   2.44   3.46   
1943 3.75  -0.66  -1.00  -0.78  -1.06  -0.75  -0.56  -0.10  -0.71  -0.24  -0.83  -1.85   
1944 -2.54  -2.68  -3.02  -2.71  -2.64   0.90   1.99   2.04   0.03  -0.59  -0.47  -1.16   
1945 -1.73   0.37   0.22   0.23   1.35  -0.27  -0.44  -0.73  -0.68  -0.79   1.20   2.04   
1946 1.95  -0.30  -0.09  -0.74  -0.74  -0.78  -0.86  -0.90  -0.83   0.77   1.53  -0.57   
1947 -0.47  -1.13  -0.91  -0.89  -1.04   1.01   1.56   1.64   1.19   2.42   2.14   1.08   
1948 1.11   1.63   1.71   2.62   2.96   3.06   3.39   3.37   3.66   3.05   3.20   3.52   
1949 -0.96  -0.04  -0.08  -0.78  -0.12  -0.51  -0.77  -1.16  -1.25  -1.09  -1.27  -1.42   
1950 1.43   1.11   2.24   1.95   1.66   2.57   2.53   2.10   1.81   4.59   5.04   4.86   
1951 5.22   4.89   4.94   3.88   3.81   2.74   1.92   1.38   0.92   2.17   2.74   3.63   
1952 3.42   3.50   3.65   2.83   2.40   2.87   2.88  -0.19  -0.28  -1.30  -2.11   0.44   
1953 1.73   2.19   2.08   2.05   3.12   3.45   3.35   4.14   3.35   2.82   3.40   3.35   
1954 4.28   3.44   3.13   2.96   2.32   2.79   2.54   2.72   2.52  -0.41  -1.24  -1.53   
1955 -1.99  -2.37   0.28   1.85  -0.34  -0.66  -0.75  -1.11   0.39   0.88   1.81   3.53   
1956 4.33   4.65   4.03   3.39   3.78   3.75   4.39   4.14   3.50   4.67   3.74   3.67   
1957 3.03   3.16   4.16   3.59   3.69   2.99   2.67   2.29   2.98   2.92   2.57   3.04   
1958 3.20   3.74   3.11   3.16   2.67   3.56   3.92   0.03   0.09  -0.55  -0.28  -0.83   
1959 -0.61  -0.61  -0.85  -1.40  -0.97  -1.18  -1.45   0.18   1.00  -0.15  -1.21  -2.03   
1960 -2.42   0.38   0.92   1.07   2.06  -0.63  -0.64  -0.73  -1.16  -1.41  -0.63  -1.22   
1961 -2.01   0.96   1.32  -0.40   0.40  -0.23  -0.46  -0.58   0.08   0.33   0.71  -0.09   
1962 -0.80  -0.85  -0.55  -0.76  -0.42  -0.90  -1.07   0.13   0.19   1.81   1.99  -0.60   
1963 -1.26   0.10  -0.20   1.03   1.12   1.13   1.23   1.34   1.42  -0.31  -0.15  -0.88   
1964 -0.09  -1.06  -0.83  -1.13  -1.42   0.63   0.95  -0.04  -0.32  -1.07   0.39   4.16   
1965 4.39  -0.83  -2.03  -1.75  -1.81   0.13   0.25   1.37  -0.40  -0.90  -1.01  -1.52   
1966 -0.88  -1.54  -1.36  -1.96  -2.66  -2.71  -2.36  -2.32  -2.27  -2.43  -1.93  -1.92   
1967 -1.26  -1.99  -1.62  -0.69  -0.85  -0.91  -1.29  -1.78  -2.17  -1.63  -2.37  -2.77   
1968 -2.96  -2.80  -3.38  -3.52  -3.07  -3.11  -3.19   1.27   0.99   1.03   1.38   1.37   
1969 1.77  -0.46  -1.00  -1.10  -1.43   0.81   0.78  -0.36  -0.49  -0.25  -1.11   0.38   
1970 1.68  -0.71  -1.05  -0.72  -1.05  -1.09  -1.48  -1.96  -2.01   0.05   0.67   0.50   
1971 0.72   0.17   0.61   0.36   0.30   0.32   0.26   0.02   0.51   0.27   0.32   0.38   
1972 0.71   0.66   0.71   0.96  -0.38  -0.85  -1.37  -1.69  -1.53  -1.41  -2.01  -1.98   
1973 -2.25  -2.82  -3.12  -3.40  -3.58  -3.97  -4.29  -4.46   0.15   0.19   1.75   1.55   
1974 1.57   1.22   1.75  -0.02  -0.41  -0.96  -0.98  -1.32  -1.99  -2.57  -3.21  -3.04   
1975 -2.82  -2.03  -1.14  -0.63  -1.11  -1.23  -0.80  -0.62  -1.16  -0.68  -0.68  -0.87   
1976 -1.21  -0.99  -1.18  -1.30  -1.88  -2.11  -2.18   1.59  -0.28  -0.90  -2.17  -3.34   
1977 -4.51  -4.90  -4.88  -5.32   0.76   0.48   0.03   0.14   1.15   0.57   0.80   1.14   
1978 -0.39  -0.63  -1.45   0.60   0.36   0.25   0.21   0.28   0.88  -1.02  -1.64  -2.44   
1979 -2.68  -2.16  -2.84  -2.47  -2.35  -2.70  -3.09  -2.33  -2.58  -1.86  -1.81  -2.42   
1980 -1.99  -2.20  -2.50  -2.23  -2.23  -1.68  -1.51  -1.75  -1.50  -1.97  -2.16  -1.97   
1981 -2.65  -2.51  -2.81  -3.04  -2.66  -2.45  -2.37  -2.60  -2.37  -2.21   0.41   1.48   
1982 1.14   1.65   1.41   1.96   1.15   1.68   1.84   1.70   2.32   2.03   1.60   1.68   
1983 0.96   1.37   1.88  -0.22  -0.57  -0.71   0.15   0.93  -0.42  -0.87   0.44   1.11   
1984 -1.18  -1.42  -1.57   0.31   0.20   0.20   0.05   0.51   0.13   0.36   0.54  -0.74   
1985 -2.01  -2.30  -2.38  -2.83  -3.06  -3.47  -3.66  -3.49  -2.22  -2.50  -2.57  -3.21   
1986 -3.37  -1.43  -1.71  -2.00  -1.95  -2.25  -2.46  -2.83  -1.41  -1.84  -2.42  -3.31   
1987 -3.74  -3.68  -4.05  -4.60  -4.68  -4.56  -2.46  -2.39  -2.88  -3.75  -4.10  -3.52   
1988 -3.38  -4.15  -4.34  -3.89  -3.47  -2.97  -2.91  -3.04  -3.17  -4.07  -2.60  -3.04   
1989 -3.34  -3.63  -2.42  -2.44  -2.21  -2.61  -2.98  -2.49  -2.19  -2.10  -2.83  -3.78   
1990 -3.78  -3.67  -4.27  -4.36  -3.62  -3.74  -3.63  -2.97  -3.22  -3.31  -3.78  -4.48   
1991 -5.04  -5.39  -4.17  -3.55  -2.82  -2.50  -1.88  -1.35  -1.93  -2.20  -2.17  -2.65   
1992 -3.33  -3.99  -5.05  -4.34  -4.91  -4.85  -4.52  -4.52  -4.24  -4.09  -4.08   0.40   
1993 0.58   0.30   0.29   1.19   1.52   1.57   2.18   2.77  -0.38  -0.83  -1.56  -2.07   
1994 -2.72  -2.77  -3.71  -4.01  -4.01  -4.23  -4.64  -4.94  -4.68  -4.64  -4.19  -4.69   
1995 -3.52  -3.98   0.51   1.01   0.89   1.22   2.16  -0.07  -0.45  -0.94  -1.16   1.18   
1996 1.95   2.04  -0.86   0.33   0.87   0.58   0.65   0.52   0.32   0.25   0.53   0.64   
1997 0.90  -0.40  -1.76  -1.74  -2.16  -1.92  -1.63  -1.63  -1.25  -0.88  -1.31  -2.05   
1998 0.62   1.17   1.01   0.60   2.51   2.27   2.50   2.09   1.48   0.76   1.96   2.17   
1999 2.25   3.20  -0.58  -0.76  -0.90  -1.32  -1.69   1.08  -0.64  -1.07  -1.80  -2.47   
2000 -1.80  -1.29  -1.80  -1.80  -1.93  -2.36  -2.44  -2.84  -2.93  -2.75  -3.32  -3.85   
2001 -4.81  -4.91  -5.35  -4.82  -5.05  -4.92  -4.56  -4.64  -4.37  -4.52  -4.20  -3.71   
2002 -3.64  -3.80  -4.16  -4.09  -4.41  -4.71  -5.13  -5.30  -5.23  -5.47  -5.90  -5.04   
2003 -5.10  -5.35  -4.97  -4.02  -3.90  -4.34  -4.74  -4.59  -4.09  -4.62  -4.60  -4.17   
2004 -3.99  -3.25  -4.20  -4.18  -3.72  -3.81  -3.98  -3.20  -3.30  -2.89  -3.66  -3.48   
2005 -4.07  -4.72  -4.88   0.05   1.02   0.85   0.82  -0.49  -0.75  -1.15   0.45   1.29   
2006 1.83  -0.36  -0.51  -0.53  -1.13  -1.22  -1.78  -2.11  -2.55  -3.03  -2.74  -2.62   
2007 -3.28  -3.20  -4.27  -4.34  -4.63  -4.44  -4.36  -4.20  -4.00  -2.97  -2.71  -2.67   
2008 -2.39  -2.80  -2.86  -2.73  -2.24  -2.35  -2.48  -2.43  -2.86  -3.26  -3.69  -3.57   
2009 -4.10  -4.07  -3.74  -3.67  -3.14  -2.32  -2.13  -1.94  -2.51  -2.47  -2.99  -3.39   
2010 -3.63  -3.89  -4.14  -3.38  -3.05  -2.61  -2.45  -2.33  -2.05  -1.77  -2.02  -1.65   
2011 -2.26  -2.47   0.67   1.22   1.38   1.27   1.43  -0.25  -0.86  -1.28  -1.57  -2.17   
2012 -1.81  -1.98   1.06   1.02   0.68   0.87  -0.12   0.00  -1.47  -1.72  -2.10  -2.17   
2013 -2.89  -3.60 -99.99 -99.99 -99.99 -99.99 -99.99 -99.99 -99.99 -99.99 -99.99 -99.99   
