1895,1.26,-0.61,-0.53,-0.52,0.88,-0.35,-0.42,-0.69,-0.11,-1.04,-1.55,0.04
1896,0.26,-0.31,0.22,1.15,2.19,2.16,2.43,2.08,1.57,1.21,2.77,2.93
1897,2.63,3.42,4.25,-0.49,-0.88,-0.84,-0.92,-1.12,-1.03,-1.28,0.90,1.41
1898,1.43,1.33,-0.14,-0.60,-0.32,-0.35,-0.52,-0.89,-0.93,-1.12,0.43,-0.53
1899,-0.47,0.67,0.84,0.99,1.38,1.22,1.25,1.67,1.28,1.90,1.99,-0.04
1900,-0.23,-0.09,-0.60,-0.64,-0.22,-0.12,-0.31,-0.42,0.19,1.15,-0.55,-0.99
1901,0.30,1.18,-0.04,0.13,-0.16,-0.30,-0.30,-0.49,0.52,-0.60,-1.17,-1.59
1902,-2.30,0.82,0.94,1.03,1.22,-0.24,-0.04,-0.22,-0.45,-0.97,0.62,1.26
1903,2.42,-0.44,-0.43,-0.57,-0.76,-0.92,-1.13,-1.21,-1.33,-1.57,0.94,0.41
1904,0.51,2.82,4.34,-0.20,-0.77,-1.29,-1.41,-1.74,-2.16,-1.96,-2.47,-2.49
1905,-2.57,-2.99,-2.94,-3.28,-2.86,-2.70,-2.86,-3.15,-2.82,-2.19,-2.47,-2.82
1906,-0.02,0.38,0.51,-0.61,0.71,0.98,1.02,-0.64,-0.58,-0.76,0.51,0.59
1907,1.00,2.04,2.34,-0.04,-0.27,-0.41,-0.50,-0.50,-0.45,-1.20,-1.35,-0.89
1908,-1.17,-1.34,-1.33,-1.63,-1.12,-1.21,-1.19,-1.33,-1.58,-0.90,-1.56,-2.21
1909,0.90,1.75,-0.51,-1.08,-0.94,-1.33,-1.25,-1.53,-0.05,0.23,2.11,2.01
1910,2.46,3.26,-0.72,-1.21,-1.49,-1.90,-2.42,-2.74,-2.70,0.07,1.57,1.31
1911,1.78,1.74,-1.00,-1.26,0.64,-0.21,-0.50,-0.91,-0.29,-0.65,-0.38,-0.73
1912,0.97,1.41,1.16,1.33,1.71,2.01,2.10,2.53,2.13,2.19,1.98,1.78
1913,2.16,1.48,1.90,1.61,1.49,1.90,1.94,1.66,1.57,1.65,1.54,-0.76
1914,0.53,0.72,-0.52,-0.42,-0.58,-0.51,-0.72,-1.18,0.71,1.05,-0.60,-1.77
1915,-2.37,-2.72,-3.43,-3.68,-2.78,-3.28,-3.23,-3.55,-3.65,-3.72,0.79,0.98
1916,1.42,2.28,2.72,2.23,2.50,2.55,3.05,2.79,2.15,1.49,1.41,1.19
1917,0.79,0.77,1.38,1.72,1.90,1.83,1.78,-0.47,-0.48,-1.46,-1.66,1.12
1918,1.45,1.96,-0.45,-1.00,-1.26,-2.07,-2.55,-2.64,-2.90,-2.59,-2.99,-3.71
1919,-3.71,-2.63,-2.16,-2.06,-2.22,-2.54,-2.81,-3.11,-2.79,-2.52,-2.01,-2.14
1920,-2.62,-3.54,-3.35,-2.66,-2.78,-2.65,-2.54,-0.01,0.65,1.17,0.96,1.13
1921,1.56,2.16,-0.15,0.03,0.29,0.27,-0.25,-0.61,-0.56,-0.68,0.87,0.32
1922,0.04,0.39,0.94,0.96,-0.24,-0.77,-1.43,-1.61,-1.84,-1.61,-2.28,-1.99
1923,-1.45,-1.75,-1.80,-1.69,-1.28,-1.12,-0.72,-0.95,-1.18,-0.96,-1.47,-1.76
1924,-2.43,-2.83,-3.28,-3.77,-4.94,-5.69,-6.33,-6.21,-5.74,-4.07,-3.05,-2.51
1925,-1.53,-1.03,-1.46,-1.33,-1.12,-1.48,-1.97,-2.25,-1.97,-2.37,-2.62,-2.98
1926,-3.53,-3.05,-3.88,-4.39,-4.29,-5.11,-5.85,-5.53,-5.20,0.11,0.77,0.65
1927,1.19,2.24,1.99,1.70,2.05,2.02,1.78,1.34,2.15,2.05,2.92,2.61
1928,2.65,1.93,2.30,2.38,-0.79,-1.22,-1.56,-2.00,-2.13,-2.06,-2.30,-2.58
1929,-2.47,-3.02,-3.23,-2.61,-2.90,-2.68,-2.81,-2.98,-3.18,-3.59,-4.37,-3.64
1930,-3.60,-2.91,-3.23,-3.23,-2.67,-2.68,-2.75,-3.00,-2.70,-2.65,-2.85,-3.61
1931,-4.10,-4.65,-3.16,-2.90,-3.19,-2.48,-2.60,-2.89,-2.75,0.19,0.57,0.93
1932,1.17,1.17,2.12,2.01,2.38,-0.36,-0.58,-0.80,-1.39,0.13,0.61,0.52
1933,0.56,1.03,1.11,0.74,1.43,1.51,1.47,1.21,2.03,2.06,1.10,2.14
1934,2.08,-0.62,-0.63,-1.08,-1.63,-2.07,-2.59,-2.62,0.06,0.41,0.88,1.16
1935,0.92,0.68,0.81,1.21,-0.44,-0.40,-0.35,-0.62,-1.08,-0.98,-1.54,-1.74
1936,1.08,1.73,-0.17,-0.55,-0.61,-0.33,-0.58,-0.98,-0.97,-1.93,-2.87,-3.11
1937,-3.22,0.06,0.26,1.50,0.92,2.29,2.64,2.49,1.96,1.47,2.02,2.79
1938,2.88,3.33,3.92,3.65,-0.35,-0.29,-0.53,-0.96,-1.39,-1.09,-1.11,-1.63
1939,-2.39,-2.12,-2.05,-2.62,-3.03,-3.25,-3.39,-3.49,-3.63,-3.66,-4.65,-4.31
1940,-4.19,1.74,1.76,2.23,-0.49,-1.17,-1.24,-1.69,0.98,1.24,1.41,-0.38
1941,-0.42,-0.80,-1.65,-1.87,0.84,1.42,1.51,1.98,2.59,2.45,2.32,2.53
1942,2.18,2.65,1.82,1.49,2.33,2.95,3.67,3.41,2.43,1.95,3.99,5.65
1943,5.87,5.43,5.33,5.38,4.88,5.18,5.70,5.83,4.64,5.36,-0.44,-1.00
1944,-1.68,-1.70,-2.10,-1.54,-1.79,-1.49,-1.56,-1.83,-1.56,-2.14,-1.83,-2.46
1945,-2.60,0.27,0.91,1.04,2.44,2.22,2.26,1.78,2.05,1.41,2.16,2.96
1946,3.39,3.29,3.50,2.83,2.61,2.73,2.68,2.35,2.33,2.96,3.08,2.77
1947,2.74,2.11,1.77,1.81,0.90,1.78,2.23,1.96,2.40,4.62,4.78,4.40
1948,4.91,5.59,5.17,5.32,5.99,6.59,7.46,7.29,7.18,6.29,6.29,6.92
1949,6.01,7.10,6.49,5.15,4.44,3.26,2.31,1.53,1.40,1.20,1.14,0.67
1950,1.81,2.25,2.92,2.75,2.13,2.60,2.50,2.02,1.52,3.65,4.18,4.74
1951,5.68,5.69,5.74,4.71,4.11,3.63,3.48,2.87,2.49,3.31,3.32,3.40
1952,3.37,3.28,-0.31,-0.79,-0.88,-0.02,-0.05,-0.47,-0.68,-1.77,-2.45,0.11
1953,1.60,1.71,1.52,1.63,2.38,2.64,2.97,3.54,2.69,1.94,2.03,2.16
1954,2.90,2.46,2.23,1.95,1.76,1.92,1.99,2.11,2.09,-0.13,-0.96,-1.79
1955,-3.00,-3.86,-3.83,-2.98,-2.86,-3.30,-2.97,-3.16,0.18,0.68,1.59,2.56
1956,4.18,3.99,-0.18,-1.04,-0.62,-0.62,-0.56,-0.41,-0.86,-0.49,-1.43,-2.33
1957,-3.33,-3.56,1.27,1.03,1.51,1.18,0.90,0.64,0.77,1.52,0.82,0.89
1958,1.09,1.55,1.47,2.08,1.87,1.95,-0.21,-0.79,-1.11,-1.77,0.38,0.16
1959,0.46,0.65,-0.26,-0.69,-0.68,-0.80,-0.99,-1.20,0.71,-0.18,-1.09,-2.24
1960,-3.21,-3.65,-3.11,-2.88,-2.04,-2.37,-2.80,-2.63,-2.79,-2.82,-2.05,-2.41
1961,-2.91,0.92,1.51,1.43,1.62,1.58,-0.18,-0.58,-0.88,-0.97,-0.82,-0.84
1962,-1.60,-1.86,0.27,0.12,1.50,1.28,1.20,1.68,1.63,2.23,-0.01,-0.39
1963,-1.05,-1.26,-1.56,1.00,0.95,0.63,0.77,0.88,1.02,-0.62,-0.54,-0.91
1964,-1.19,-2.20,-2.56,-2.72,-3.30,-3.15,-2.95,-2.88,-3.03,-2.99,0.10,2.62
1965,3.21,-0.74,-1.10,-1.12,-1.23,0.11,0.29,1.22,-0.30,-1.09,-1.08,-1.96
1966,-1.98,-2.63,-2.87,-3.42,-4.11,-4.43,-3.80,-3.84,-3.43,-3.27,-2.58,-2.29
1967,-2.29,-3.03,-3.03,-2.19,-2.30,-2.50,-2.86,-3.32,-3.52,-3.07,-3.55,-4.27
1968,-5.01,-5.04,-5.77,-6.01,-5.97,-6.28,-6.49,1.10,0.95,1.06,1.42,1.60
1969,2.18,1.80,1.15,1.23,1.12,1.48,-0.14,-0.48,-0.47,-0.37,-1.49,-1.50
1970,1.54,0.01,-0.13,-0.06,-0.39,-0.56,-0.89,-1.34,-1.28,-1.18,-0.71,-0.93
1971,-1.03,-1.48,0.51,0.51,0.71,1.06,1.52,1.30,1.94,1.70,1.48,1.23
1972,1.38,1.21,1.35,1.27,1.20,1.46,1.49,1.38,1.37,-0.43,-1.14,-1.02
1973,-1.54,-2.17,-2.86,-3.28,-3.70,-4.37,-4.91,-4.95,0.74,0.95,2.46,3.81
1974,4.02,3.63,3.52,3.74,-0.17,-0.45,-0.24,-0.59,-1.26,-1.71,-2.17,-2.39
1975,0.25,0.57,0.85,1.03,-0.38,0.02,0.27,0.88,0.14,0.58,0.43,0.27
1976,0.03,0.11,0.21,0.57,0.28,0.00,0.09,1.71,-0.36,-0.96,-1.98,-3.29
1977,-4.81,-6.01,-6.71,-7.56,-6.99,-8.22,-8.92,0.36,0.72,0.19,0.58,1.60
1978,2.40,2.28,1.38,1.93,1.67,1.45,1.85,2.92,2.69,-0.84,-0.91,-1.34
1979,-1.76,-1.43,-1.52,-0.84,-1.09,-1.44,-1.66,0.74,0.33,0.96,1.09,-0.63
1980,0.70,1.18,0.99,0.80,1.06,1.50,1.73,-0.11,-0.18,-0.29,-0.40,-0.08
1981,-0.47,-0.19,-0.58,-0.78,0.62,1.39,1.90,1.64,2.01,1.69,1.28,2.12
1982,2.14,2.22,1.79,2.02,1.54,1.60,1.58,1.48,2.78,3.67,2.95,2.88
1983,2.53,3.21,3.90,3.53,3.34,3.09,3.37,3.74,3.42,2.71,2.89,3.40
1984,2.66,2.60,2.83,2.94,3.02,3.52,3.72,3.41,3.27,3.16,3.97,-0.19
1985,-0.97,-0.90,-1.02,-1.49,-1.76,-1.82,-2.20,-2.17,0.88,0.86,0.82,0.10
1986,0.05,1.21,-0.43,-0.71,-0.79,-1.52,-1.63,-1.94,-0.83,-1.19,-1.04,-1.62
1987,-1.57,-1.63,-1.40,-1.85,-1.94,-2.46,-2.29,-2.49,-3.00,-3.71,-4.26,-3.71
1988,-3.47,-4.14,-4.05,-2.57,-2.27,-1.71,-1.45,-1.69,-1.76,-2.81,-1.81,-2.36
1989,-2.56,-2.51,0.72,0.75,0.94,0.53,0.29,1.01,-0.48,-0.79,-1.47,-2.53
1990,-2.98,-3.68,-4.27,-4.11,-3.40,-3.72,-4.07,-3.39,-3.90,-3.42,-4.00,-4.50
1991,-5.21,-6.08,-5.86,-5.63,-4.44,-3.82,-3.66,-3.58,-4.02,-3.69,-2.78,-3.14
1992,-3.83,-3.94,-4.74,-3.98,-4.71,-5.26,-5.00,-4.78,-4.41,-4.12,-0.04,-0.07
1993,-0.12,-0.17,0.51,1.04,1.56,2.03,2.90,3.80,-0.48,-1.24,-1.87,-2.42
1994,-3.22,-3.16,-3.84,-4.03,-3.44,-3.51,-3.76,-4.05,-4.25,0.68,0.98,0.40
1995,1.09,1.06,1.10,2.08,2.15,2.85,3.77,3.57,3.57,3.18,3.39,3.43
1996,3.72,4.85,4.32,4.41,4.71,4.57,4.56,3.72,3.28,3.21,4.04,5.74
1997,5.92,5.14,4.86,4.85,4.08,3.90,3.71,3.35,3.02,3.28,-0.55,-1.59
1998,-1.57,-1.87,-2.24,-2.07,1.40,1.22,1.42,-0.46,-0.45,-0.91,0.54,0.94
1999,0.64,1.16,-0.33,-0.69,-0.48,-0.74,-0.88,-0.65,-1.24,-1.07,-1.29,-2.05
2000,-2.06,-1.14,-0.85,-1.36,-1.17,-1.38,-1.67,-2.02,-1.77,-1.22,-1.43,-2.06
2001,-2.97,-3.66,-4.19,-3.64,-4.12,-4.07,-4.28,-4.35,-4.49,-3.88,-3.62,-3.58
2002,-3.98,-4.34,-4.35,-4.16,-4.06,-3.86,-4.03,-4.23,-4.31,-4.35,-4.96,-4.58
2003,-4.26,-4.10,-3.55,-2.78,-2.44,-2.73,-3.11,-2.95,-3.02,-3.33,-3.35,-2.79
2004,-2.18,-1.75,-2.54,-2.38,0.39,0.59,0.44,1.10,-0.03,-0.28,-1.28,-2.26
2005,-3.64,-4.93,-5.72,-5.50,-4.76,-5.48,-6.29,-6.60,-6.51,0.06,-0.10,0.62
2006,1.27,0.94,1.00,1.43,1.69,2.36,2.46,1.75,1.08,0.69,1.68,2.04
2007,-0.07,-0.03,-0.57,-0.49,-0.87,-0.91,-1.15,-1.16,-1.44,-0.85,-0.73,-1.25
2008,-1.42,-2.02,-2.09,-2.12,-1.84,-1.83,-2.03,-1.78,-2.16,-2.41,-2.78,-2.70
2009,-2.71,-2.71,-1.85,-1.67,-1.19,-1.27,-1.62,-1.61,-2.12,-1.54,-1.97,-2.22
2010,-2.36,-2.82,-3.14,0.33,1.20,2.13,2.36,1.94,2.47,2.41,2.07,2.48
2011,1.93,1.45,1.98,2.34,3.33,3.47,3.96,3.62,-0.70,-0.84,-1.33,-1.97
2012,-1.99,-2.30,0.59,1.18,1.03,1.81,2.44,-0.20,1.06,1.43,1.28,1.08
2013,-0.98,-1.97,-99.99,-99.99,-99.99,-99.99,-99.99,-99.99,-99.99,-99.99,-99.99,-99.99
