1895 1.61   1.55   1.59   1.22   1.86  -0.41  -0.38  -0.65   0.61  -0.73  -0.99   0.19   
1896 0.53   0.04   0.26   1.19   2.39   2.01   2.16   1.97   1.54   1.39   2.38   2.20   
1897 1.65   2.10   3.11  -0.41  -0.68  -0.48  -0.66  -0.94  -0.91  -0.82  -0.66  -0.76   
1898 -1.02  -1.51  -1.63  -2.18  -1.70  -2.35  -2.80  -3.19  -3.32  -3.33  -2.89  -3.12   
1899 -3.02  -2.88  -2.16  -2.11  -1.54  -1.87  -2.01  -1.62  -1.81   1.24   1.32   1.55   
1900 1.55   1.45  -0.71  -0.71  -0.40  -0.77  -1.22  -1.43   0.18   1.12  -0.29  -0.83   
1901 -0.41  -0.04  -0.24  -0.44  -0.73  -1.39  -1.79  -1.81  -1.10  -1.46  -1.98  -2.03   
1902 -2.63  -2.08  -1.75  -1.48  -1.27  -1.86  -1.96  -2.20  -2.48  -2.50   0.49   1.12   
1903 2.27   2.25   2.24  -0.18  -0.45  -0.65  -0.88  -1.14  -1.61  -1.76   1.07   0.68   
1904 0.76   2.33   4.06  -0.11  -0.45  -1.07  -1.00  -1.17  -1.07  -0.46  -1.04  -0.66   
1905 -0.64  -0.86  -0.88  -1.25  -0.85  -1.30  -1.71  -2.25  -2.29  -2.13  -2.32  -2.41   
1906 0.40   0.87   1.65   1.29   2.30   2.62   2.93   2.34   1.78   0.88   0.80   0.73   
1907 1.20   1.48   2.37   2.12   1.92   2.13   2.24   2.14   1.85   1.42   0.99   1.99   
1908 0.01  -0.07  -0.39  -0.97  -0.46  -0.38  -0.44  -0.81  -0.88   0.80  -0.55  -1.11   
1909 1.75   2.67  -0.20  -0.66  -0.50  -0.77  -0.55  -0.84   0.16   0.50   1.70   1.83   
1910 2.22   2.99  -0.67  -1.27  -1.56  -1.96  -2.32  -2.68  -2.50  -2.40   1.10   0.99   
1911 2.10   2.44   1.72   1.50   1.97   2.01   1.95   1.37   1.59   1.61   1.28   0.99   
1912 1.77   1.97   2.10   2.42   2.99   3.48   3.86   3.82   3.76   3.73   3.40   3.28   
1913 3.62   3.19   3.46   3.31   3.23   3.97   4.59   4.44   4.02   3.63   3.38   3.02   
1914 3.68   4.00   3.05   2.85   2.53   2.70   2.57   1.92   2.36   2.62  -0.72  -1.29   
1915 -1.35  -1.01  -1.60  -2.04  -0.84  -1.20  -1.04  -1.46  -1.63  -2.24   0.69   0.71   
1916 1.84   2.38   2.47   2.01   2.47   2.49   2.99   2.88   2.41   2.15   2.17   2.11   
1917 1.89   2.26   2.70   2.59   3.05  -0.26  -0.15  -0.56  -0.49  -1.34  -1.34  -1.35   
1918 -1.22  -0.79  -0.99  -1.36  -1.66  -2.34  -2.78  -3.12  -2.69  -2.53  -2.49  -2.96   
1919 -2.98  -1.99  -1.68  -1.74  -2.15  -2.70  -3.12  -3.53  -3.07  -2.50  -2.38  -2.09   
1920 -2.55  -3.03  -2.53  -1.94  -2.19  -2.21  -2.39  -2.37   0.25   1.01   1.31   1.79   
1921 2.37   2.81   2.27   1.94   2.50   0.05  -0.03  -0.44  -0.52  -0.90  -0.42  -0.97   
1922 -0.99   0.41   1.01   1.07  -0.04  -0.14  -0.43  -0.60  -1.03   0.19   0.02   0.56   
1923 1.02  -0.12  -0.41   0.10   0.31   0.54   0.87  -0.36  -0.39  -0.06  -0.76  -1.04   
1924 -1.68  -2.59  -2.82  -3.32  -4.75  -5.61  -6.34  -6.46  -6.11   1.30   1.66   1.81   
1925 2.24   2.54   1.88   1.89   2.16   2.05  -0.09  -0.30   0.34  -0.22  -0.56  -1.09   
1926 -1.54  -1.34  -2.51  -3.22  -3.45  -4.56  -5.26  -5.29  -5.21  -0.02   0.89   0.74   
1927 1.16   2.07   1.98   1.77   2.01   2.18   2.13   1.55   2.02   1.74   1.91  -0.24   
1928 -0.30  -0.49  -0.29  -0.23  -1.14  -1.59  -2.05  -2.51  -2.59  -2.82  -2.66  -2.58   
1929 -2.10  -2.27  -2.59  -2.07  -2.50  -2.37  -2.72  -2.98  -3.04  -3.29  -3.84  -2.73   
1930 -2.31  -2.26  -2.79  -3.06  -2.35  -2.80  -3.07  -3.28  -2.92  -2.97  -2.91  -3.32   
1931 -3.90  -4.32  -4.14  -4.24  -5.21  -5.03  -5.33  -5.65  -5.11  -4.46  -4.28  -4.08   
1932 -3.68  -3.81  -3.22  -2.34  -1.47  -1.76  -1.43  -1.59  -2.07  -2.29  -2.47  -2.82   
1933 -3.02  -3.11  -3.17  -2.99  -2.43  -2.73  -3.08  -3.30  -3.14  -2.91  -3.63  -3.88   
1934 -4.42  -5.07  -5.93  -6.47  -7.08  -6.75  -7.41  -7.44  -6.83  -6.02  -5.15  -4.80   
1935 -4.54  -4.48  -4.29   1.13  -0.13  -0.45  -0.15  -0.47  -1.04  -0.75  -1.00  -1.05   
1936 1.38   2.04   1.68   1.65   1.55   1.64   0.01  -0.29  -0.17  -1.01  -1.73  -2.17   
1937 -2.22   0.06   0.27   1.10  -0.48   1.01   1.23   0.90   0.76   0.76   1.12   1.64   
1938 1.69   2.79   3.71   3.47  -0.29  -0.27  -0.12  -0.44  -0.52  -0.40  -0.31  -0.80   
1939 -1.34  -1.33  -1.69  -2.44  -3.04  -3.46  -3.83  -4.19  -3.93  -3.62  -4.38   0.21   
1940 0.29   1.23   1.78   1.91  -0.59  -1.14  -1.28  -1.74   1.62   1.78  -0.08  -0.38   
1941 -0.34  -0.16  -1.01  -1.12   0.46   0.94   1.14   2.32   2.53   2.61   2.28   2.56   
1942 2.59   3.21   2.53   2.32   3.08   3.10   3.26   2.78   2.40   1.61   2.77   3.34   
1943 4.39   4.14   3.75   3.93   3.53   3.62   3.67   0.04  -0.55   0.60  -0.63  -1.36   
1944 -2.15  -2.37  -2.81  -2.46  -2.93  -1.86  -2.06  -2.37  -2.31  -2.51  -1.82  -2.03   
1945 -2.31  -1.96  -1.88  -1.99   1.66   1.33   1.53   1.17   0.93   0.74   1.11   1.72   
1946 1.77   1.79   1.88   1.15   1.03   1.02   0.98   0.95   0.82   1.29   1.43  -0.62   
1947 -1.24  -1.79  -2.09  -2.27  -2.94  -2.33  -2.35  -2.36  -2.39   0.82  -0.11  -0.70   
1948 -0.81   0.08   0.40   1.04   2.26   3.49   4.81   5.43   5.93   4.98   4.65   4.81   
1949 -0.43  -0.27  -0.11  -0.70  -0.43  -0.90  -1.25  -1.59  -1.80  -1.93  -2.31  -2.89   
1950 -2.14  -2.48  -2.04  -1.97  -2.34  -1.39  -1.59  -1.65  -1.96   1.69   1.27   1.28   
1951 1.30   1.51   1.75  -0.18   0.28  -0.44  -0.61  -0.89  -1.23   0.52   0.61   1.06   
1952 0.90   1.41   1.55   0.97   0.75   1.83   2.02   1.83   1.83  -0.97  -1.28   0.36   
1953 0.65   0.90   0.84   0.87   1.98   2.49   2.96   3.60   2.85   2.43   2.62   2.53   
1954 3.00   2.39   2.52   2.10   1.72   2.18   2.40   2.51   2.32  -0.33  -1.00  -1.34   
1955 -2.00  -2.64  -2.75  -1.70  -1.75  -2.20  -2.18  -2.54  -2.18  -2.17   0.68   2.53   
1956 4.32   4.88   4.17   3.52   4.34   4.41   4.90   4.53   3.79   4.83   3.74   2.99   
1957 2.38   2.33   3.31   3.02   3.90   3.39   3.21   2.70   3.16   3.87   3.50   3.77   
1958 4.17   4.83   4.70   4.37   4.17   4.93   5.47   5.11   0.03  -0.64  -0.81  -1.40   
1959 -1.66  -1.69  -1.94  -2.45  -2.27  -2.86  -3.45  -3.38  -2.50  -2.51  -3.22  -3.81   
1960 -3.94  -3.42  -2.70  -2.54  -1.95  -2.61  -2.92  -3.03  -3.24  -3.35  -2.14  -2.10   
1961 -2.53  -2.15  -1.72  -1.87  -1.49  -1.60  -1.92  -2.07  -0.02   0.15   0.64   0.72   
1962 0.35   0.69   0.94   0.44   1.23  -0.38  -0.51  -0.35  -0.48   2.14   1.98   1.75   
1963 1.60   1.50   1.32   2.39   2.52   2.83   3.08   3.03   3.02  -0.38  -0.11  -0.40   
1964 0.41  -0.50  -0.50  -0.59  -0.88   0.82   1.24   1.21  -0.36  -0.82   0.36   3.65   
1965 4.62   3.85   3.03   2.88   2.48   3.15   3.50   4.77  -0.21  -0.94  -0.76  -1.28   
1966 -1.40  -1.76  -2.16  -2.61  -3.23  -3.26  -3.06  -3.20  -2.54  -2.79   0.65   0.93   
1967 1.25   0.59   0.74   1.60   1.49   1.67   1.60  -0.39  -0.83  -0.71  -1.42  -2.03   
1968 -2.68  -3.15  -4.11  -4.39  -4.45  -5.15  -5.98   1.02   0.35   0.23   1.00   1.14   
1969 2.16   2.39   2.19   2.05   1.79   3.09   3.18   2.65   2.20   2.44   1.45   1.73   
1970 3.25   2.97   2.87   2.63   2.18   2.34   2.13   1.47   1.17   1.26   2.04   1.96   
1971 2.21   1.88   2.65   2.53   2.99   3.05   3.37   2.92   3.15   2.87   2.57   2.30   
1972 2.32  -0.13  -0.01  -0.01  -0.18  -0.48  -0.87  -1.21  -1.17  -1.01  -1.28  -1.21   
1973 -1.56  -2.00  -2.18  -2.28  -2.66  -3.59  -4.21  -4.36   0.29   0.44   1.76   1.94   
1974 1.96   1.83   2.52   2.49  -0.29  -0.77  -0.66  -0.95  -1.60  -1.87  -2.49  -2.48   
1975 -2.67   0.35   0.84   1.15   0.55   0.63   1.28   1.62   0.96   1.55  -0.39  -0.70   
1976 -1.13  -1.09  -1.26  -0.97  -1.68  -1.94  -2.09   2.55   2.38  -0.58  -1.60  -2.58   
1977 -3.54  -4.61  -5.08  -5.83  -4.67  -5.52  -6.24  -6.07   0.72   0.13   0.52   1.05   
1978 1.33   1.20   1.04   2.45   2.13   2.33   2.77   3.03   3.19  -0.83  -0.70  -1.17   
1979 -0.83  -0.51  -0.60  -0.17  -0.35  -0.77  -1.18   1.01  -0.44   0.54   0.96   0.30   
1980 0.51   0.53   0.37   0.13   0.32   0.74   0.85  -0.34  -0.08  -0.11  -0.58  -0.72   
1981 -1.10  -1.20  -1.08  -1.10   0.53  -0.31  -0.51  -0.97   0.08   0.37   1.31   3.10   
1982 3.34   3.80   3.71   3.58   3.06   3.44   3.97   3.96   4.80   4.89   4.42   4.32   
1983 3.65   3.98   4.87   4.97   4.85   4.58   5.11   5.88   5.24   4.71   4.89   6.19   
1984 5.52   5.64   5.65   5.60   4.99   5.05   5.12   5.83   5.12   5.44   6.32  -0.02   
1985 -0.49  -0.44  -0.40  -0.87  -0.95  -1.48  -1.70  -1.96   1.00   0.74   0.82  -0.40   
1986 -0.67   1.34  -0.34  -0.57  -0.63  -1.23  -1.48  -1.86   1.29  -0.40  -0.90  -1.62   
1987 -2.00  -2.30  -2.42  -2.90  -3.31  -3.67  -2.36  -2.66  -3.16  -3.85  -4.01  -3.36   
1988 -3.09  -3.67  -4.05  -3.26  -3.41  -3.50  -4.02  -4.10  -4.09  -4.83   1.07   0.70   
1989 0.63   0.44   1.34   1.54   1.68   1.23   0.91   1.24   1.27  -0.25  -0.96  -1.84   
1990 -2.02  -2.60  -3.05  -3.28  -2.91  -3.73  -4.24  -3.74  -4.06  -3.93  -4.19  -4.63   
1991 -5.28  -6.26  -5.80  -5.15  -3.92  -3.50  -4.07  -4.16  -4.55  -4.20  -3.71  -4.04   
1992 -4.72  -5.43  -6.10  -6.00  -7.15  -7.22  -7.06  -7.21  -6.92   0.43   0.14   0.24   
1993 0.80   1.12   1.72   2.17   2.64   3.11   3.85   4.64  -0.13  -0.35  -0.67  -1.08   
1994 -2.08  -2.29  -3.08  -3.10  -3.15  -3.67  -4.37  -4.79  -4.72  -4.44  -3.70  -3.78   
1995 0.72   0.09   0.43   1.26   1.33   1.91   2.73   2.54   2.03   1.37   0.74   1.44   
1996 1.98   2.59   2.32   2.37   3.00   3.06   3.13   2.70   2.36   2.06   2.41   3.31   
1997 4.22   4.06   3.17   3.45   2.94   2.87   3.22   2.98   2.81   2.47   1.93   0.98   
1998 1.24   1.12   1.06   1.09   3.34   3.55   4.53   4.10   3.85   3.08   3.70   3.32   
1999 3.17   3.67   3.31   3.14   2.58   2.13   1.87   2.40  -0.56  -0.56  -1.43  -2.27   
2000 -1.84  -1.54  -1.51  -1.49  -1.86  -2.58  -2.88  -3.31  -2.75  -1.81  -1.91  -2.34   
2001 -3.11  -3.46  -3.92  -3.45  -4.34  -4.82  -4.75  -5.07  -4.73  -4.67  -4.17  -3.52   
2002 -3.48  -3.66  -3.83  -3.62  -3.96  -4.45  -4.98  -4.98  -5.05  -5.00  -5.27  -4.85   
2003 -4.96  -5.14  -5.29  -4.07  -3.52  -4.33  -4.85  -4.86  -4.48  -4.77  -4.39  -3.55   
2004 -3.19  -2.45  -3.05  -3.03  -2.06  -1.98  -2.04  -1.42  -1.61  -0.87  -1.40  -1.43   
2005 -2.15  -2.75  -3.26   0.54   2.05   1.76   1.22   0.45   0.04   0.19   0.75   1.78   
2006 2.34   2.52   2.72   2.88   2.73   2.99   2.90  -0.26  -0.67  -0.92  -1.02  -1.10   
2007 -1.88  -2.09  -3.07  -3.00  -3.91  -4.29  -4.99  -5.00  -4.61  -3.60  -3.45  -3.64   
2008 -3.68  -4.01  -4.20  -3.99  -3.78  -4.24  -4.76  -4.87  -5.02  -4.97  -5.18  -4.90   
2009 -5.37  -5.55  -5.30  -4.75  -4.77  -3.83  -4.34  -4.04  -4.44  -3.69  -3.86  -3.84   
2010 -3.73  -3.93  -4.07   0.82   1.14   1.25   0.93   0.54   0.80   1.25   1.02   1.93   
2011 1.58   1.67   2.02   2.36   2.81   2.88   3.42   3.19  -0.59  -0.81  -1.36  -1.98   
2012 -1.92  -2.39  -2.01  -1.61  -1.83  -1.72  -2.08  -2.56  -3.04  -2.64  -2.44  -1.78   
2013 -2.20  -2.75 -99.99 -99.99 -99.99 -99.99 -99.99 -99.99 -99.99 -99.99 -99.99 -99.99   
