1895 0.85   0.49   0.51   0.34   1.06  -0.62  -0.67  -1.01   0.80  -0.84  -1.27  -1.19   
1896 0.20   0.01   0.25   1.21   2.33  -0.45  -0.50  -0.53  -0.84  -0.95   1.24   1.33   
1897 0.96   1.76   2.68  -0.51  -1.11  -1.04  -1.28  -1.69   0.14   0.05   0.60   1.12   
1898 1.13   1.06   1.04  -0.58  -0.37  -0.85  -1.21  -1.63  -1.82  -1.74   0.37  -0.36   
1899 0.19   0.73   0.87   0.91   1.20  -0.49  -0.76  -0.24  -0.64   0.83   0.85   1.06   
1900 0.95   1.21  -0.69  -0.74  -0.55  -1.07  -1.69  -1.80  -1.58  -0.62  -1.05  -1.40   
1901 -1.36  -0.83  -0.82  -0.63  -1.10  -1.55  -2.07  -2.45  -1.80  -2.14  -2.77  -2.92   
1902 -3.53  -3.01  -2.60  -2.16  -1.68  -2.03  -1.51  -1.56  -1.84  -2.17   0.44   0.79   
1903 1.66  -0.22  -0.32  -0.45  -0.64  -0.94  -1.24  -1.38  -1.19  -1.33   0.63   0.15   
1904 0.06   1.68   3.00  -0.20  -0.98  -1.62  -1.66  -2.04  -2.53  -2.35  -3.06  -3.17   
1905 -3.67  -4.28  -4.50  -4.71  -4.26  -4.18  -4.62  -4.96  -4.56  -3.84  -3.90  -3.94   
1906 -3.71   0.44   0.78   0.20   0.90   1.16   1.12  -0.28  -0.61  -0.90   0.31   0.22   
1907 0.35   0.95   1.14  -0.11  -0.45   0.28   0.30   0.51  -0.14  -0.71  -0.97  -0.43   
1908 -0.83  -0.93  -0.87  -1.29   0.41   0.70   0.74   0.52   0.32   0.98  -0.57  -1.21   
1909 0.16   0.79  -0.57  -1.03  -0.67  -1.11  -0.78  -1.06   0.58   0.54   2.09   2.06   
1910 2.22   3.04  -0.85  -1.49  -1.54  -2.10  -2.72  -3.19  -3.01   0.05   1.14   1.26   
1911 1.28   1.30  -0.90  -1.01   0.85   0.96   0.79   0.27   0.49   0.47   0.61   0.31   
1912 0.89   1.55   1.34   1.54   1.93   2.09   2.49   2.95   2.94   3.22   3.02   2.95   
1913 3.20   2.63   2.93   2.53   2.10   2.63   3.39   3.21   2.87   2.86   2.70  -0.45   
1914 -0.42  -0.06  -0.60  -0.50  -0.67  -0.21  -0.10  -0.59   0.80   1.08  -0.64  -1.78   
1915 -2.84  -3.43  -4.22  -4.40  -3.13  -3.22  -2.69  -2.97  -2.66  -2.80   0.54   0.44   
1916 0.21   1.05   1.31   0.88   1.47   1.53   2.32   2.35   1.90   1.60   1.56   1.18   
1917 0.88   1.19   1.76   2.07   2.30  -0.51  -0.76  -1.31  -0.82  -1.55  -1.82   0.27   
1918 0.72   1.17  -0.52  -0.99  -1.21  -2.06  -2.43  -2.39  -2.36  -1.86  -2.22  -2.75   
1919 -2.98  -2.07  -1.74  -1.78  -2.18  -2.82  -3.49  -3.92  -3.51  -2.87  -2.41  -2.24   
1920 -2.36  -2.75   0.17   0.68   0.36   0.26   0.04   0.05   0.80   1.47   1.46   1.61   
1921 1.68   2.24  -0.25  -0.26  -0.07  -0.37  -0.81  -1.19  -1.06  -1.27  -0.63  -1.19   
1922 -1.51   0.10   0.72   0.79  -0.34  -0.85  -1.48  -1.39  -1.88  -1.86  -2.35  -2.38   
1923 -2.01  -2.18  -0.03   0.09   0.45   0.84   1.51   0.03  -0.43   0.43  -0.43  -0.49   
1924 -0.99  -1.38  -1.51  -1.94  -2.91  -3.52  -4.17  -4.28  -4.20   0.70   1.05   1.13   
1925 1.85   2.10  -0.47  -0.40  -0.42  -0.50  -0.75  -0.84  -0.50  -0.66  -1.07  -1.48   
1926 -2.07  -1.86  -2.52  -2.77  -2.61  -3.33  -3.93  -3.59   0.10   0.04   0.62   0.52   
1927 0.70   1.89   1.66   1.47   2.05   1.95   1.75   1.35   2.82   2.78   3.53   3.28   
1928 3.28   2.80   2.85   2.82  -1.06  -1.43  -1.95  -2.44  -2.79  -2.61  -2.83  -3.19   
1929 -3.05  -3.36  -3.46  -2.72  -2.97  -2.56  -2.78  -3.04  -3.18  -3.32  -3.96  -3.59   
1930 -3.83  -3.57  -3.86  -3.90  -3.41  -3.57  -3.83  -3.80  -3.48  -3.03  -3.01  -3.54   
1931 -3.85  -4.28  -3.50  -3.40  -3.95  -3.63  -4.04  -4.44  -4.27  -3.74  -3.54  -3.37   
1932 -3.44  -3.27  -1.85  -1.77  -1.52  -2.05  -2.41  -2.67  -3.08  -2.97  -2.97  -3.44   
1933 -3.67  -3.32  -2.99  -2.86  -2.33  -2.22  -1.53  -1.43  -0.93  -1.37  -2.11  -2.30   
1934 -2.95  -4.14  -4.95  -5.55  -6.33  -5.16  -5.83  -6.20  -6.19  -5.29  -5.25  -5.42   
1935 -5.98  -6.68  -6.83  -5.53  -5.71  -5.72  -5.66  -5.74  -6.02  -5.52  -5.69  -6.18   
1936 -5.66  -5.19  -4.77  -4.39  -4.76  -4.22  -4.10  -4.35  -4.15  -4.70  -5.38  -5.76   
1937 -5.77  -5.69  -5.28  -4.08  -4.57  -3.92  -3.76  -3.86  -3.88  -3.42  -2.96  -2.68   
1938 -2.59  -1.74  -1.16  -1.24  -1.56  -1.37  -1.28  -1.60  -1.83  -1.51  -1.31  -1.92   
1939 -2.61  -2.53  -2.75  -3.48  -3.78  -3.97  -4.25  -4.61  -4.55  -4.12  -5.18  -5.42   
1940 -5.54  -4.50  -3.52  -3.03  -3.67  -4.36  -3.80  -4.17   2.00   2.66   3.04   2.75   
1941 2.50   2.35   1.01   0.76   1.76   3.24   4.24   5.31   5.70   5.61   5.16   5.39   
1942 5.05   5.09   4.28   4.13   4.88   4.88   5.43   5.08   4.18   3.43   4.07   4.59   
1943 4.97   4.45   4.15   3.96   3.63   4.17   4.48   4.51  -0.65  -0.27  -0.99  -1.76   
1944 -2.83  -3.21  -3.34  -2.76  -3.07  -1.88  -1.75  -1.91  -1.82  -2.32  -2.23  -2.84   
1945 -2.90   0.32   0.59   0.70   1.59   1.42   1.35   1.08   1.22   0.63   1.12   1.55   
1946 1.75   1.93   1.84   1.20   1.59   1.67   1.98   1.78   2.04   2.76   3.04   3.34   
1947 3.27   2.45   1.96   1.83   0.97   1.88   1.62   1.10   1.15   1.76   2.30   2.13   
1948 1.87   2.44   2.56   3.12   3.84   4.08   4.50   4.39   3.80   3.33   3.30   3.62   
1949 2.91   3.78  -0.58  -1.20  -1.10  -1.88  -2.14  -2.56  -2.50  -2.10  -2.00  -2.13   
1950 0.14   0.27   1.03  -0.08  -0.50   0.60   0.67  -0.20  -0.57  -0.13  -0.43  -0.43   
1951 0.35   0.62   1.01  -0.61  -0.76  -1.02  -1.38  -1.63  -1.93   0.92   1.02   1.37   
1952 1.31   1.60   1.69   1.18   1.42   2.30   2.29  -0.27  -0.63  -1.69  -2.29  -2.53   
1953 0.44   1.12   1.28   1.52   2.73   2.90   2.82   3.10  -0.69  -1.00  -1.28  -1.16   
1954 -1.22  -1.78  -1.83   0.30   0.09   0.67   0.74   1.43  -0.19  -0.64  -1.31  -1.77   
1955 -2.45  -2.93   0.22   0.89  -0.27  -0.89  -0.52  -1.01   0.32   0.45   1.15   2.00   
1956 2.99   3.27   2.73   1.70   2.61   2.45   2.82   3.02   2.21   2.86   2.11   2.05   
1957 1.73   2.14   2.95   2.73   3.19   2.58   2.20   1.67   0.95   1.75   1.54   2.32   
1958 2.79   2.98   2.80   3.56   2.75   3.08   3.00   2.46   2.17   1.55   2.00   2.26   
1959 2.67   2.53   2.40  -0.44   0.43  -0.52  -0.90  -0.97   2.43   2.60   2.21   1.50   
1960 0.92   1.03   1.29   1.24   2.41  -0.72  -0.85  -0.43  -0.64  -0.65   0.75  -0.28   
1961 -0.91  -0.53  -0.08  -0.32  -0.11  -0.87  -1.62  -1.89  -1.87   0.28   0.45   0.40   
1962 0.13   0.07   0.31   0.03   0.91  -0.60  -0.83  -0.98   0.09   1.06   1.17  -0.03   
1963 -0.35  -0.45  -0.56   0.84  -0.20  -0.29  -0.46  -0.44  -0.35  -0.96  -0.65  -0.90   
1964 -0.53  -0.80  -0.51  -0.31  -0.73   0.97   1.64   1.80   1.75   1.09   1.14   2.99   
1965 4.77   4.05   3.09   2.77   2.11   2.07   2.19   3.62  -0.20  -1.01  -1.25  -2.12   
1966 -2.44  -2.48  -2.21  -2.59  -3.14  -3.05  -3.01  -3.07  -0.05  -0.04   0.30   0.92   
1967 1.53   0.99   1.16   1.56  -0.01  -0.05  -0.38  -1.00  -1.38  -0.58  -0.88  -0.97   
1968 -1.33  -0.92  -1.46  -1.38  -1.23  -1.17  -1.29   1.32   1.39   1.72   2.60   3.26   
1969 4.10   3.90   3.19   3.47   2.96   3.54   3.21   2.44   2.13   2.20   1.10   1.06   
1970 2.59   2.14   2.40   2.34   2.35   2.33   2.54   1.81   2.66   3.16   3.28   3.09   
1971 3.93   3.60   4.05   3.61   3.40   3.58   3.52   3.01   3.25   3.07   3.24   4.02   
1972 4.44   4.38   4.40   4.17  -0.08  -0.18  -0.36  -0.41   0.40  -0.35  -0.51  -0.21   
1973 -0.38  -0.82  -1.22  -1.59  -1.48  -2.09  -2.64  -2.98   0.69   0.75   2.66   4.24   
1974 4.65   4.48   4.49   4.77  -0.38  -1.08  -0.98  -1.37  -2.07  -2.66  -3.15   0.26   
1975 1.19   1.93   2.05   2.54   1.86   1.83   2.29   2.45   1.53   2.35   2.45   2.64   
1976 2.74   2.63   2.33   2.38   1.56   1.06   0.81   2.20  -0.17  -0.76  -1.84  -3.09   
1977 -4.39  -5.84  -6.41  -7.19  -6.20  -6.86  -7.47   0.06   0.63   0.14   0.35   0.97   
1978 0.94   0.89   0.06   1.67   1.44   0.89   0.95   1.23   1.65  -0.90  -0.79  -0.84   
1979 -1.08  -0.60  -0.89  -0.56  -0.60  -0.98  -1.48  -0.72  -1.32  -1.07  -0.99  -1.70   
1980 -1.85  -2.10  -1.88  -2.19   0.63   1.30   1.75   1.54   2.22  -0.29  -0.46  -0.25   
1981 -0.75  -0.51  -0.49  -0.63   0.59   1.06   1.57   1.24   1.11   1.36   1.55   2.41   
1982 3.01   3.66   3.32   3.05   2.54   2.52   3.47   3.44   3.73   4.07   3.57   3.51   
1983 3.41   3.49   4.10   3.87   3.21   3.05   3.40   3.70   3.28   2.53   2.52   2.98   
1984 2.90   2.87   3.28   3.43   3.44   3.80   4.17   5.55   5.12   5.06   5.32   5.23   
1985 -0.44  -0.35  -0.45  -0.92  -0.79  -1.27  -1.43   0.01   0.68   0.76   1.13   0.38   
1986 0.16   1.24  -0.47  -0.78  -0.87  -1.81  -2.08  -2.36  -1.32  -1.69  -1.50  -2.36   
1987 -2.60  -3.00  -3.14  -3.82  -3.88  -4.08  -3.67  -3.80  -4.23  -4.85  -5.14  -5.12   
1988 -5.00  -5.21  -5.11  -4.66  -4.29  -3.88  -3.99  -4.06  -4.04  -4.85   0.97   0.72   
1989 1.04   1.00   1.38   0.74   1.01   0.60   0.14   1.73   0.03  -0.15  -0.79  -1.91   
1990 -2.45  -3.13  -3.71  -3.24  -2.55  -2.64  -2.78  -2.42  -2.98  -2.35  -2.40  -2.73   
1991 -3.21  -4.13  -4.23   0.06   1.69   1.92   2.10   1.68   0.83   0.34   1.32  -0.42   
1992 -1.15  -1.96  -3.20  -3.45  -4.42  -4.23  -3.76  -3.88  -3.89  -3.85  -3.44  -3.35   
1993 -2.84  -2.88   0.10   0.88   0.49   1.23   2.17   3.23  -0.44  -0.72  -1.22  -1.70   
1994 -2.06  -1.84  -2.72  -2.49  -1.98  -2.06  -2.06  -2.42  -2.72  -2.58  -2.22  -2.44   
1995 -2.08  -2.25   0.50   1.26   1.08   1.34   1.58   1.78   1.29   1.16   1.68   2.11   
1996 2.34   2.53   1.62   1.91   2.49   1.95   1.71   1.19   0.85   0.86   0.96   2.11   
1997 2.63   2.14   1.37   1.86   1.05   0.92   2.00  -0.03  -0.13  -0.22  -0.95  -1.64   
1998 -1.50  -1.96  -2.17  -2.00   2.12   1.96   2.74   2.08   2.25   1.64   1.90   1.93   
1999 1.60   2.54  -0.64  -1.29  -1.63  -2.05  -2.49  -2.29  -2.85  -2.78  -3.16  -3.35   
2000 -3.24  -3.10  -2.82  -3.24  -3.11  -3.40  -3.75  -4.18  -3.60  -2.74  -2.98  -3.57   
2001 -4.19  -5.09  -5.78  -5.08  -5.52  -5.80  -6.00  -6.28  -6.30  -5.71  -5.76  -5.74   
2002 -5.74  -6.27  -6.04  -5.78  -6.02  -6.12  -6.46  -6.07  -5.89  -5.73  -6.33  -6.34   
2003 -6.23  -6.42  -5.80  -4.68  -4.03  -4.48  -4.78  -4.78  -4.82  -5.18  -4.96  -4.42   
2004 -3.77  -3.24  -3.97  -4.13  -2.90  -3.08  -2.97  -2.13  -2.08  -1.70  -2.35  -2.97   
2005 -3.91  -5.09  -5.80  -5.51  -4.25  -4.07  -4.45  -4.88  -5.10  -4.52  -4.08  -3.33   
2006 -2.60  -2.64  -2.60  -2.27  -2.13  -2.12  -2.45  -2.66  -2.54  -2.78  -2.62  -2.81   
2007 -3.56  -3.95  -5.00  -5.12  -5.61  -5.96  -6.85  -6.85  -6.64  -5.90  -5.34  -5.04   
2008 -4.85  -4.72  -4.40  -4.13  -3.43  -3.52  -3.63  -3.53  -3.49  -3.61  -3.79  -3.30   
2009 -3.42  -3.72  -2.83  -2.57  -2.29  -1.57  -1.53  -0.89  -1.69  -1.07  -1.67  -2.14   
2010 -2.52  -3.26  -3.94   0.36   1.03   2.09   2.30   1.98   1.49   1.44   1.14   1.39   
2011 1.13   1.03   1.74   2.15   3.23   3.14   3.05  -0.35  -1.18  -0.99  -1.31  -2.05   
2012 -2.22  -2.72  -2.62  -2.12  -2.13  -1.59  -1.13  -1.67  -2.36  -1.84  -2.33  -2.58   
2013 -2.65  -3.08 -99.99 -99.99 -99.99 -99.99 -99.99 -99.99 -99.99 -99.99 -99.99 -99.99   
