1895 1.56   1.69   1.72   1.22   1.89   2.55   3.01   2.53   3.01   1.98   1.55   1.67   
1896 1.90   1.17   1.24   1.82   3.04   2.80   2.84   2.81   2.17   1.78   2.57   2.46   
1897 1.89   2.21   3.18  -0.21  -0.28   0.25   0.23  -0.37   0.10   0.42   0.39  -0.13   
1898 -0.43  -0.96  -1.08  -1.59  -1.13  -1.83  -2.33  -2.54  -2.95  -2.82  -2.35  -2.46   
1899 -2.26  -2.21   0.46   0.30   0.47  -0.19  -0.45   0.47  -0.53   1.14   1.05   1.10   
1900 1.18  -0.02  -0.81  -0.61  -0.51  -1.32  -1.92  -2.07   0.02   0.77   0.78   0.43   
1901 0.65   0.88  -0.25  -0.57  -0.92  -1.49  -1.99  -1.72  -1.29  -1.50  -1.84  -1.86   
1902 -2.34  -1.86  -1.42  -1.21  -0.95  -1.43  -1.20  -1.43  -1.86  -2.08   0.44   0.95   
1903 1.77  -0.03   0.11  -0.13  -0.06  -0.14  -0.35  -0.56  -0.69  -0.85   0.76   0.41   
1904 0.34   1.45   2.97   2.67   2.32   1.99   2.21   2.17  -0.35   0.31  -0.76  -0.48   
1905 -0.46  -0.70  -0.67  -0.89  -0.40  -0.66  -1.15  -1.74  -1.74  -1.68  -1.55  -1.57   
1906 0.65   1.09   1.68   1.65   3.07   3.93   4.65   4.45   3.37   2.30   2.25   1.97   
1907 2.44   2.44   3.13   2.82   2.62   3.50   3.78   3.90   3.29   2.77   2.13   2.75   
1908 2.43   1.97   1.44   0.59   1.12   1.59   1.45   1.07   1.20   1.90   1.29   0.73   
1909 2.73   3.22   2.42   1.74   1.96   1.82   2.19   1.78   2.50   2.24   3.20   3.05   
1910 3.20   3.55  -0.94  -1.56  -1.48  -2.00  -2.24  -2.60   0.08  -0.09   0.66   0.46   
1911 1.84   1.95   1.18   1.00   1.83   2.54   2.70   2.07   1.84   1.98   1.74   1.47   
1912 2.01   2.07   1.90   2.32   3.17   3.46   3.89   4.03   3.96   4.24   3.85   3.62   
1913 3.88   3.32   3.21   3.00   2.82   3.27   4.43   4.17   3.60   3.28   3.39   3.04   
1914 3.66   3.81   2.70   2.61   2.47   3.05   3.26   2.58   3.01   3.07  -0.56  -0.93   
1915 -0.66  -0.43  -1.12  -1.50   1.75   1.59   1.94   1.37   1.57   0.73   0.95   0.85   
1916 2.29   2.71   2.77   2.31   2.86   3.26   4.34   4.38   3.86   3.76   3.54   3.22   
1917 2.97   3.17   3.41   3.29   3.94   3.49   3.44  -0.40   0.49  -0.70  -0.87  -1.03   
1918 -0.84  -0.58  -0.90  -1.22  -1.48  -2.13  -2.36  -2.33  -1.71  -1.14  -1.08  -1.44   
1919 -1.54  -0.72  -0.65  -0.82  -1.47  -2.29  -2.82  -3.24  -2.78  -2.09  -1.99  -1.77   
1920 -2.08  -2.34   0.36   0.79  -0.14  -0.35  -0.77   0.03   0.35   1.30   1.78   2.08   
1921 2.56   2.73   2.06   1.90   2.70   2.50  -0.05  -0.34  -0.41  -0.88  -0.74  -1.21   
1922 -0.01   0.33   0.73   0.96   0.95   0.74   0.50   0.99  -0.68  -0.85   0.01   0.42   
1923 0.71  -0.24  -0.59   0.24   0.56   1.26   1.64   1.50   1.14   1.58  -0.44  -0.64   
1924 -1.03  -1.57  -1.74  -2.29  -3.68  -4.45  -5.05  -5.14  -5.00   0.78   0.95   0.91   
1925 1.21   1.30   0.64   0.77   0.85   1.06   1.07   1.17   1.67   1.64  -0.29  -0.65   
1926 -0.83  -0.67  -1.68  -2.42  -2.78  -3.51  -3.98  -3.53  -3.19  -3.05   1.19   1.07   
1927 1.41   2.28   2.06   1.85   2.55   3.01   3.16   2.68   3.64   3.55   3.71  -0.19   
1928 -0.23  -0.42   0.40  -0.08  -0.92  -1.18  -1.60  -2.02  -2.33  -2.39  -2.22  -2.10   
1929 -1.64  -1.72  -1.93  -1.56  -2.16  -1.46  -1.77  -1.99  -1.98  -2.19  -2.67  -1.87   
1930 -1.47  -1.56  -2.17  -2.61  -2.18  -2.58  -2.95  -2.44  -2.04  -1.70  -1.48  -1.79   
1931 -1.99  -2.17  -1.80  -1.92  -2.54  -2.86  -3.40  -3.79  -3.82  -3.61  -3.58  -3.32   
1932 -3.25  -3.55  -2.52  -1.57  -0.96  -0.88  -0.77  -1.04  -1.49  -1.05  -1.30  -1.66   
1933 -1.99  -1.98  -1.90  -1.58  -1.53  -2.37  -2.91  -3.14  -3.06  -2.45  -2.85  -3.18   
1934 -3.49  -3.58  -4.34  -5.19  -6.19  -5.52  -6.04  -6.07  -5.90  -5.33  -4.75  -4.36   
1935 -4.29  -4.19  -3.84  -2.26  -2.18  -2.52  -2.16  -2.38  -2.77  -2.98  -2.94  -2.70   
1936 1.01   1.40   1.05   1.19   0.45   0.87   1.07   0.04  -0.35  -1.10  -1.60  -2.13   
1937 -2.41  -2.26  -2.08  -1.74  -1.92  -2.10  -2.05  -2.43  -2.38  -0.05   0.33   1.00   
1938 1.14   1.35   2.16   1.93   2.02   2.12   2.98  -0.07  -0.13   0.03   0.24  -0.51   
1939 -0.87  -1.01  -1.38  -2.18  -3.16  -3.74  -4.06  -4.28  -3.85  -3.52  -3.88  -3.79   
1940 0.42   1.15   1.43   1.70  -0.67  -1.10  -1.36  -1.86   2.85   4.07   3.77   3.12   
1941 3.07   3.35   2.24   2.29   2.65   3.39   3.76   4.49   4.06   4.13   3.38   2.96   
1942 2.70   3.23   2.42   2.09   2.78   2.59   2.46   2.38   2.09   1.53   2.48   3.08   
1943 3.88   3.58   3.34   3.10   2.91   2.88   3.01   2.63   1.71   2.40  -0.60  -1.16   
1944 -1.70  -1.58  -1.85  -1.64  -2.04  -1.34  -1.68  -2.05  -2.30  -2.80   0.67   0.58   
1945 0.57   1.00   1.73   1.26   2.62   2.83   3.28   2.80   2.78   2.29   2.18   2.65   
1946 -0.07   0.07  -0.02  -0.65  -0.70  -1.23  -1.40  -1.68  -1.63  -1.05  -0.68  -1.23   
1947 -1.85  -2.07  -2.52  -2.64  -3.56  -2.71  -3.38  -3.70  -3.51  -3.01  -2.87  -3.24   
1948 -3.57  -3.78  -3.51  -3.01  -2.94  -3.12  -3.37  -3.45  -3.36  -3.32  -3.08  -2.65   
1949 -3.13  -3.20  -3.56  -4.40  -4.40  -4.97  -5.38  -5.58  -5.00  -4.65  -4.46  -4.75   
1950 -4.06  -3.61  -2.78  -2.78  -2.94  -2.49  -2.49  -2.48  -2.50  -2.71  -2.77  -2.22   
1951 -1.93  -1.36  -1.20  -1.34  -1.38  -1.39  -1.33  -1.25  -1.68   0.69   0.88   1.36   
1952 1.38   1.56   1.61   1.23   1.07   1.76   1.97  -0.27  -0.34  -1.22  -1.18  -1.10   
1953 -1.24  -1.02  -1.34  -1.25   1.46   2.18   2.11  -0.03  -0.68  -1.02  -1.37  -1.43   
1954 -1.88  -2.61  -2.51  -2.71  -3.61  -3.53  -4.20  -4.22  -4.17  -4.04  -4.12  -3.86   
1955 -4.05  -4.17  -4.12  -2.57  -2.29  -2.53  -2.48  -2.83  -2.72  -2.77   0.36   1.27   
1956 2.36   2.21   1.48   1.23   2.00   1.84   1.93   1.73   1.05   3.19   2.42   1.85   
1957 1.70   1.93   2.63   2.54   4.24   4.32   4.36   3.82   2.95   3.38   2.71   2.54   
1958 2.74   3.15   3.08   3.40   3.15   3.79   3.89   0.05  -0.19  -0.91  -1.34  -1.76   
1959 -1.92  -2.17  -2.07  -2.58  -2.30  -3.20  -3.82  -3.59  -1.03  -1.13  -1.70  -2.01   
1960 -1.83  -1.18  -0.88  -1.19  -0.72  -1.46  -1.76  -1.37  -1.32  -1.59  -0.74  -1.12   
1961 -1.54  -1.63  -1.24  -1.62  -2.09  -2.89  -3.32  -3.31  -2.66  -2.14  -2.22  -2.05   
1962 -2.15  -1.54  -1.25  -1.50  -0.66  -1.16  -1.37  -1.45  -1.59   1.42  -0.12  -0.26   
1963 -0.42  -0.72  -1.30   0.77   0.70   1.25  -0.22  -0.30  -0.17  -0.29   0.24   0.00   
1964 0.39  -0.54  -0.53   0.46   0.89   1.96   2.33   2.38   1.95   1.20   1.31   2.64   
1965 3.45   2.75   2.15   1.99   1.99   2.84   3.28   4.90  -0.03  -0.65  -0.33  -0.96   
1966 -1.71  -2.05  -2.30  -2.70  -3.74  -4.30  -4.84  -4.87  -4.48  -4.43   0.21   0.51   
1967 0.75  -0.69  -0.83   0.77   0.86   1.69   1.67  -0.50  -0.54  -0.44  -0.81  -1.37   
1968 -1.90  -1.98  -2.69  -3.03  -3.42  -4.13  -4.74   1.96   1.11   0.91   1.63   1.78   
1969 3.05   3.30   2.74   2.59   2.27   2.64   2.53   1.89   1.35   1.76   0.84   1.18   
1970 3.04   2.43   2.20   2.11   2.25   2.88   3.00   2.35   2.81   3.02   3.43   3.40   
1971 3.61   2.82   3.24   2.70   2.25   2.56   2.53   1.93   2.23   1.90   2.11   2.21   
1972 2.08   0.02  -0.18  -0.32  -0.82  -0.66  -0.92  -1.05   0.10  -0.12  -0.23   0.33   
1973 0.31  -0.54  -0.77  -0.66  -0.98  -1.73  -2.11  -2.31   0.16  -0.16   0.94   1.36   
1974 1.30   0.90   1.20  -0.12  -0.51  -1.13  -0.58  -0.91  -1.48  -1.28  -1.75  -1.52   
1975 -1.61   0.37   0.79   1.69   1.38   2.18   3.25   3.68   2.80   3.64   3.10   2.72   
1976 2.38   2.35   2.00   2.06   1.19   0.88   1.53   2.96   3.39  -0.45  -1.23  -2.07   
1977 -2.56  -3.12  -3.30  -4.02  -3.26  -4.33  -4.72  -4.31   0.53  -0.57   0.44   0.90   
1978 1.68   2.18   1.60   3.67   3.37   3.60   4.26   4.31   4.36   3.21   3.01   2.23   
1979 2.45   2.68   2.23   2.25   2.13   1.69   1.24   3.08   2.33   2.43   2.40   1.95   
1980 1.84   1.86   1.96   1.49   2.42   2.83   3.04   2.50   3.48   2.94   2.31   2.27   
1981 2.02   1.93   2.38   2.33   3.13   3.21   3.40   2.86   2.42   2.60   3.47   4.95   
1982 4.81   5.31   5.06   4.89   4.88   5.75   7.32   7.31   7.43   7.74   7.20   7.71   
1983 7.41   7.29   8.27   8.18   8.15   8.31   9.19  10.18   9.08   8.16   8.29   9.61   
1984 8.69   8.42   8.41   8.09   8.03   8.67   9.56   9.68   8.45   7.80   7.67  -0.21   
1985 -0.94  -1.11  -0.72  -1.05  -1.16  -1.75  -1.36  -1.49   0.90   0.73   0.94   0.67   
1986 0.44   1.46   1.25   1.32   1.32  -0.48  -0.82  -1.15   1.28  -0.39  -1.13  -1.81   
1987 -2.07  -2.25  -2.06  -2.76  -2.40  -2.77  -2.87  -2.88  -3.30  -3.73  -3.42  -3.10   
1988 -2.84  -3.26  -3.34  -3.08  -3.48  -3.74  -4.21  -4.36  -4.31  -4.91   1.19   1.27   
1989 1.15   1.45   2.52   2.29   2.57   2.53   2.46   2.76   2.95  -0.09  -0.59  -1.52   
1990 -2.13  -2.50  -2.90  -3.04  -2.97  -3.79  -4.54  -3.62  -4.02  -3.73  -3.85  -4.20   
1991 -4.65  -5.08  -4.80  -3.89  -2.11  -1.65  -2.51  -2.96  -2.84  -2.31  -1.74  -1.97   
1992 -2.44  -2.71  -3.42  -3.88  -5.02  -4.67  -4.57  -4.65  -4.69  -4.26   0.20   0.41   
1993 1.35   1.69   2.70   3.72   3.90   4.84   5.74   6.43  -0.26  -0.14  -0.30  -0.76   
1994 -1.14  -0.98  -1.91  -1.83  -1.90  -2.62  -3.00  -3.38  -3.53   0.02   0.80   0.91   
1995 1.71   1.13   1.72   2.32   3.30   4.11   5.74   5.85   4.99   4.43   3.73   4.17   
1996 4.16   4.04   3.80   3.87   4.67   4.41   4.43   3.90   3.52   3.24   3.05   3.93   
1997 5.13   4.48   3.55   3.63   3.57   3.82   4.58   4.37   3.76   3.10   2.64   1.91   
1998 2.08   2.32   2.26   2.69   5.61   6.14   8.27   7.81   7.82   6.58   5.91   5.24   
1999 5.09   5.64  -0.17  -0.16  -0.18   0.24   0.32   0.00  -0.54  -0.88  -1.59  -1.99   
2000 0.46   0.87   0.97  -0.01  -0.35  -0.89  -1.23  -1.54   0.01   1.54  -0.24  -0.63   
2001 -0.63  -0.91  -0.81  -0.42  -0.91  -1.38  -1.20  -1.65  -1.75  -1.76  -1.39  -1.24   
2002 -1.45  -1.77  -1.87  -1.43  -1.95  -2.39  -2.80  -2.99  -2.98  -3.08  -3.21  -2.64   
2003 -2.34  -2.46  -2.51  -1.49  -0.68  -1.25  -1.27  -1.38  -1.79  -2.49  -2.29  -1.78   
2004 -1.29  -0.68  -1.49  -1.77   0.63   0.36   0.22   0.44   0.40   1.63  -0.04  -0.25   
2005 -0.88  -1.43  -1.38   0.47   2.40   2.55   2.26   1.56   0.96   1.37   1.88   3.56   
2006 3.84   3.65   4.35   5.10   5.17   5.16   5.01  -0.42  -0.43  -0.72  -0.96  -1.06   
2007 -1.95  -2.25  -3.26  -3.26  -4.28  -4.83  -5.62  -5.65  -4.67  -4.16  -4.00  -3.76   
2008 -3.94  -4.13  -4.05  -3.95  -4.02  -4.56  -4.89  -4.97  -4.06  -4.02  -3.99  -3.55   
2009 -3.77  -4.08  -4.01  -4.01  -4.10  -2.96  -3.31  -2.89  -3.34   0.81   0.36   0.28   
2010 0.74   0.53   0.31   0.38   0.69   1.04   0.00   0.05  -0.37  -0.33  -0.59   1.30   
2011 0.98   0.70   2.06   2.14   3.34   3.83   4.51  -0.03  -0.48  -0.02  -0.54  -1.27   
2012 -1.39  -2.02  -1.93  -2.02  -2.62  -3.33  -4.13  -4.53  -4.78  -4.06  -3.90  -3.67   
2013 -3.91  -4.29 -99.99 -99.99 -99.99 -99.99 -99.99 -99.99 -99.99 -99.99 -99.99 -99.99   
