1895 0.15  -0.49  -0.81  -0.65  -1.14  -1.69  -1.98  -2.56  -3.13  -3.14  -3.57  -3.63   
1896 -3.96  -1.99  -1.16  -2.04  -2.64  -2.19  -2.10  -2.95  -2.43  -2.54  -2.62  -3.19   
1897 -3.12  -3.28  -3.42  -3.22   0.39   0.32   1.48  -0.08  -0.37  -1.40  -1.10  -0.64   
1898 -0.11  -0.12  -0.71  -0.78  -0.28  -0.79  -1.41  -0.89  -1.60   0.88   1.24   0.90   
1899 0.67   1.07   1.61  -0.77  -1.23  -1.76  -1.76  -1.60  -0.83  -1.28  -1.53  -1.68   
1900 0.06   0.63   0.80  -0.72  -1.03  -1.51  -1.58  -2.07  -2.58  -2.83  -3.01  -3.20   
1901 -3.33  -3.72   0.49   1.00   1.42   0.72   0.66   1.72  -0.02  -0.46  -0.75   0.97   
1902 0.61   1.50   0.03  -0.17  -0.85   0.89   1.90   1.47   1.81   2.93  -1.03   0.85   
1903 0.79   0.95   0.96  -0.27  -1.54   1.20   1.45   2.65   2.04   3.51  -0.51  -0.48   
1904 -0.25  -0.36  -0.20  -0.15  -0.66  -0.97   0.39   0.84   1.17   1.47  -0.66  -1.22   
1905 -0.78  -1.31  -0.98  -1.32  -2.28  -2.08  -1.77  -0.98  -0.73  -0.57  -0.97  -0.94   
1906 -1.26  -1.59   0.43  -0.17  -0.30  -0.24  -0.29   0.57  -0.53   0.78  -0.79  -0.83   
1907 -0.68  -0.93  -1.08  -1.12  -1.08  -0.88  -1.65  -2.10   1.02   1.59   1.63   1.88   
1908 1.58   2.13  -0.13  -0.53   0.59  -0.62  -0.73  -0.76  -1.32  -1.62  -2.68  -2.96   
1909 -2.66  -1.67  -1.71  -0.89  -1.40  -1.64  -2.44  -3.03  -3.17  -3.70  -4.64  -4.63   
1910 -3.29  -2.53  -3.42  -2.71  -2.69  -2.43  -3.15  -3.34  -2.91  -3.59  -3.78  -3.85   
1911 -3.72  -3.39  -3.27  -2.96  -3.72  -3.17  -3.54   1.39   1.58   2.25   0.05  -0.27   
1912 -0.77  -0.98  -0.22  -0.20  -0.30  -1.05  -1.64   0.20   0.78   0.74   0.24   0.31   
1913 0.67  -0.35  -0.30  -0.08  -0.34  -1.07  -2.06  -2.57  -2.54  -1.03  -1.44  -1.54   
1914 -1.35  -1.45  -1.42  -1.12  -1.55  -1.80  -1.58  -1.81  -2.51  -3.26  -3.95  -3.65   
1915 -2.23  -1.26  -2.02  -2.55  -2.47  -2.51   0.46   1.95  -0.55  -0.74  -1.38  -0.98   
1916 -1.57   0.48   0.44  -0.02  -0.38   0.39   0.48  -1.03  -1.03  -1.62  -2.23  -2.20   
1917 -2.01  -2.35  -2.23  -2.69  -0.04   0.48   0.28   1.07   0.64   2.21  -1.01  -1.18   
1918 -1.12  -0.98  -1.77  -1.64  -1.61  -1.40  -1.65  -1.79  -1.24  -1.49  -2.00  -2.11   
1919 -2.22  -2.10  -1.88  -2.09  -1.62  -1.83   0.83   1.25  -0.30  -0.31   0.47  -0.54   
1920 -0.87  -0.71  -0.80  -0.62  -1.22   0.30   0.49   0.82   1.03  -0.67  -0.44  -0.03   
1921 -0.46  -0.42  -1.15  -1.59  -1.54  -1.77  -1.71  -1.98  -2.01  -2.58  -2.14  -2.67   
1922 -2.97  -2.98  -2.72  -2.89  -3.04  -1.93  -1.97  -2.31  -2.90  -3.28  -4.25  -4.83   
1923 -3.84  -3.84  -3.83  -3.82  -4.02  -4.28  -4.17  -4.62  -4.35  -3.93  -4.03  -3.67   
1924 -2.95  -2.52  -3.03   0.56   1.20   1.14   0.72   0.40   1.28  -1.06  -1.85  -2.41   
1925 -1.94  -1.90  -2.14  -2.61  -2.60  -2.66  -1.98  -2.42  -2.29  -1.42  -1.35  -1.51   
1926 -1.66  -0.90  -1.49  -1.84  -2.50  -2.36   0.07   0.37   0.80   1.41   1.50  -0.63   
1927 -0.83  -0.45  -1.12  -1.63  -1.55  -1.65   0.31   0.70   0.18   2.30   2.34   2.41   
1928 1.71   1.82   1.46   1.80   1.07   2.24   2.36   2.58  -0.23  -0.88  -1.53  -2.39   
1929 -2.10  -1.93  -2.35  -1.41  -1.33  -1.68  -2.47  -3.15  -2.93  -2.07  -2.14  -2.20   
1930 -2.47  -2.41  -2.36  -2.43  -2.67  -2.43  -2.60  -3.50  -3.73  -4.31  -4.98  -5.36   
1931 -5.38  -5.11  -4.53  -4.35  -3.73  -3.59  -2.54  -2.55  -2.86  -3.34  -4.33  -4.67   
1932 -3.88  -3.50  -2.66  -3.13  -2.95  -2.24  -2.32  -2.43  -2.94   1.41   2.34  -0.52   
1933 -0.97   0.08   0.74   0.74  -0.36  -0.93   0.25   2.53   3.60   3.31  -0.65  -0.78   
1934 -0.91  -1.42  -1.41  -1.21  -1.20  -1.45   0.28   0.04   1.17  -0.37  -0.12  -0.04   
1935 -0.12  -0.32  -0.74  -0.82  -1.30   0.15   1.19   0.78   0.82   1.04   1.84   1.11   
1936 1.61   0.90   2.29   0.05  -0.47  -0.04  -0.99  -0.97  -1.65  -1.80  -2.16   0.36   
1937 1.04   1.13   0.84   1.15   0.73   1.00   0.62   1.14   0.60   1.91  -0.25  -0.54   
1938 -0.27  -0.24  -0.78  -0.90  -0.85   0.60   1.07  -0.65   0.99   0.46   0.60   0.79   
1939 0.89   1.36   1.34   1.35  -0.96  -1.52  -2.22  -2.38  -2.76  -2.64  -3.39  -3.47   
1940 -3.61   0.14   1.91   2.40   2.07   1.94   1.47   1.87   1.87   1.67   1.65  -0.23   
1941 -0.31  -0.74  -1.06  -1.89  -2.57  -1.90  -1.74  -1.11  -1.98  -2.48  -2.83  -2.54   
1942 -2.66  -2.45  -2.18  -2.96   0.85   1.01   1.12   1.05   1.63   2.10   1.97   2.68   
1943 0.01  -0.39  -0.52  -0.65  -0.27  -0.77  -1.19  -1.75  -2.73  -1.10  -0.72  -1.48   
1944 -1.79  -2.01  -1.45  -1.07  -1.71  -1.25  -1.81  -2.03  -1.80  -2.11  -2.11  -2.00   
1945 -1.57  -1.45  -2.12  -2.12   0.59   1.05   2.91   3.14   3.58   3.21   3.53   0.04   
1946 -0.63  -0.72  -1.03  -1.97   1.26   1.20   1.78   1.88   1.83  -0.30  -1.35  -1.65   
1947 -1.24  -1.68   0.08   0.78   1.93   1.42   3.53  -0.62  -1.18  -1.94  -1.62  -1.91   
1948 -1.71  -2.06  -0.05   0.37   0.85   1.32   1.34  -0.29  -1.30  -1.72   0.23   0.85   
1949 1.11  -0.26  -1.11  -0.85  -0.55  -1.62  -2.04  -1.92  -1.81  -2.40  -3.00  -2.81   
1950 0.27   0.87   1.57   1.17   1.13   1.23   1.34  -0.39  -0.54  -0.92   1.05   1.73   
1951 1.93   2.57   3.12   2.48   1.70   1.79   1.93   1.27   0.70   0.74   1.91   2.17   
1952 2.34   1.84   2.14   3.46   3.75   2.68   3.56   3.57   3.66   2.75   3.23   3.89   
1953 4.37   3.84   3.95   4.10   3.84  -0.68  -1.08  -2.25  -1.81  -1.77  -2.03  -1.42   
1954 -1.70  -1.41  -1.17  -0.88  -0.63  -1.24  -1.92  -1.42  -1.39  -1.76  -1.03  -0.77   
1955 -1.49  -1.34  -1.07  -1.45  -2.17  -2.30  -3.36   3.87   3.39   5.26  -0.06  -0.96   
1956 -1.50   0.71   0.71   1.00   0.79   0.84   1.31   1.10   1.41   1.31   0.72   1.10   
1957 -0.37  -0.64  -0.80   0.96  -0.56  -0.72  -1.21  -2.03  -2.07  -1.94  -2.01   1.51   
1958 2.00   2.46   2.55   2.64   2.22   2.01   2.07   1.77   1.99   2.27  -0.02  -0.85   
1959 -0.44  -0.32  -0.26  -0.12  -1.19  -1.32  -1.61  -1.81  -2.20   0.81   1.19   1.31   
1960 1.35   1.60   0.86   0.74   1.08   1.22   1.56   1.64   2.76  -0.54  -1.17  -1.63   
1961 -1.68  -0.05   0.05   0.53   0.32   0.18   0.40   0.60  -0.95  -1.78  -1.56  -1.50   
1962 -1.48  -0.79  -1.28  -1.25  -2.22  -2.87  -3.22  -2.87  -2.65  -1.85  -1.76  -1.89   
1963 -1.87  -1.87  -1.89  -2.64  -2.72  -2.82  -2.57  -2.87  -2.94  -4.04  -3.56  -3.53   
1964 -2.57  -2.29  -2.33  -1.70  -2.41  -2.63  -3.16  -3.83  -4.33  -4.88  -5.60  -5.43   
1965 -4.94  -4.59  -4.57  -4.39  -4.81  -5.16  -5.52  -4.43  -4.02  -3.48  -3.60  -3.80   
1966 -3.53  -3.13  -3.23  -3.26  -2.83  -3.55  -3.98  -4.08  -3.53  -3.41  -3.11  -2.85   
1967 -3.23  -3.45  -2.24  -2.51  -1.88  -2.22  -2.07  -1.21  -1.44  -1.30  -1.18  -1.06   
1968 -1.18  -2.14  -2.03  -2.35  -1.23  -0.75  -1.57  -2.15  -1.71  -1.84  -1.52  -1.39   
1969 -1.83  -2.29  -2.61  -2.45  -2.80   0.69   1.61   1.44   0.85   0.24   0.48   1.29   
1970 -0.82  -0.60  -0.50  -0.41  -0.76  -1.03  -1.01  -1.26  -1.48   0.19   0.49  -0.21   
1971 -0.44   1.01  -0.19  -0.92  -0.69  -1.47   0.13   0.95   0.75   0.46   0.97   0.73   
1972 0.45   0.84   1.18   1.11   1.61   3.33   2.62   1.67   0.82   0.61   2.56   2.89   
1973 2.76   2.15   1.41   1.81   2.37   3.61   2.99   2.71   2.60   2.20   1.37   2.91   
1974 2.82   2.29   2.81   1.95   1.72   1.80   1.74   2.07   2.74   1.92   1.38   1.67   
1975 1.93   2.29   2.24   1.72   1.46   2.32   2.40   2.39   3.09   3.05   2.77   2.18   
1976 2.78   2.53   1.81   1.05   0.86   1.31   1.49   1.68   1.83   3.51  -0.75  -0.99   
1977 -1.45   0.07   1.24   1.43  -0.90  -1.07  -1.46  -1.60   0.94   1.95   2.04   2.71   
1978 4.39  -0.47  -0.42  -1.15  -0.39  -0.63  -1.17  -1.27  -1.26  -1.12  -1.65   0.17   
1979 2.48   2.46   1.72   1.76   2.22  -0.50  -0.95  -1.17   1.12   1.64   1.59  -0.42   
1980 -1.23  -1.85   0.88   1.20  -0.83  -0.88  -1.18  -2.09  -2.67  -2.64  -2.69  -3.20   
1981 -3.70   2.21  -1.07  -1.12  -0.99  -0.56  -0.59  -1.25  -1.18  -0.82  -1.40  -1.40   
1982 -1.28  -1.02  -1.36  -0.81  -1.23  -0.28  -0.60  -0.56  -0.92  -1.55  -1.71  -2.03   
1983 -1.90   0.22   0.74   3.12   3.08   3.19  -0.81  -1.17  -1.69  -1.57   0.45   1.90   
1984 1.09   1.48   1.33   1.89   3.24   2.93   3.39  -0.25  -1.01  -1.45  -1.72  -1.71   
1985 -2.35  -2.50  -2.85  -3.37   0.18   0.50   0.73   0.74   1.93   1.35   2.28   1.84   
1986 2.07   2.40   2.11   2.43   1.60   2.28   2.84   2.92   2.34   2.11   2.71   2.51   
1987 2.58  -0.97  -1.48  -0.46  -1.12  -1.63   0.42   0.86   2.51   2.60   0.02  -0.62   
1988 -0.90  -0.54  -1.00  -1.37  -0.76  -1.63   1.00   1.17  -0.19  -0.18   0.34  -0.83   
1989 -1.36  -1.58  -1.69  -2.25   1.67   2.72   2.06   1.81   2.21   2.67  -0.12  -0.95   
1990 -0.15  -0.13  -0.72  -1.16   1.17   0.74   0.71   1.66   1.27   1.68   1.54   2.54   
1991 -0.23  -0.64  -0.61  -0.94  -1.67  -2.10  -2.72  -3.14  -2.96  -2.88  -2.67  -2.48   
1992 -2.58  -2.68   0.17  -0.23   0.17   0.30   0.68   0.29   0.28   0.09   0.53   0.58   
1993 -0.23  -0.51   0.60   1.98  -1.03  -1.38  -2.29  -2.80   0.75   1.15   1.37   1.25   
1994 1.76   1.12   1.72   1.67   1.29   1.39   1.21   2.57   2.48  -0.67  -0.44  -0.75   
1995 -0.55  -0.82  -1.44  -1.80  -2.02  -2.46  -2.39  -3.31  -3.30   1.30   1.74   1.07   
1996 2.56   1.99   1.69   2.15   1.87   1.96   2.71   1.86   2.09   2.84   3.11   4.39   
1997 -0.21  -0.68  -0.53  -0.96  -0.97  -1.33  -1.76   0.45   0.44  -0.47   0.23   0.27   
1998 0.61   1.14   1.20   1.60   1.70   2.61  -0.40  -1.07  -1.17  -1.11  -1.73  -2.40   
1999 1.47   0.96   1.35  -0.47  -0.80  -1.43  -2.33  -2.75   2.05  -0.03  -0.38  -0.77   
2000 0.15   0.14   0.06   0.07   0.14   1.26   1.42  -0.28  -0.19  -0.57  -0.88  -0.33   
2001 -0.73  -0.91  -0.29  -1.01  -1.17  -1.03  -1.10  -1.53  -0.78  -1.39  -2.13  -2.33   
2002 -2.52  -2.87   0.09   0.07   0.78   1.06  -0.79  -1.29   0.24   1.75   1.79   2.08   
2003 -0.26   0.24  -0.14  -0.64  -0.80   1.64   1.30   1.69   3.48   4.15   3.91   4.35   
2004 3.69   2.93   2.03   1.88   1.71   1.53   1.92   2.83   4.67   4.06   3.79   3.70   
2005 4.74   4.11   4.31   4.46  -0.67  -1.14  -1.59  -1.97  -2.73   2.60   2.43   2.19   
2006 3.15   2.34   1.34   1.24   0.75   3.07   2.46   2.62   2.87   3.26   3.31   2.38   
2007 2.08   2.06   1.95   2.52  -0.98  -1.05  -0.62  -0.30  -0.95   1.36   1.50   2.04   
2008 1.56   3.44   4.15   3.18   2.85   2.46   2.36   1.67   1.96   2.22   1.55   2.61   
2009 -0.09  -0.91  -1.47  -2.04   0.33   1.31   1.58   2.33   1.75   2.17   1.09   1.40   
2010 1.19   1.70   2.05  -0.49  -1.04  -1.36  -1.66  -1.64  -1.87   1.43   0.97   1.24   
2011 0.85   1.19   2.44   3.43   3.35   3.65   3.15   4.94   6.97   6.68   6.00   5.59   
2012 5.16  -0.75  -1.80  -2.18  -1.55  -1.77  -1.79  -2.23   0.45   1.46   0.56   1.15   
2013 0.87  -0.66 -99.99 -99.99 -99.99 -99.99 -99.99 -99.99 -99.99 -99.99 -99.99 -99.99   
