1895,0.28,-0.63,-0.86,-0.57,-1.07,-1.44,-1.70,-2.16,-2.84,-2.80,-3.40,-3.63
1896,-3.97,-2.06,-1.26,-2.03,-2.63,-2.19,-2.15,-2.80,-2.40,-2.28,-2.41,-3.00
1897,-2.93,-2.64,-2.76,-2.59,0.43,0.30,1.74,1.65,-0.28,-1.02,0.21,0.52
1898,0.88,0.82,0.53,0.32,0.68,-0.64,-1.17,-0.65,-1.51,0.66,1.05,0.88
1899,0.85,1.54,2.06,-0.66,-1.01,-1.48,-1.39,-1.46,-0.71,-1.17,-1.39,-1.63
1900,0.09,0.94,0.97,-0.62,-1.08,-1.52,-1.59,-2.06,-2.60,-2.84,-3.22,-3.55
1901,-3.62,-4.06,0.39,0.90,1.26,0.35,0.36,1.48,1.31,0.81,0.54,1.66
1902,1.31,2.21,2.03,1.63,0.73,1.23,1.98,1.84,2.11,3.18,2.06,2.84
1903,2.61,2.87,2.68,2.27,0.92,2.18,2.45,3.39,2.78,4.06,-0.56,-0.65
1904,-0.54,-0.68,-0.52,-0.46,-0.93,-1.12,0.40,1.08,1.21,1.56,-0.46,-0.98
1905,-0.62,-1.06,-0.77,-1.09,-1.89,-1.92,-1.71,-1.26,-1.20,-1.07,-1.43,-1.27
1906,-1.49,-1.75,0.47,0.39,0.03,0.16,0.22,0.38,-0.60,0.54,-0.85,-0.78
1907,-0.54,-0.76,-0.77,-0.80,-0.78,-0.53,-1.39,-1.79,0.96,1.44,1.61,1.83
1908,1.62,2.27,0.03,-0.50,0.57,-0.72,-0.83,-0.91,-1.41,-1.78,-2.72,-3.06
1909,-2.84,-1.74,-1.71,-0.91,-1.35,-1.72,-2.62,-2.93,-3.11,-3.60,-4.43,-4.31
1910,-3.14,-2.43,-3.48,-2.66,-2.70,-2.27,-3.15,-3.27,-2.93,-3.67,-3.84,-4.08
1911,-3.78,-3.48,-3.39,-2.96,-3.76,-3.17,-3.50,0.88,1.12,1.88,1.73,-0.18
1912,-0.59,-0.77,0.98,-0.09,-0.25,-0.89,-1.42,-0.04,0.61,0.58,0.06,0.21
1913,0.41,0.03,0.26,0.49,-0.24,-1.01,-1.99,-2.40,-2.33,-1.00,-1.48,-1.55
1914,-1.31,-1.28,-1.34,-1.17,-1.65,-1.88,-1.59,-1.86,-2.59,-3.34,-3.82,-3.56
1915,1.09,1.83,-0.85,-1.45,-1.46,-1.66,0.31,1.39,-0.64,-0.99,-1.63,-1.27
1916,-1.80,0.41,0.54,0.49,0.07,0.51,0.73,-0.72,-0.71,-1.24,-1.74,-1.67
1917,-1.51,-1.88,-1.69,-2.17,-2.07,0.26,0.23,0.44,0.14,1.63,-0.84,-1.04
1918,-0.85,-0.92,-1.56,-1.30,-1.29,-1.21,-1.42,-1.83,-1.56,-1.94,-2.49,-2.49
1919,-2.41,-2.21,-1.94,-2.20,0.27,-0.25,1.01,1.41,-0.39,-0.44,-0.01,-0.45
1920,-0.75,-0.51,-0.70,-0.49,-1.14,0.35,0.52,0.69,0.77,-0.58,-0.64,-0.21
1921,-0.53,-0.36,-1.00,-1.44,-1.22,-1.52,-1.55,-1.61,-1.52,-2.12,-1.87,-2.28
1922,-2.59,-2.50,-2.13,-2.42,-2.55,-1.64,-1.52,-1.49,-2.18,-2.63,-3.48,-3.90
1923,-2.95,-2.95,-2.95,-2.96,-3.26,-3.86,-3.81,-4.29,-4.10,-3.84,-4.04,-3.80
1924,0.38,0.60,0.07,0.64,1.34,1.28,0.71,0.57,1.33,-0.93,-1.61,-2.13
1925,-1.71,-1.88,-2.17,-2.66,-2.74,-2.99,-2.18,-2.60,-2.87,-2.22,-2.16,-2.23
1926,-2.32,-1.43,-1.87,-2.28,-2.93,-2.84,0.06,0.41,0.77,1.21,1.44,-0.49
1927,-0.73,-0.45,-1.14,-1.47,-1.48,-1.54,0.29,1.31,0.72,2.64,2.03,2.04
1928,1.33,1.54,1.18,1.55,0.80,1.90,2.20,2.40,-0.14,-0.81,-1.51,-2.37
1929,-2.08,-1.73,-2.16,-1.39,-1.32,-1.70,-2.60,-3.10,-2.89,-2.07,-2.25,-2.33
1930,-2.49,-2.40,-2.49,-2.46,-2.86,-2.51,-2.71,-3.20,-3.58,-4.14,-4.65,-4.84
1931,-4.95,-4.80,-4.37,-4.34,-4.11,-3.65,-2.90,-2.67,-3.03,-3.19,-4.08,-4.40
1932,-3.75,-3.89,-2.98,-3.34,-3.04,-3.04,-3.33,-3.62,-4.24,0.77,1.71,1.17
1933,0.46,0.52,1.15,1.46,1.79,0.93,0.95,2.70,3.13,-0.19,-0.90,-1.24
1934,-1.20,-1.67,-1.54,-1.33,-1.48,-1.37,-1.32,-0.05,1.28,-0.35,-0.10,-0.06
1935,-0.20,-0.41,-0.81,-1.17,-1.77,0.43,1.34,1.01,0.91,0.96,1.42,0.85
1936,1.65,1.48,2.37,0.02,-0.67,-0.10,-1.06,-0.98,-1.84,-1.99,-2.59,0.52
1937,1.31,1.13,0.53,0.85,0.19,0.21,0.17,0.73,-0.79,0.88,-0.37,-0.84
1938,-0.66,-0.71,-1.03,-1.35,-1.49,1.45,2.43,2.03,2.82,2.48,2.31,2.26
1939,2.06,2.75,2.66,2.63,-0.89,-1.34,-2.04,-2.37,-2.97,-2.83,-3.60,-3.72
1940,-3.90,0.13,1.28,1.94,1.77,1.40,1.29,1.31,-0.08,-0.25,0.36,-0.06
1941,-0.15,-0.61,-0.89,-1.77,-2.59,-2.74,-2.53,-2.58,-3.49,-4.00,-4.16,-3.83
1942,-3.61,-3.44,-2.82,-3.46,1.39,1.33,1.75,2.38,2.99,3.12,2.74,3.19
1943,-0.11,-0.38,-0.69,-0.58,-0.18,-0.13,-0.58,-0.87,-1.85,1.55,1.81,-0.76
1944,-0.86,-1.04,0.61,0.80,-0.78,-0.48,-1.20,-2.16,-1.88,-2.25,-2.15,-1.98
1945,-1.77,-1.76,-2.26,0.08,0.45,0.62,2.18,2.18,2.62,2.33,2.59,2.56
1946,-0.52,-0.71,-0.87,-1.77,1.05,1.38,1.54,1.70,0.04,-0.06,-0.97,-1.23
1947,-0.79,-1.22,0.01,0.35,1.54,1.70,3.42,-0.48,-0.74,-1.40,-0.78,-1.26
1948,-1.08,-1.37,-0.04,0.29,1.22,1.47,-0.28,-0.04,-0.71,-1.12,0.27,0.85
1949,1.50,-0.03,-0.93,-0.53,-0.57,-1.62,-1.89,-1.88,-1.41,-1.71,-2.30,0.00
1950,-0.04,0.52,1.19,-0.41,-0.30,-0.66,-0.47,-0.85,-0.81,-1.07,0.73,1.42
1951,1.70,2.01,2.36,2.08,1.40,1.74,2.44,2.01,1.63,1.63,2.68,3.19
1952,3.41,2.74,3.26,4.59,4.64,3.25,3.77,3.93,4.34,3.45,4.24,4.47
1953,4.88,4.50,4.80,5.03,5.14,-0.54,-0.68,-1.57,-1.45,-1.56,-1.86,-1.14
1954,-1.51,-1.54,-1.16,-1.30,-1.12,-1.76,-2.55,-1.91,-2.11,-2.36,-2.02,-1.80
1955,-2.48,-2.15,-1.75,-2.04,-2.43,-2.35,-3.42,2.31,1.81,3.27,-0.30,-1.27
1956,-1.70,0.77,0.99,1.04,0.71,0.91,1.44,1.33,1.43,1.29,0.89,1.05
1957,-0.48,-0.63,-1.04,0.91,-0.67,-0.77,-1.72,-2.77,-3.07,-3.07,-3.01,0.98
1958,1.24,1.92,1.93,2.30,-0.10,-0.30,-0.21,-0.73,0.47,0.88,-0.13,-0.90
1959,-0.97,-1.02,-1.05,-1.17,-2.10,-2.13,0.14,0.62,0.26,0.52,0.35,0.55
1960,0.81,1.18,-0.15,-0.33,-0.29,-0.29,0.59,1.35,2.53,-0.60,-0.99,-1.40
1961,-1.37,0.18,0.36,0.65,-0.33,-0.64,0.88,0.88,-0.77,-1.69,-1.67,0.06
1962,0.04,0.84,-0.18,-0.28,-1.14,-1.37,-1.94,0.11,0.54,0.73,0.88,-0.15
1963,-0.28,-0.43,-0.30,-1.15,-1.54,-2.01,-2.27,-2.61,-2.38,-3.57,-2.68,-2.77
1964,-1.89,-1.64,-2.01,-0.89,-1.87,-1.88,-2.36,-3.13,-3.47,-3.97,-4.44,-4.20
1965,-4.10,-3.46,-3.43,-3.56,-4.17,-4.60,-4.95,-4.21,-4.11,-3.39,-3.62,-3.78
1966,-3.35,-2.73,-3.05,-2.69,-2.79,-3.62,-3.90,-4.21,-3.63,-3.44,-3.10,-2.81
1967,-3.13,-3.40,0.89,0.44,0.80,0.22,0.45,0.94,0.55,0.74,0.67,0.85
1968,-0.35,-1.21,-1.18,-1.43,0.78,0.92,-0.77,-1.06,0.19,0.12,0.25,0.24
1969,-0.66,-1.39,-1.61,-1.39,-1.65,0.05,1.52,1.32,1.05,0.64,0.73,1.31
1970,-0.91,-0.81,-0.76,-0.38,-0.78,-0.77,-0.42,-0.93,-1.34,0.72,1.38,0.95
1971,0.60,1.62,-0.13,-0.91,-0.38,-1.11,0.00,0.92,0.92,0.74,1.44,0.83
1972,0.75,1.11,1.05,0.86,1.35,4.05,3.39,2.64,1.61,1.42,3.00,3.68
1973,3.53,3.08,2.23,2.56,2.74,3.23,2.23,1.52,1.89,1.43,0.63,2.07
1974,2.13,1.73,2.08,1.89,1.68,1.77,1.43,1.98,2.61,1.99,1.35,1.75
1975,2.28,2.42,2.44,2.06,1.97,3.02,3.62,3.54,4.58,4.72,4.34,3.70
1976,4.36,3.84,3.01,2.15,2.24,2.27,2.06,2.03,2.41,4.40,3.21,2.62
1977,1.71,1.39,2.69,2.78,1.65,1.90,1.47,1.56,1.73,2.71,3.10,3.64
1978,5.07,3.90,3.91,2.88,3.28,2.65,2.20,3.19,2.74,2.40,1.68,1.63
1979,3.66,3.80,2.72,2.60,2.74,1.92,1.79,1.19,1.76,2.53,-0.13,-0.51
1980,-1.30,-2.00,-0.94,-0.57,-0.86,-1.16,-1.86,-3.15,-3.79,-3.79,-3.82,-4.49
1981,-5.07,1.42,0.30,0.12,0.15,0.64,0.34,0.39,0.33,0.57,0.01,0.00
1982,0.36,0.44,0.15,0.68,0.53,1.76,1.22,2.01,-0.32,-0.73,-1.01,-1.57
1983,0.11,0.31,0.73,2.91,2.61,3.15,-0.93,-1.57,-2.21,0.13,0.85,2.55
1984,1.62,1.81,1.65,1.98,3.40,3.08,3.89,-0.37,-1.19,-1.42,-2.12,-2.36
1985,-2.88,-2.89,-3.52,-4.30,0.00,0.23,0.62,0.36,1.45,0.79,1.86,1.24
1986,1.51,1.93,-0.34,-0.10,-0.77,-0.85,-0.79,-0.38,-0.38,-0.68,1.00,1.33
1987,-0.12,-0.95,-1.47,-1.02,-1.57,-1.61,0.46,0.78,2.68,2.51,2.35,-0.68
1988,-0.85,-0.51,-1.06,-1.75,-0.94,-1.69,-1.08,-1.38,-1.31,-1.46,-1.17,-1.87
1989,-2.31,-2.31,-2.33,-2.88,1.67,2.21,1.96,1.19,1.39,1.82,-0.29,-0.93
1990,-0.25,-0.37,-1.13,-1.40,1.03,-0.59,-1.02,0.71,0.29,0.60,0.39,1.43
1991,-0.17,-0.74,-0.58,-0.95,-1.56,-2.41,-2.77,-3.19,-3.24,-3.32,-3.43,-3.28
1992,-3.37,-3.53,-2.98,-3.25,0.36,0.17,0.63,0.46,0.56,0.29,0.97,0.77
1993,0.36,0.30,1.38,2.60,-1.04,-0.93,-1.63,0.11,0.88,1.50,1.61,2.00
1994,2.74,2.59,3.35,-0.39,-0.71,0.36,0.01,0.58,-0.03,-0.59,-0.22,-0.45
1995,-0.22,-0.40,-0.77,-1.17,-1.42,-1.93,-1.56,-2.52,-2.76,1.14,1.29,0.80
1996,2.16,1.71,1.64,2.22,1.66,1.88,2.80,1.93,1.79,3.03,3.27,4.47
1997,0.01,-0.62,-0.48,-1.08,-1.35,-1.65,-1.08,-0.46,-0.39,-0.65,-0.77,-0.90
1998,0.46,0.89,0.95,1.47,1.26,2.22,-0.69,-0.83,-1.18,-0.73,-1.31,-2.18
1999,-0.91,-0.91,-0.84,-1.13,-1.53,-2.19,-3.20,-3.54,2.19,1.98,1.50,1.07
2000,0.86,0.51,1.09,0.78,0.86,1.27,-0.07,0.17,-0.12,-0.62,-0.88,-0.45
2001,-0.56,-0.70,-0.23,-0.84,-0.85,-0.57,-0.48,-0.41,-0.01,-0.63,-1.44,-1.73
2002,-2.10,-2.92,-2.61,-2.00,-1.45,-1.05,-2.13,-2.78,-2.60,1.54,1.54,1.89
2003,1.26,1.30,1.28,0.83,0.61,2.48,2.67,2.68,4.51,4.98,4.39,4.48
2004,3.69,3.27,2.30,2.06,1.53,1.26,2.28,2.96,4.35,4.02,4.19,4.01
2005,4.47,4.02,4.15,4.54,-0.62,-1.05,-1.21,-2.04,-2.78,2.82,2.46,2.46
2006,2.90,-0.21,-1.26,-1.40,-1.84,2.40,2.65,2.25,2.67,3.13,3.09,2.28
2007,1.93,1.70,1.62,2.32,1.24,1.65,1.60,1.90,0.78,1.25,1.44,1.95
2008,1.11,3.10,3.34,2.55,2.21,1.58,1.44,0.66,1.46,1.72,1.09,2.31
2009,-0.27,-1.16,-1.75,-1.94,0.28,1.56,2.15,2.91,2.54,3.27,2.15,2.94
2010,2.44,2.50,2.87,-0.30,-0.58,-1.21,-0.75,-1.63,0.36,1.23,-0.03,-0.39
2011,-0.65,0.13,1.68,2.69,2.64,2.23,1.54,3.84,5.38,5.66,5.47,5.12
2012,4.63,3.29,1.80,1.28,1.98,1.91,1.45,1.12,2.16,3.14,2.13,2.38
2013,2.08,1.47,-99.99,-99.99,-99.99,-99.99,-99.99,-99.99,-99.99,-99.99,-99.99,-99.99
