1895 0.33  -0.77  -0.90  -0.33  -0.78  -1.04  -1.07  -1.77  -2.56  -2.46  -3.00  -3.32   
1896 -3.62  -1.83  -1.00  -1.85  -2.44  -1.73  -1.21  -2.06  -1.73  -1.76  -1.98  -2.57   
1897 -2.57   0.51  -0.43  -0.43   0.41   0.25   1.80   1.67   1.16   0.79   0.98   1.27   
1898 1.42  -0.02  -0.28  -0.34   0.41  -0.68  -0.90  -0.49  -1.32   0.50   1.01   0.94   
1899 0.89   2.06   2.65  -0.74  -1.14  -1.66  -1.61  -1.63  -0.82  -1.04  -1.34  -1.60   
1900 -0.04   1.02   1.01  -0.60  -1.01  -1.30  -1.32  -1.88  -2.27  -2.60  -2.95  -3.35   
1901 -3.42  -4.00   0.28   1.30   1.44   0.40   0.34   1.62   1.56   1.09   0.87   2.10   
1902 1.84   2.89   2.70   2.26   1.21   2.02   2.07   1.76   2.30   3.48   2.65   3.52   
1903 3.44   3.91   3.76   3.52   2.17   3.44   3.59   4.34   3.83   4.96  -0.52  -0.51   
1904 -0.45  -0.72  -0.74  -0.67  -1.18  -1.26   0.11   0.65   0.85   1.14  -0.34  -0.50   
1905 -0.15  -0.41  -0.32  -0.60  -1.31  -1.36  -1.12  -0.66  -0.58  -0.69  -1.23  -1.16   
1906 -1.39  -1.52   0.59   0.53   0.07   0.39   0.57   0.96   0.29   0.82  -0.68  -0.42   
1907 -0.41  -0.53  -0.73   0.20   0.32   0.71  -0.41  -0.74   1.12   1.51   2.01   2.20   
1908 2.06   2.66  -0.19  -0.70   0.65  -0.70  -0.71  -0.64  -1.04  -1.42  -2.41  -2.79   
1909 -2.75  -1.77  -1.64  -0.95  -1.32  -1.44  -2.15  -2.36  -2.41  -2.93  -3.77  -3.81   
1910 -2.86  -2.50  -3.51  -2.51  -2.68  -1.91  -2.64  -2.79  -2.90  -3.24  -3.37  -3.62   
1911 -3.35  -3.19  -3.08  -2.62  -3.55  -2.80  -3.10   1.25   1.26   1.83   2.00   1.78   
1912 1.20   0.85   2.04  -0.15  -0.37  -0.89  -0.85  -0.94  -0.21  -0.26  -0.52  -0.21   
1913 -0.35  -0.66   0.18   0.68  -0.20  -0.97  -1.50  -1.80  -1.77   0.91  -0.38  -0.56   
1914 -0.18  -0.18  -0.31  -0.11  -0.75  -1.03  -0.81  -1.31  -2.13  -2.89  -3.41   0.01   
1915 1.30   2.10  -0.90  -1.59  -1.52  -1.47   0.18   1.37  -0.45  -0.60  -1.17  -0.70   
1916 -1.52   0.34   0.51   0.46   0.05   0.55   0.79  -0.93  -0.95  -1.59  -2.19  -2.13   
1917 -2.02  -2.32  -1.69  -1.97  -1.93   0.29   0.49   0.32   0.19   1.60  -0.75  -0.88   
1918 -0.53  -0.90  -1.35  -0.70  -0.79  -0.80  -0.89  -1.59  -1.45  -2.23  -2.93  -3.04   
1919 -2.84   0.04   0.16  -0.21   0.31  -0.32   0.95   1.64  -0.15  -0.26  -0.01  -0.20   
1920 -0.64   0.35   0.15   0.72   0.04   0.79   1.07   1.47   1.53  -0.55   0.06   0.49   
1921 -0.36  -0.13  -0.94  -1.21  -0.90  -1.20  -1.41  -1.49  -1.57  -2.38  -2.23  -2.46   
1922 -2.39  -2.24  -1.77  -2.12  -2.30  -1.40  -0.93  -0.95  -1.40  -1.91  -2.84  -2.96   
1923 -2.07  -2.03  -1.86  -1.68  -2.16  -2.89  -2.90  -3.53  -3.41  -3.24  -3.51  -3.38   
1924 0.41   0.77   0.49   1.33   1.91   2.11   1.45   1.26   2.02  -0.76  -1.28  -1.58   
1925 -1.04  -1.48  -1.75  -2.18  -2.42  -2.79  -1.88  -2.47  -2.94  -2.29  -2.22  -2.28   
1926 -2.28  -1.37  -1.75  -2.06  -2.63  -2.63  -2.42   0.41   0.79   0.99   1.34  -0.05   
1927 -0.59  -0.44  -1.30  -1.10  -1.22  -1.15   0.30   1.48   1.01   2.63   2.17   2.23   
1928 1.57   1.79   1.38   1.96   1.13   2.30   2.61   3.09   3.21  -0.65  -1.23  -1.91   
1929 -0.02   0.37  -0.48   0.98  -0.23  -0.54  -1.37  -2.04  -1.88  -1.14  -1.37  -1.39   
1930 -1.60  -1.58  -1.86  -1.96  -2.50  -2.20  -2.55  -3.14  -3.77  -4.28  -4.69  -4.99   
1931 -5.15  -5.05  -4.40  -4.36  -3.90  -3.42  -2.29  -1.58  -1.95  -2.14  -3.01  -3.51   
1932 -2.97  -3.21  -1.81  -2.12  -1.99  -1.97  -2.29  -2.40  -2.97   1.06   2.21   1.82   
1933 1.11   1.10   1.69   2.05   2.24   1.59   1.87   4.22   4.17  -0.11  -0.73  -0.90   
1934 -0.84  -1.03  -0.81  -0.80  -0.74  -0.84  -0.92   0.08   1.49  -0.22   0.13   0.05   
1935 0.21  -0.08  -0.61  -0.64  -1.14   0.24   0.48   0.07   0.75   0.97   1.51   1.02   
1936 2.16   2.11   2.54  -0.12  -0.89  -0.45  -0.98  -0.90  -1.35  -1.59  -2.39   0.43   
1937 1.24   0.96   0.46   0.78   0.35   0.38   0.06   0.63  -0.64   1.15   1.19  -0.59   
1938 -0.71  -0.88  -1.37  -1.85  -1.81   1.48   2.41   2.10   3.02   2.74   2.48   2.21   
1939 2.18   3.13   2.81   3.11  -0.98  -0.86  -1.46  -0.90  -1.36  -0.83  -1.57  -1.99   
1940 -2.42   0.08   0.87   1.91   1.89   1.24   0.65   1.13   1.33   1.25   1.64  -0.09   
1941 -0.12  -0.46  -0.61  -1.28  -2.06  -1.74  -1.01  -1.09  -2.02  -2.81  -3.17  -3.04   
1942 -3.00  -2.81  -2.10  -2.82  -2.65  -2.46   0.51   1.92   1.87   2.36   2.21   2.63   
1943 -0.16  -0.57  -0.76  -0.72  -0.11  -0.42  -0.69  -1.67  -2.55   1.41   1.53  -0.62   
1944 -0.62  -0.91   0.86   1.44  -0.72  -0.59  -1.68  -2.31  -1.63  -1.75  -1.38  -1.08   
1945 -0.85  -0.75  -1.62  -1.56   0.36   0.62   1.98   2.01   2.45   2.06   2.60   2.78   
1946 -0.68  -0.85  -1.16  -1.95   0.83   2.01   2.11   2.29  -0.12  -0.39  -1.19  -1.50   
1947 -1.24  -1.45  -1.70  -1.64   1.03   1.09   1.14  -0.18  -0.48  -1.28   0.71   0.16   
1948 0.57   0.37   0.24   0.26   1.43   1.64  -0.23   0.23  -0.45  -0.76   0.12   0.80   
1949 1.65   1.60  -0.66  -0.65  -0.53  -1.79  -1.44  -1.85  -1.84  -2.17  -2.96  -3.11   
1950 -3.40   0.51   1.07   0.41   0.59   0.04   0.10   0.25   0.34   0.04   0.61   0.72   
1951 0.75   1.11   1.12  -0.37  -0.70  -0.19  -0.58  -1.29  -1.64  -1.79   0.84   1.45   
1952 1.90   1.26   1.68   2.79   3.05   2.07   1.91   1.82   2.04   1.25   1.69   1.87   
1953 2.44   2.00   2.60   2.75   3.34  -0.14  -0.34  -1.12  -1.33  -1.28  -1.67  -1.18   
1954 -1.56  -2.11  -1.76  -1.82  -1.78  -2.44  -3.21  -2.27  -2.47  -2.60  -2.38  -2.21   
1955 -2.96  -2.67  -1.95  -2.33  -2.99  -2.38  -3.50   2.37   1.82   2.53  -0.46  -1.39   
1956 -1.52   0.65   1.20  -0.18  -0.51   0.03   0.35   0.07   0.15   0.27   0.56   0.61   
1957 -0.54  -0.55  -0.84  -0.38  -1.22  -1.69  -2.68  -3.54  -3.57  -3.79  -3.84   0.52   
1958 0.88   1.42   1.96   2.15   1.84   1.65   2.15   2.23   2.12   2.34   2.16  -0.62   
1959 -0.88  -1.15  -1.15  -1.41  -2.26   0.07   0.12   0.32  -0.43   0.26   0.19   0.47   
1960 0.42   0.80  -0.44  -0.66   0.55   0.02   0.61   0.34   1.91   1.64   1.16   0.91   
1961 0.72   0.80   1.05   1.77   1.38   1.00   1.69  -0.04  -0.72  -1.32  -1.67  -1.65   
1962 -1.73  -0.99  -0.95  -0.72  -1.41  -1.31  -2.12  -1.78  -1.59  -1.86  -1.32  -1.33   
1963 -1.57  -1.67  -1.43  -2.35  -2.85  -2.98  -3.41  -3.45  -2.62  -3.65  -2.54  -2.67   
1964 -1.96  -1.59  -2.04  -0.87  -1.81  -2.40  -2.36  -3.18  -3.28  -3.59  -4.08  -3.63   
1965 -3.49  -3.04  -2.86  -3.07  -3.62  -3.94  -3.67  -3.48  -3.48  -3.42  -3.89  -4.47   
1966 -3.91  -2.94  -3.39  -2.85  -2.75  -3.64  -4.05  -4.64   0.85   1.23   1.00   1.23   
1967 0.53   0.14   0.73   0.33   0.56   0.05   0.66   1.77   1.34   1.21   0.94   1.63   
1968 -0.30  -1.07  -0.86  -1.41   0.92   1.45  -0.67  -1.46  -1.78  -1.86  -1.77  -1.74   
1969 -2.23  -2.54  -2.74  -2.97  -3.22   0.25   1.73   1.31   1.27   0.57   0.13   1.30   
1970 -0.84  -0.89   0.17   0.83   0.12   0.51   0.75  -0.02  -0.78   0.10   0.67   0.64   
1971 0.37   1.56  -0.25  -0.73   0.66  -0.93   0.17   1.88   2.61   2.75   3.18   2.16   
1972 1.68   2.42   1.94   2.00   1.99   4.33   3.59   2.46   1.35   1.45   2.92   3.49   
1973 3.43   3.18   2.45   3.43   3.53   3.87  -0.50  -0.82  -0.71  -0.87  -1.75   1.21   
1974 1.19  -0.48   0.26   0.15   0.17   0.41  -0.55   0.03   0.65  -0.17  -0.77   0.31   
1975 0.70   0.76   1.03   1.05   1.03   2.48   3.62   2.81   4.29   4.22   3.69   3.13   
1976 3.56  -0.47  -1.10  -1.67  -1.43  -1.43   0.29   0.29   0.23   1.64  -0.70  -1.01   
1977 -1.32  -1.69  -1.03  -0.61  -1.57  -1.15  -1.68   0.33   0.28   0.56   1.40   2.28   
1978 3.98   2.99   3.07   2.12   2.60   2.12   2.22   2.60   1.82   1.27   0.61   1.13   
1979 3.44   4.26   3.19   3.00   3.05   2.68   2.56   2.35   3.46   4.31  -0.05  -0.53   
1980 -1.03  -1.76  -0.56  -0.16  -0.23  -0.35  -0.78  -1.72  -2.40  -2.02  -1.95  -2.58   
1981 -3.30  -2.35  -2.84  -2.51  -2.16  -1.77  -1.59  -1.80  -1.63  -1.26  -1.72   0.16   
1982 0.53   0.60   0.09   0.97   0.65   2.23  -0.36  -0.65  -0.80  -1.36  -1.37  -1.81   
1983 -1.68   0.25   0.99   2.79   3.04  -0.19  -1.24  -1.99  -2.49   0.50   1.30   2.90   
1984 2.03   2.41   2.93   2.95   3.78   3.43   4.47  -0.27  -0.56  -0.60  -0.83  -1.13   
1985 -1.70  -1.62  -2.22  -3.12   0.18  -0.23   0.13   0.21   1.08   0.66   1.48  -0.55   
1986 0.16   0.52  -0.63  -0.46  -1.30  -1.96  -1.78  -1.35  -1.73  -2.04   0.84   1.47   
1987 1.72  -0.68  -1.36  -1.21  -1.35  -1.84  -1.87  -1.86   1.09   1.42   1.52  -0.46   
1988 -0.64  -0.28  -0.80  -0.98  -0.12  -1.12   0.77   0.40   0.15   0.06   0.62  -0.70   
1989 -0.92  -0.79  -0.59  -1.08   1.72   2.38   3.30   2.59   2.85   3.26  -0.21  -0.94   
1990 -0.27  -0.67  -1.28  -1.29   0.98   0.53   0.25   0.91   0.48   0.50   0.05   0.84   
1991 -0.04  -0.80  -0.65  -1.03  -1.56  -2.10  -2.03  -2.05  -1.77  -1.90  -2.21  -1.95   
1992 -2.28  -2.58  -2.10  -2.52   0.17   0.05   0.35   0.05   0.31   0.19   0.77   0.92   
1993 0.42   0.40   1.80   2.75  -0.86  -1.23  -1.63  -1.78   1.04   1.45   1.56   1.97   
1994 2.69   2.73   3.50   2.74   2.52   1.92   2.39   2.83   2.63  -0.34  -0.16  -0.43   
1995 -0.20  -0.38  -0.85  -1.37  -1.19  -1.57  -1.38  -2.35  -2.27   1.34   1.66   1.28   
1996 2.38   1.81   1.96   2.28   2.06   2.35   3.33   3.06   3.38   4.47   4.54   5.64   
1997 -0.04  -0.50  -0.29  -0.82  -0.82  -1.18  -1.10  -1.15  -1.29  -1.60  -1.46  -1.48   
1998 0.37   0.76   1.07   1.38   1.57   1.97  -0.39  -0.77  -1.44  -1.26  -1.98  -2.94   
1999 -1.73  -1.43  -1.13  -1.14  -1.60  -2.24  -3.40  -3.24   2.52   2.62   2.11   1.83   
2000 1.60   1.27   1.87   1.59   1.47   1.65   1.41   1.26   2.04  -0.43  -0.70   0.43   
2001 0.29   0.13   0.70  -0.51  -0.53  -0.49  -0.77  -1.28  -1.14  -2.04  -3.04  -3.78   
2002 -3.97  -4.64  -4.01  -3.83  -3.19  -2.75  -3.48  -3.93  -3.65   1.32   1.65   2.30   
2003 1.66   2.46   2.43   1.93   1.90   3.33   2.85   3.17   4.56   5.57   5.32   5.48   
2004 4.52   4.03   3.23   3.43   2.66   2.91   4.06   4.35   5.82   5.30   5.21   4.98   
2005 5.07   4.29   4.18   4.28  -0.62  -1.02  -0.56  -1.29  -2.29   2.47   2.25   2.14   
2006 2.43  -0.21  -1.20  -1.11  -1.47   2.64   2.54   2.07   2.72   3.46   3.77   2.96   
2007 2.62   2.36   2.44   3.65   2.46   2.24   2.02   1.93   0.90   1.42   1.20   1.85   
2008 0.99   2.17   2.20  -0.29   0.35  -0.51  -0.51  -1.19   0.73   0.80   0.65   1.70   
2009 -0.31  -1.17  -1.82   0.06   0.51   1.12   1.18   2.41   2.61   3.82   2.95   3.84   
2010 3.20   3.51   3.80  -0.60  -0.75  -1.31  -0.91  -1.59  -1.52   1.45   1.11   0.98   
2011 0.68   0.61   1.47   2.41  -0.13  -0.56  -1.25   2.74   5.52   5.71   5.53   5.25   
2012 4.63   3.24   1.92   1.32   1.33   1.05   0.78   0.74   1.10   2.59   1.80   1.96   
2013 2.07   1.59 -99.99 -99.99 -99.99 -99.99 -99.99 -99.99 -99.99 -99.99 -99.99 -99.99   
