1895 0.16  -0.50  -0.94  -1.05  -1.67  -2.32  -2.61  -2.88  -3.66  -3.88  -4.48  -4.52   
1896 -4.76  -2.86  -1.94  -2.97  -3.89  -3.85  -3.32  -4.08  -3.42  -3.03  -2.95  -3.52   
1897 -3.55  -3.37  -3.26  -3.31  -2.73  -2.53  -1.65  -1.78  -2.03  -2.78  -2.44  -1.89   
1898 -1.45  -1.40  -1.82  -1.78  -1.37  -1.77  -2.45  -1.41  -2.26   0.51   0.61  -0.19   
1899 -0.58   0.33   0.87  -0.89  -1.40  -1.94  -2.17  -2.37  -1.58  -2.22  -2.80  -2.76   
1900 -2.62  -1.73  -1.24  -2.16  -2.66  -3.14  -3.18  -3.79  -4.46  -4.75  -4.68  -4.87   
1901 -4.72  -4.96   0.34   0.84   1.25   0.63   0.01   0.96  -0.06  -0.59  -0.93   0.94   
1902 0.63   1.20  -0.05  -0.12  -0.99   0.36   1.08   0.60   1.09   1.80  -1.13   0.66   
1903 0.62   0.97   0.96  -0.55  -1.97   0.95   1.05   1.89   1.28   2.23  -0.29  -0.43   
1904 0.22   0.08   0.31  -0.01  -0.47  -0.75  -0.67  -0.47  -0.23  -0.04  -0.87  -1.23   
1905 -0.65  -1.16  -0.97  -1.42  -2.56  -2.29  -2.24  -1.60  -1.52  -1.44  -1.83  -1.48   
1906 -1.79  -2.10  -1.48  -1.76  -1.82  -1.49  -1.62  -1.37  -1.97  -1.32  -1.88  -1.59   
1907 -1.66  -1.88  -1.92  -2.10  -2.33  -2.14  -2.50  -3.09   1.08   1.48   1.56   1.87   
1908 1.41   2.02  -0.02  -0.31   0.38  -0.77  -0.99  -1.59  -2.45  -3.03  -4.56  -5.16   
1909 -5.10  -3.88  -3.69  -2.79  -3.38  -3.64  -4.25  -5.04  -5.26  -5.58  -6.94  -7.18   
1910 -5.91  -4.73  -5.52  -5.06  -4.89  -4.66  -5.05  -5.26  -4.57  -5.29  -5.69  -5.81   
1911 -5.57  -5.08  -4.82  -4.65  -5.24  -4.85  -5.28  -3.98  -3.04  -2.41  -2.22  -2.21   
1912 -2.56  -2.52  -1.88  -1.60  -1.95  -2.65  -2.73  -2.19  -1.20  -1.14  -1.27  -1.18   
1913 -0.69  -1.00  -0.61  -0.88  -1.14  -1.87  -2.36  -3.10  -3.12  -2.21  -2.24  -2.29   
1914 -2.08  -2.00  -1.92  -1.38  -1.71  -1.95  -1.78  -2.01  -2.91  -3.83  -4.89  -4.72   
1915 -3.29  -2.33  -3.04  -3.75  -3.67  -3.61  -2.97  -1.57  -1.96  -2.07  -2.60  -2.12   
1916 -2.72  -2.00  -1.66  -1.56  -2.05  -1.41  -1.45  -2.25  -2.12  -2.59  -3.32  -3.54   
1917 -3.24  -3.35  -3.06  -3.67  -3.47   0.58   0.18   1.30   0.89   2.36  -0.95  -1.39   
1918 -1.39  -1.20  -1.78  -1.79  -1.78  -1.67  -2.04  -2.28  -1.66  -1.71  -2.29  -2.28   
1919 -2.47  -2.47  -2.31  -2.62  -2.08  -2.40  -1.76  -1.04  -1.46  -1.68  -1.26  -1.56   
1920 -1.84  -1.61  -1.68  -1.71  -2.33  -2.26  -2.09  -2.02  -1.65  -2.39  -2.29  -1.96   
1921 -2.21  -2.05  -2.48  -3.09  -3.29  -3.61  -3.77  -3.88  -3.64  -3.95  -3.28  -3.52   
1922 -3.49  -3.35  -2.95  -3.10  -3.58  -2.37  -2.63  -2.60  -3.44  -3.71  -4.97  -5.63   
1923 -4.84  -4.66  -4.58  -4.68  -4.60  -4.82  -4.67  -5.11  -4.87  -4.66  -4.84  -4.29   
1924 -3.57  -3.11  -3.44   0.30   0.78   0.54   0.27   0.18   1.35  -0.96  -1.72  -2.29   
1925 -1.68  -1.64  -1.92  -2.43  -2.25  -2.45  -1.94  -2.56  -2.71  -2.20  -2.04  -2.32   
1926 -2.29  -1.46  -1.93  -2.29  -3.05  -2.87  -2.94   0.09   0.72   1.03   1.49  -0.52   
1927 -0.82  -0.30  -0.90  -1.58  -1.50  -1.77  -1.46  -1.04  -1.63   1.48   2.45   2.68   
1928 2.11   2.08   1.78   2.16   1.26   2.21   2.16   2.07  -0.44  -1.17  -1.98  -2.98   
1929 -2.88  -2.64  -2.94  -1.93  -1.73  -2.13  -2.84  -3.40  -3.31  -2.69  -2.75  -2.66   
1930 -2.96  -2.89  -2.68  -2.89  -2.96  -2.69  -3.11  -4.10  -4.49  -5.19  -6.38  -7.04   
1931 -7.25  -7.26  -6.97  -6.40  -4.71  -4.54  -3.49  -3.68  -3.59  -4.32  -5.60  -5.69   
1932 -4.71  -4.27  -3.29  -3.56  -2.85  -3.24  -2.92  -3.48  -3.93   0.83   1.32  -0.73   
1933 -1.07  -1.47  -0.98  -0.86  -0.73  -1.23   0.09   2.04   2.92  -0.01  -0.36  -0.54   
1934 -0.83  -1.44  -1.18  -1.41  -2.36  -2.68  -2.63  -2.40  -0.83  -1.32  -1.19  -1.32   
1935 -1.14  -1.26  -1.63  -1.41  -1.59  -1.18  -0.92  -0.87  -1.04  -1.12  -0.87  -0.98   
1936 -0.67  -1.10   1.76  -0.29  -0.81  -1.10  -2.22  -1.28  -2.10  -1.94  -1.92   0.06   
1937 0.88   0.77   0.18   0.79   0.33   0.59   0.20   2.00   1.46   2.68   0.02  -0.31   
1938 -0.23  -0.05  -0.77  -1.25  -1.38   0.41   0.38  -0.39   0.84   0.22   0.23   0.36   
1939 0.53   0.99  -0.05  -0.36  -1.50  -1.86  -2.26  -2.93  -2.38  -1.85  -2.54  -2.50   
1940 -2.83   0.71   1.63   2.05   2.07   1.81   1.33   1.75   0.04  -0.21  -0.25  -0.25   
1941 -0.35  -1.17  -1.21  -1.58  -2.38  -2.19  -1.31  -1.22  -2.20  -2.49  -3.10  -2.80   
1942 -2.71  -2.19  -1.75  -2.55  -2.20  -2.59   0.73   0.45   1.08   1.43   1.56   2.46   
1943 2.07   1.38   1.37   1.97   2.58  -0.65  -0.68  -0.90  -1.95   1.35   1.52  -0.80   
1944 -1.41  -1.45   0.14   0.33   0.60   1.10  -0.50  -1.33  -1.35  -1.25  -1.33   0.34   
1945 0.69   0.65  -0.59  -0.67   0.91   1.04   1.66   1.31   1.95   2.11   3.42  -0.16   
1946 -0.66  -0.67  -1.07  -1.94   1.97   2.26   2.62   3.10   3.34   3.08   1.92   1.38   
1947 1.49   0.78   0.76   1.62   2.70   2.40   3.87   3.66   3.05   1.64   1.54   0.86   
1948 1.19   0.88   1.33   2.25   2.34   2.28   2.36  -0.34  -1.29   0.03   0.57   1.05   
1949 1.06   0.75   0.12   0.53   0.90  -1.04  -1.47  -1.12  -0.81  -1.30  -2.00   0.00   
1950 0.41   1.09   1.82   1.57   1.28   1.25   1.65   2.79   3.07   2.69   3.87   4.06   
1951 3.76   3.84   4.26  -0.12  -0.91  -0.47  -0.42  -0.91  -1.30  -1.90   0.20   0.90   
1952 1.21   1.00   1.46   1.66   2.24  -1.03  -0.59  -0.58  -0.74  -1.16   0.16   0.65   
1953 1.08   0.73   1.02   1.17   1.77  -0.62  -1.30  -2.04  -2.11  -2.41  -2.91  -2.90   
1954 -2.69  -2.28  -2.00  -1.44  -0.84  -1.19  -1.74  -1.26  -1.48  -2.05  -2.13  -1.67   
1955 -2.26  -1.75  -1.37  -1.84  -2.59  -3.03  -3.81   1.37   0.96   2.88   2.61   1.53   
1956 0.95   1.53   2.17   1.96   1.38   0.83   1.76   1.87   2.18   1.89   1.81   2.25   
1957 1.83   1.23   0.94   1.95  -0.37  -0.40  -0.52  -0.93  -0.86  -1.06  -1.55   0.84   
1958 1.58   2.02   1.85   2.27   2.01   2.01   2.59   2.33   2.79   2.76  -0.14  -0.87   
1959 -0.47  -0.50  -0.56  -0.34  -1.30  -1.71  -2.26  -1.63  -2.20   0.92   2.05   2.28   
1960 2.14   2.61   2.03   1.67   2.21   2.88   2.86   2.53   3.37  -0.28  -0.87  -1.44   
1961 -1.60   0.39   0.29   1.48   1.22   1.29   1.36   1.47  -1.06  -1.66  -2.03  -2.40   
1962 -1.88  -1.35  -1.64  -0.92  -2.06  -2.59  -3.03  -3.00  -2.43  -1.72  -1.66  -1.55   
1963 -1.61  -1.90  -1.71  -2.24  -1.76  -2.47  -2.25  -2.50  -2.55  -3.79   0.28  -0.26   
1964 0.90   0.81   1.33   1.45  -0.91  -1.51  -1.96  -2.37  -3.39  -4.08  -5.25  -5.38   
1965 -4.80  -4.71  -4.70  -4.30  -4.39  -4.31  -4.42  -3.54  -3.33  -2.85  -2.83  -3.14   
1966 -2.43  -1.80  -1.76  -1.93  -1.85  -2.38  -3.23  -4.08  -3.43  -3.59  -3.18  -3.15   
1967 -3.44  -3.52   0.90   0.48   1.04   0.58   1.08   1.81   1.55   2.01   2.32  -0.24   
1968 -0.20  -1.17  -1.10  -1.94   1.01   1.31  -1.02  -1.58   0.44   0.19   0.76   0.71   
1969 -0.61  -1.16  -1.94  -1.61  -1.92   0.49   1.03  -0.23  -0.94  -1.22   0.54   1.54   
1970 -0.81  -0.56  -0.80  -0.98  -1.02  -1.38   0.61   0.78   0.65   1.09   1.40   1.31   
1971 0.78   1.87  -0.21  -0.77  -0.89  -1.39  -1.16  -1.35  -1.00  -1.54  -1.66  -1.27   
1972 -1.48   0.53   0.62   0.61   0.79   3.75   2.89   2.20   1.50   1.17   2.76   2.90   
1973 2.61   2.22   1.46   1.73   1.73   1.74   1.73   1.53   1.87   1.57   1.10   2.17   
1974 2.14   1.80   2.15   1.41   1.04   1.30   1.25   0.80   1.41   0.87   1.05   1.32   
1975 1.22   1.59  -0.27  -0.84   0.12   0.66   0.67   1.02   3.70   3.48   2.79   2.84   
1976 3.12   2.81   2.35   1.53   1.54   1.96   2.19   2.02   1.82   3.46  -0.49  -0.84   
1977 -1.19  -1.37  -0.77  -0.74  -1.61   0.54   0.78   1.24   2.72   3.32   3.61   4.25   
1978 6.26   5.15   4.40   3.61   3.73   3.59   3.33   3.70   3.39   3.47   2.62   2.80   
1979 4.41   4.04   3.25   2.55   2.44   1.95   1.55   1.73   2.20   2.64   2.76  -0.27   
1980 -0.91  -1.46   1.09   1.51  -0.92  -0.79  -1.07  -2.20  -2.85  -2.60  -2.59  -2.94   
1981 -3.42  -1.39  -2.20  -2.14  -2.40  -1.64  -1.53  -2.23  -2.08   1.02   0.86   0.67   
1982 0.71   1.14  -0.49  -0.64  -0.99   1.56  -0.27  -0.97  -1.26  -2.11  -2.08  -2.18   
1983 -2.23  -2.30   0.04   2.22   1.94   2.63  -0.97  -1.48  -2.25  -2.40   0.05   1.70   
1984 1.14   1.96   2.02   2.70   3.59   2.88   3.24   3.15  -0.48  -0.95  -1.02  -0.88   
1985 -1.53  -1.76  -2.06  -2.75   0.14   0.45   0.97   1.56   1.52   1.05   2.09  -0.45   
1986 -0.52  -0.30  -0.26  -0.20  -0.81   0.74   1.42   1.42   0.97   0.74   1.79   1.42   
1987 1.65  -0.86  -1.55  -0.75  -1.45  -1.04  -0.84  -0.96  -0.79  -0.71  -0.83  -1.02   
1988 -1.43  -0.98  -1.54  -1.87  -1.60  -2.39  -2.72  -2.44  -2.87  -2.99  -3.32  -3.88   
1989 -3.93  -3.73  -2.92  -3.22   1.45   2.46  -0.17  -0.71  -0.37  -0.07  -0.04  -0.84   
1990 -0.51  -0.42  -1.24  -1.62  -1.29  -1.60   0.50   1.12   0.94   2.42   2.07   2.94   
1991 -0.13  -0.49  -0.29  -0.59  -1.76  -3.13  -3.50  -4.04  -3.85  -4.18  -4.31  -3.88   
1992 -3.44  -3.39   0.58   0.58   0.48   0.01   1.27   1.44   1.72   1.79   2.36   2.41   
1993 2.21   1.62   2.66   4.83   3.35   2.95   1.71   1.62   1.91   1.59   2.17   1.98   
1994 2.66   2.23   2.90   2.28   1.60   2.57   2.72   4.69   4.21   3.33   3.29   2.92   
1995 3.35  -0.20  -1.13  -1.03  -1.34  -1.79  -2.05  -2.89   0.04   1.46   2.34   1.84   
1996 4.44   3.92   3.57   4.07   3.89   3.60   3.58   2.85   3.46   3.99   4.63   5.71   
1997 5.03   4.33   4.00   2.92   2.45   1.98   1.27   1.74   1.71   0.96   1.68   1.62   
1998 2.40   2.90   2.85   3.20   2.90   3.51   3.27  -1.00  -1.70  -1.54  -2.42  -2.98   
1999 -1.18  -1.53  -0.74  -0.77  -1.59  -1.69  -2.10  -2.51   1.43   1.02   1.05   0.79   
2000 0.86   1.31   1.10   2.12   2.48   2.79  -0.26  -0.50  -0.34  -0.31  -0.59  -0.48   
2001 -0.82  -1.23   1.13  -0.48  -1.23   0.65   0.13   0.24   1.47  -0.25  -0.68  -0.54   
2002 -0.54  -0.65   0.44   0.25   0.98   1.60  -0.62  -1.30   0.30   1.06   1.23   1.73   
2003 1.80   1.98   1.86   1.46   1.30   2.51   2.99   3.17   4.55   4.98   4.72   5.05   
2004 4.84   4.15   3.27   3.07   3.24   3.01   5.32   6.04   7.92   7.17   6.74   6.68   
2005 7.43   6.66   6.70   6.46   5.10   4.23   3.30   3.34   2.36   3.53   4.26   3.86   
2006 4.66   4.00   3.01   2.32   1.93   3.80   4.17   4.34   4.54   4.97   4.88   4.05   
2007 4.26   3.80   3.75   3.82   2.73   2.04   1.76   1.75   1.20   1.44   2.05   2.84   
2008 2.40   3.87   5.53   4.56   3.96   3.66   3.80   3.18   3.02   2.95   2.28   2.93   
2009 2.60   1.79   1.19   0.74   1.09   1.63   2.37   2.97   2.50   2.95   2.03   2.11   
2010 2.67  -0.27  -0.17  -0.90  -1.47  -1.68  -1.72  -1.73  -2.22   1.52   1.46   1.82   
2011 1.25   1.77   3.03   5.30   5.56   4.22   2.64   3.25   5.80   5.98   5.39   5.24   
2012 5.13  -0.52  -1.30  -1.48  -1.77  -1.91  -2.10  -1.95   0.49   0.87   0.02   1.21   
2013 1.48   1.23 -99.99 -99.99 -99.99 -99.99 -99.99 -99.99 -99.99 -99.99 -99.99 -99.99   
