1895 0.35  -0.66  -1.16  -1.31  -1.97  -2.47  -2.83  -2.99  -3.85  -4.19  -5.05  -5.36   
1896 -5.51  -4.12  -3.41  -4.18  -4.85  -4.63  -3.58  -4.07  -3.49  -3.02  -2.90  -3.37   
1897 -3.47  -2.96  -3.00  -3.14  -2.82  -2.94  -2.33  -2.62  -2.87  -3.56  -3.30  -2.75   
1898 -2.02  -2.11  -1.91  -1.95  -1.94  -2.59  -3.16  -2.14  -2.86  -2.21  -2.05  -1.98   
1899 -1.84  -1.25  -0.85  -1.71  -1.96  -2.34  -2.53  -2.63  -2.05  -2.65  -3.06  -2.99   
1900 -2.93  -2.14  -1.88  -2.79  -3.47  -3.84  -3.67  -4.20  -5.10  -5.45  -5.57  -6.01   
1901 -5.80  -5.98  -5.19  -4.24  -3.59  -3.84  -4.22  -3.32  -3.16  -3.71  -4.13  -3.21   
1902 -3.07  -2.44  -2.31  -2.10  -2.95   0.29   0.86  -0.64  -0.34  -0.01  -1.08   0.74   
1903 0.57   1.31  -0.08  -0.45  -1.57   0.75   0.94   1.23  -0.43  -0.13  -0.27  -0.50   
1904 -0.34  -0.41   0.41  -0.14  -0.52  -0.77  -0.70  -0.87  -1.02  -1.15  -2.16  -2.65   
1905 -2.27  -2.49  -2.19  -2.48  -3.08  -3.06  -3.04  -2.23  -2.20  -1.67  -1.68  -1.36   
1906 -1.45  -1.78  -1.20  -1.68  -2.10  -1.78  -1.79  -1.46  -1.91  -1.40  -2.06  -1.51   
1907 -0.73  -1.11  -0.81  -1.28  -1.71  -1.34  -1.52  -2.00   0.87   1.02   0.85   1.15   
1908 0.74   1.48   1.74   1.46   1.62  -0.98  -1.19  -1.87  -2.73  -3.44  -4.90  -5.66   
1909 -5.18  -3.76  -3.67  -2.70  -3.14  -3.15  -3.66  -4.50  -4.88  -4.88  -6.08  -6.37   
1910 -4.81  -3.94  -5.15  -4.99  -4.86  -4.53  -4.97  -5.26  -4.60  -4.96  -5.36  -5.44   
1911 -4.65  -4.42  -4.48  -4.00  -4.77  -4.50  -4.98   0.61   1.12   1.57  -0.28  -0.33   
1912 -0.79  -0.96  -0.52  -0.38  -1.24  -1.60  -1.44   0.42   1.06   0.83   0.20   0.09   
1913 0.93  -0.43  -0.12  -0.61  -0.78  -1.69  -1.84  -2.66  -2.62  -2.13  -2.39  -2.37   
1914 -2.21  -1.98  -2.33  -1.80  -2.16  -2.42  -2.45  -2.50  -3.29  -3.73  -4.79  -4.48   
1915 -3.34  -2.68  -3.30  -4.06  -3.73  -3.62  -2.83  -1.69  -2.11  -2.15  -2.49  -2.03   
1916 -1.86  -1.57  -1.16  -1.23  -1.86  -1.02  -1.27  -1.83  -1.58  -1.81  -2.42  -2.55   
1917 -2.05  -2.41  -2.35  -3.03  -3.08   0.28  -0.30   1.43   1.15   2.52  -0.88  -1.51   
1918 -1.31  -1.27  -1.96  -1.71  -1.78  -2.03  -2.37  -2.40  -2.00  -1.89  -2.42  -2.27   
1919 -2.32  -2.41  -2.58  -2.98  -2.25  -2.55   0.07   0.67  -0.69   0.33   1.26  -0.19   
1920 -0.33  -0.51  -0.98  -0.96  -1.73  -1.61  -1.53  -1.50  -1.26  -1.98  -2.20  -2.34   
1921 -2.31  -2.22  -2.65  -3.30  -3.63  -4.09  -4.35  -4.26  -3.82  -3.94  -3.14  -2.97   
1922 -3.13  -3.21  -2.84  -2.96  -3.68  -3.40  -3.71  -3.69  -4.64  -4.83  -5.96  -6.64   
1923 -5.63  -5.33  -5.46  -5.44  -5.10  -5.57  -5.35  -5.38  -5.13  -5.21  -5.45   0.40   
1924 0.77   0.68   0.33   0.16   0.44   0.70   0.35   0.22   1.43  -0.92  -1.77  -2.24   
1925 -2.00  -2.01  -2.65  -3.14  -2.95  -3.52  -2.95  -3.36  -3.83  -2.89  -2.61  -3.08   
1926 -2.89  -2.07  -2.66  -3.14  -3.84  -3.79  -4.03   0.00   0.52   0.97   1.29   0.82   
1927 0.80   1.05  -0.52  -0.75  -0.81  -0.97  -0.74  -0.87  -1.48   0.67   1.13   1.45   
1928 0.86   1.02   0.72   1.46  -0.87   1.19   1.34  -0.16  -0.53  -1.10  -1.89  -2.80   
1929 -2.45  -2.19  -2.79  -2.03  -1.77  -2.13  -2.55  -2.95  -2.95  -2.00  -1.78  -1.93   
1930 -2.11  -1.95  -2.07  -2.43  -2.65  -2.61  -3.30  -4.34  -4.79  -5.52  -6.73  -7.57   
1931 -7.44  -7.42  -7.13  -6.02  -3.90  -4.11  -2.91  -2.26  -2.37  -2.95  -3.73  -3.66   
1932 -2.55  -2.80  -2.25  -2.51  -2.24  -2.44  -2.25  -2.32  -3.05   0.41   0.80  -0.36   
1933 -0.74  -0.91   0.85   0.99   1.60  -0.64  -0.74   0.88   1.17  -0.12  -0.28  -0.15   
1934 -0.08  -0.71  -0.79  -0.96  -2.01  -2.47  -2.66   0.29   0.98  -0.47  -0.26  -0.51   
1935 -0.40  -0.10  -0.59  -1.07  -0.92  -0.83  -0.05  -0.56  -0.74  -1.02  -1.02   0.25   
1936 0.65   0.10   2.25  -0.22  -1.06  -1.07  -1.79   0.55  -0.65   0.26   0.23   0.60   
1937 2.07   1.72   0.81   2.03   1.61   1.01   1.05   1.72   0.87   2.07   1.68   1.92   
1938 1.73   1.80  -0.20  -0.51  -0.44  -0.29  -0.52  -1.39  -1.34  -2.09  -2.59  -2.96   
1939 -2.36  -1.27  -1.04  -1.14  -2.00  -2.07  -2.57  -3.53  -3.19  -2.73  -3.41  -3.70   
1940 -3.84  -3.00  -1.94  -1.01  -1.06  -1.03  -1.13  -1.40  -0.86  -1.32  -0.99  -0.69   
1941 -0.67  -1.58  -1.88  -2.60  -3.32  -2.88  -2.38  -1.39  -2.02  -2.00  -2.30  -1.80   
1942 -2.03   0.06   0.82  -0.75  -0.46  -0.90   1.13   0.91   1.23   1.50   1.69   2.74   
1943 2.52   1.98   1.49   2.66   3.08  -0.40  -0.34  -0.54  -1.45   0.63   0.84  -0.61   
1944 -0.82  -0.97   0.49   0.80   1.11   1.35  -0.79  -1.46  -1.20  -1.06  -1.38   0.65   
1945 0.54   0.65   0.78   1.16   1.91   1.72   1.69   1.17   2.59   2.70   3.87  -0.13   
1946 -0.68  -0.37  -0.75  -1.71   1.28   2.22   2.16   2.43   2.72   3.01  -0.72  -0.84   
1947 -0.31  -0.96  -1.26   0.23   0.76   0.82   1.25  -0.15  -0.51  -1.53  -1.12  -1.57   
1948 0.21   0.13   0.29   1.61   1.54   1.66   1.61  -0.04  -0.96  -0.86   0.48   1.17   
1949 1.46   1.41  -0.68  -0.48  -0.58  -1.69  -2.14  -2.19  -2.05  -2.52  -3.26  -3.12   
1950 1.13   1.59   2.08   1.75   1.30   0.75   1.23   1.20   0.94   1.39   3.70   3.74   
1951 3.95   3.92   4.24   3.93  -0.60   0.55  -0.37  -1.28  -1.67  -2.37   0.00   0.95   
1952 1.91   1.81   2.06   2.31   2.74  -1.20  -1.68  -1.52  -1.66  -2.09  -2.11  -1.99   
1953 0.49   0.28   0.54   0.72   2.34  -0.62  -0.88  -1.32  -1.37  -2.17  -2.63  -2.84   
1954 -2.71  -2.62   0.77   0.88  -0.37  -0.60  -0.83  -0.53  -0.90   0.78   0.56   0.98   
1955 0.32   0.33   0.94  -0.34  -1.47  -1.44  -2.12   0.49   0.14   1.17   1.34  -0.92   
1956 -1.34   1.19   1.56   1.45   1.82   1.83   2.68   4.59   4.37   4.07   3.57   3.72   
1957 3.10   2.59   2.05   2.76  -0.77  -0.47  -1.02  -1.65  -1.60  -1.83  -2.48   0.50   
1958 0.88   0.59   0.26   0.26   0.27   0.54   1.75   2.17   2.45  -0.33  -0.20  -0.86   
1959 0.48   0.54   0.39   0.80  -0.78  -1.07  -1.12  -0.81  -1.91   1.25   1.89   1.68   
1960 1.57   2.04  -0.45  -1.28   1.28   0.77   1.23  -0.89  -0.70  -1.22  -1.95  -2.51   
1961 -2.59   0.55   0.47   1.36   0.86   0.97   1.16   1.13  -0.78  -1.20  -1.37  -1.63   
1962 0.05   0.39   0.27   0.60  -0.98  -1.58  -2.55  -2.72  -1.71  -1.59  -1.95  -2.07   
1963 -2.39  -2.64  -2.41  -2.87  -2.70  -3.07  -3.08  -3.07  -2.69  -3.79  -3.31  -3.31   
1964 -2.59  -2.47  -1.73  -0.61  -1.84  -2.11  -2.50  -2.05  -2.92  -3.49  -4.41  -4.55   
1965 -3.55  -3.31  -2.46  -2.31  -2.71  -3.13  -3.61  -3.13  -3.12  -2.71  -2.89  -3.33   
1966 -2.69  -1.97  -2.33  -1.93  -1.50  -2.70  -3.29  -3.64  -2.63  -2.78  -2.05  -2.25   
1967 -2.69  -2.60   0.80   0.61   1.02   0.00   0.60   1.04   1.67   1.94   1.90  -0.14   
1968 -0.46  -1.32  -1.56  -2.40  -1.11  -0.79  -1.37  -1.81  -1.61  -1.70  -1.30  -0.96   
1969 -1.26  -2.00  -2.66  -2.31  -2.53   0.01   0.88  -0.04  -0.61  -0.65   0.20   0.83   
1970 0.06   0.42   0.10   0.51   0.18   0.15   0.63   1.15   0.74   1.34   2.21   2.25   
1971 1.98   2.82  -0.31  -1.28  -1.53  -2.03  -1.56  -2.08  -1.52  -1.96  -2.29   0.30   
1972 0.24   0.85   0.37   0.78   0.64   4.31   3.95   2.78   2.31   1.76   2.59   2.91   
1973 2.53   2.46   1.64   1.78   1.81   1.83   1.77   1.38   1.51   1.72   1.72   2.10   
1974 2.20   1.52   2.40   1.68   1.61   1.92   2.26   2.20   2.88   2.23   2.02   2.38   
1975 2.21   2.59   2.21   1.64   1.53   2.34   1.97   2.48   4.63   4.12   3.48   3.42   
1976 3.21   2.95   2.16   1.09   0.92   1.70   1.83   1.98   2.39   3.71  -0.63  -1.05   
1977 -1.57  -1.87  -1.37  -1.23  -2.25   0.43   1.43   1.45   2.31   3.01   3.35   3.59   
1978 4.47  -0.78  -1.30  -1.44  -0.66  -0.75  -1.28  -0.86  -0.71  -0.57  -1.07   0.60   
1979 1.65   1.55  -0.26  -0.29  -0.30  -0.72   0.23   0.94   1.69   2.14   2.34  -0.36   
1980 -1.14  -1.78  -0.98  -0.61  -1.18  -1.09  -1.14  -1.35  -2.00  -1.67  -1.71  -2.21   
1981 -2.95   1.23  -0.99  -0.58  -0.94   0.95   1.69   0.86   0.98   2.11  -0.54  -0.89   
1982 -0.48  -0.39  -0.68  -1.02   0.13   1.15  -0.15  -0.38  -0.53  -1.28  -1.39  -1.87   
1983 -2.31  -2.57  -2.46   0.89   1.27   1.69  -0.76  -1.10  -1.53   0.00   0.29   0.99   
1984 0.27   1.01   0.90   0.71   1.58   2.39   2.43   3.32  -0.66  -0.82   0.33   0.72   
1985 -0.75  -1.04  -0.44  -1.51  -1.70  -1.60  -1.79  -1.40  -1.57  -1.94   1.50  -0.35   
1986 -0.58  -0.13  -0.58  -0.85  -1.60   0.32   0.79   0.80   0.62   0.70   1.83  -0.06   
1987 -0.09  -0.95  -1.44   0.27  -0.32   0.45   0.31   0.85   1.58   1.63  -0.26  -0.47   
1988 -1.00  -0.52  -1.10  -1.39  -1.11  -2.17  -2.34  -2.06  -1.90  -2.03  -1.92  -2.28   
1989 -2.46  -2.27  -1.68  -2.33   1.16   2.43  -0.27  -1.19  -1.00  -0.90  -0.81  -1.45   
1990 -1.04  -0.70  -1.49  -1.51   0.60   0.51   1.28   1.99   2.21   3.30   2.66   3.79   
1991 -0.07  -0.50  -0.18  -0.31  -1.33  -2.42  -3.04  -3.54  -3.32  -3.86  -4.38  -4.40   
1992 -4.39  -4.37  -3.69  -3.48  -3.60  -3.91   2.39   2.87   3.12   2.68   3.08   3.30   
1993 3.01   2.57   3.16   4.69   3.12   2.38   1.48   0.76   1.75   1.74   2.79   2.44   
1994 2.69   2.55   3.35   2.95   2.60   2.67   2.46   4.55   4.15   3.22   3.62   3.25   
1995 3.21  -0.43  -1.42  -1.39  -1.13  -1.35  -1.97  -3.28  -3.83   0.89   1.53   1.10   
1996 2.41   2.28   2.19   2.26   2.13   2.00   2.15   1.53   3.95   4.54   4.68   4.95   
1997 4.25   3.69   3.61   2.48   2.22   1.59   0.85   1.69   1.99   1.15   2.54   2.06   
1998 2.37   2.27   1.65   2.74  -0.37  -0.18  -0.96  -1.49  -2.22  -2.34  -3.47  -4.28   
1999 -2.33  -2.64  -2.49  -2.01  -2.89  -3.35  -4.16  -4.22  -3.32  -3.52  -3.31  -3.27   
2000 -3.34  -2.91  -3.20  -2.23  -2.19  -1.30  -2.04  -1.91  -1.92  -1.84  -2.20  -2.23   
2001 -2.56  -2.90  -2.09  -2.48  -2.86  -2.67  -3.11  -3.41  -2.60  -2.47  -2.87  -2.77   
2002 -2.85  -2.95   0.09   0.00   1.06   1.52  -1.06  -1.88  -1.90   0.35   0.14   0.38   
2003 0.26   0.50  -0.24  -0.72   0.24   0.41   1.57   2.39   4.20   4.23   4.53   4.68   
2004 4.73   4.22   3.42   3.69   3.47   2.95   4.91   5.16   7.31   6.52   5.88   5.54   
2005 6.34   5.83  -0.11  -0.69  -1.26  -2.08  -2.65  -2.78  -3.60  -2.68  -1.73  -1.80   
2006 -0.95  -1.35  -2.08  -2.21  -2.49   0.90   1.34   2.01   2.65   3.71   3.46   2.61   
2007 2.91   2.40   2.38   2.40  -0.80  -1.16  -1.65  -1.05  -1.74  -2.32   0.11   0.88   
2008 0.41   1.32   2.45  -0.32  -0.19  -0.45  -0.77  -1.10  -1.15  -1.37  -1.81  -0.78   
2009 -0.77  -1.08  -1.69  -1.76  -1.67  -0.04   0.80   1.21   1.02   1.82   0.89   1.50   
2010 1.69  -0.34  -0.43  -1.29  -1.38  -1.61  -1.55  -1.64  -1.86   0.82   0.93   1.56   
2011 0.94   1.76   2.60   4.74   4.41   3.36   1.66   2.08   3.91   4.67   4.37   4.39   
2012 4.39  -0.47  -1.02  -1.69  -1.32  -1.43  -1.43  -1.50   0.44   0.93   0.15   1.08   
2013 0.99   0.62 -99.99 -99.99 -99.99 -99.99 -99.99 -99.99 -99.99 -99.99 -99.99 -99.99   
