1895 0.31  -0.77  -1.12  -1.09  -1.72  -1.97  -2.35  -2.74  -3.66  -4.04  -5.08  -5.41   
1896 -5.60  -4.37  -3.69  -4.26  -4.84  -4.59  -3.17  -3.52  -2.82  -2.51  -2.30  -2.86   
1897 -3.02  -1.98  -2.27  -2.40  -1.88  -2.14  -2.24  -2.46  -2.92  -3.58  -3.32  -2.83   
1898 -2.23  -2.52  -2.01  -2.23  -2.14  -2.78  -3.40  -2.46  -3.03   0.42   0.28   0.22   
1899 0.17   1.02   1.28  -0.84  -0.85  -0.96  -1.53  -1.45  -1.19  -1.95  -2.54  -2.74   
1900 -2.94  -1.95  -1.83  -2.60  -3.28  -3.38  -3.39  -3.86  -4.81  -5.20  -5.37  -5.67   
1901 -5.46  -5.85  -5.16  -3.91  -3.30  -3.18  -3.67  -2.90  -2.80  -3.58  -3.84   0.88   
1902 0.82   1.45   1.33  -0.18  -1.14  -0.87  -0.83  -1.35  -1.05  -0.74  -1.49   0.78   
1903 0.90   1.67  -0.26  -0.22  -0.91   0.38   0.62   0.78  -0.41  -0.63  -1.04  -1.46   
1904 -1.26  -1.48  -1.23  -1.27  -1.50  -1.45  -1.46  -1.50  -1.90  -2.18  -3.15  -3.60   
1905 -3.11  -3.25  -2.80  -2.96  -3.03  -2.98   0.25   0.79   0.63   1.08   0.85   1.07   
1906 -0.17  -0.67  -0.29  -0.55  -1.35  -1.27  -1.47  -0.92  -1.32  -0.89  -1.63   0.34   
1907 0.81   0.51   0.67  -0.33  -0.70   0.52   0.66   0.52   1.32   1.16   1.40   1.62   
1908 1.33   1.92   2.39   1.91   2.11  -0.81  -0.92  -1.34  -2.19  -2.82  -4.14  -4.65   
1909 -4.52  -3.49  -3.38  -2.67  -2.88  -2.38  -2.94  -3.66  -4.03  -3.90  -5.13  -5.35   
1910 -4.02  -3.55  -4.94  -4.34  -4.20  -3.83  -4.11  -4.43  -3.94  -4.37  -4.89  -5.10   
1911 -4.34  -4.26  -4.32  -3.71  -4.62  -4.47  -5.16   0.86   1.46   1.94  -0.07  -0.10   
1912 -0.65  -0.88  -0.16  -0.24  -1.01   0.20   0.99   1.51   2.11  -0.39  -0.85  -0.78   
1913 -0.38  -0.85  -0.74  -1.03  -0.99  -1.66  -1.40  -1.92  -1.75  -1.31  -1.53  -1.52   
1914 -1.06  -0.87  -1.39  -0.98  -1.58  -1.73  -2.22  -2.38  -3.18  -3.50  -4.47  -4.14   
1915 -2.70  -1.87  -2.50  -3.34  -3.07   0.01  -0.07   0.86  -0.40  -0.40  -0.79  -0.49   
1916 -0.79  -0.57  -0.13  -0.19  -0.87   0.92  -0.19  -0.56  -0.34  -0.60  -1.18  -1.32   
1917 -1.01  -1.42  -1.15  -1.72  -1.76   0.03   0.08   1.49   1.38   2.47  -0.67  -1.33   
1918 -0.93  -1.06  -1.58  -0.69  -0.84  -1.31  -1.85  -1.76  -1.63  -1.67  -2.37  -2.23   
1919 -2.12  -2.14  -2.48  -2.85   0.36   0.09   0.11   0.57  -0.74   0.47   1.26   0.03   
1920 -0.29  -0.41  -0.93  -0.47  -1.17  -1.06  -1.26  -1.08  -1.06  -2.01  -2.40  -2.63   
1921 -2.57  -2.42  -3.14  -3.64  -3.25  -3.62  -3.83  -3.64  -2.98  -3.14  -2.41  -2.14   
1922 -2.04  -2.14  -1.75  -2.11  -2.51  -3.10  -3.45  -3.79  -4.61  -4.74  -5.90  -6.14   
1923 -5.40  -4.96  -5.20  -4.93  -4.69  -5.00  -4.67  -4.50  -4.21  -4.53  -4.77   0.23   
1924 0.70   0.75   0.57   0.33   1.04   1.70   1.21   0.99   2.14  -0.94  -1.61  -2.06   
1925 -1.67  -2.05  -2.60  -3.10  -3.02  -3.65  -3.37  -3.72  -4.38  -2.87  -2.35  -2.78   
1926 -2.50  -1.65  -2.17  -2.70  -3.37  -3.36  -3.80   0.09   0.80   1.17   1.84   1.71   
1927 1.36   1.61  -0.75  -0.09  -0.38  -0.24  -0.39  -0.64  -1.19   0.63   0.70   0.98   
1928 0.44   0.57   0.33   1.19  -0.78   1.06  -0.01   0.02  -0.17  -0.90  -1.68  -2.59   
1929 -2.49  -2.20  -2.76  -2.13  -1.74  -1.69  -2.06  -2.40  -2.34  -0.97  -0.68  -0.92   
1930 -1.46  -1.40  -1.68  -1.90  -2.62  -2.83  -4.16  -5.24  -5.63  -6.34  -7.55  -7.95   
1931 -8.13  -8.08  -7.40  -6.45  -4.83  -4.74  -4.22  -3.36  -2.82  -3.19  -3.91  -3.76   
1932 -3.12  -3.27  -2.29  -2.79  -2.90  -2.93  -2.91  -3.09  -3.81   0.39   0.62  -0.36   
1933 -0.63  -0.80   1.09   1.14   2.43  -0.78  -0.92   0.83   0.90  -0.50  -1.00   0.24   
1934 0.36  -0.75  -1.00  -1.30  -2.28  -2.23  -2.42   0.59   1.62  -0.49  -0.28  -0.50   
1935 0.49   0.57  -0.63  -1.03   0.28   0.06   0.44   0.79   0.73   0.27   0.15   0.45   
1936 0.96   0.66   2.42   2.10   0.90   0.79   0.56   1.30   1.17   1.49   1.44   1.98   
1937 3.31   3.00   2.12   3.57   2.74   1.92   1.41   1.70   1.43   2.62  -0.22  -0.08   
1938 -0.06  -0.21  -0.33  -0.79  -0.64  -0.56  -0.82  -1.55  -1.35  -2.17  -2.67  -3.03   
1939 0.38   1.53   1.34   1.53  -1.01   0.92  -0.02  -0.88  -0.96  -0.71  -1.38  -1.55   
1940 -1.73   0.38   1.07   1.87   1.66   2.38  -0.11  -0.07  -0.25  -0.67  -0.30  -0.13   
1941 -0.04  -0.81  -1.10  -1.82  -2.03   0.79   1.58   2.16  -0.56  -0.66  -0.73  -0.32   
1942 -0.75  -0.72  -0.20  -0.68   0.59   0.71   0.45   0.60   0.72   1.28   1.22   1.89   
1943 1.95   1.28   0.66   1.20   1.67  -0.87  -0.68  -1.36  -2.36  -1.83  -1.95  -2.49   
1944 -2.38  -2.32  -1.32  -0.80  -1.05  -1.09  -1.62  -2.38  -2.37  -1.83  -2.10  -1.57   
1945 -1.76  -1.72  -1.63   0.12   0.56   0.43   0.79   1.49   2.74   2.26   3.25  -0.20   
1946 -0.81  -0.86  -1.17  -1.94   0.87   2.21   1.46   2.15   2.19   2.43  -0.65  -0.84   
1947 -0.63  -1.12  -1.69  -2.02   0.09  -0.10   0.64   0.90  -0.74  -1.57  -1.43  -1.97   
1948 -1.85  -1.99  -2.02   0.96   1.17   1.98  -0.45  -0.69  -1.37   0.18   0.82   1.58   
1949 2.07  -0.08  -0.97  -1.01  -1.35  -1.87   1.20   1.14  -0.10  -0.34  -0.82   0.28   
1950 0.57   0.87   1.10  -0.33  -0.34  -0.54   0.28   0.42   1.13   1.55   3.15   3.13   
1951 3.28   3.10   3.20   3.19   2.21   3.21   3.08  -0.78  -1.42  -2.10  -1.97   0.56   
1952 0.90   0.36   0.83   1.38   1.84  -0.82  -1.63  -1.73  -1.64  -2.05   0.54   0.37   
1953 0.79   0.52   1.08   1.01   1.61  -0.64  -0.75  -1.33  -1.76  -2.75  -3.62  -4.17   
1954 -4.20  -4.33   0.38  -0.29  -0.42  -0.41  -0.40   0.98   1.00   2.41   2.30   2.72   
1955 -0.95   0.16   0.76   0.79  -1.03  -0.82  -1.40   0.78  -0.31  -0.12  -0.16  -1.22   
1956 -1.50   1.05   1.36   1.56   1.62   1.10   1.86   2.69   2.77   2.46   1.90   2.20   
1957 -0.23  -0.14  -0.79  -0.16  -0.88  -0.40  -1.12  -2.05  -2.34  -2.22  -2.84  -2.30   
1958 -1.75  -1.70  -1.90  -2.07   0.38   0.44   1.15   1.44   0.03  -0.40  -0.49  -1.19   
1959 -0.90  -0.81  -0.98  -0.62  -1.23  -1.69  -1.46  -1.27  -2.09   0.58   1.05   0.95   
1960 0.72   1.18  -0.44  -1.28   1.55   1.33   1.90  -0.47   0.43  -0.57  -1.19  -1.71   
1961 0.04   0.69   0.94   1.78  -0.37  -0.39  -0.57  -0.50  -1.16  -1.72  -1.96  -1.97   
1962 -2.19  -1.18  -0.86  -0.63  -1.46  -2.07  -2.59  -3.10  -1.84  -2.00  -1.93  -1.92   
1963 -2.25  -2.28  -1.56  -2.09  -2.43  -2.57  -2.78  -3.09  -3.46  -4.58  -3.85  -3.61   
1964 -2.85  -2.20  -2.25  -0.75  -1.90  -1.69  -1.47  -1.85  -1.94  -2.59  -3.14  -3.36   
1965 -2.46  -2.15  -1.26  -1.64  -2.44  -3.50  -4.40  -3.62  -3.76  -3.37  -3.79  -4.72   
1966 -3.71  -2.34  -2.94  -2.35  -2.25  -3.31  -4.27  -4.68  -4.28  -4.47  -4.45  -4.59   
1967 -4.77  -4.39   1.30   1.10   1.52   0.31   0.79   0.83   1.20   1.32   1.38   1.46   
1968 -0.32  -1.25  -1.49  -2.36  -1.23  -1.01  -1.69  -1.87  -1.86  -2.01  -1.64  -1.42   
1969 -1.63  -2.12  -2.64  -2.93  -3.30  -3.19  -2.25  -2.20  -2.52  -2.63  -2.56   1.02   
1970 0.29   0.10   0.23   0.54   0.07   1.00   1.22   1.68   1.12   1.39   2.48   2.91   
1971 2.94   3.63   2.86   1.59   1.60   1.08   1.56   1.68   2.67   2.43   2.62   2.28   
1972 1.94   2.78   2.07   2.73   2.67   5.33   4.23   3.48   2.96   2.64   3.50   4.06   
1973 3.46   3.21   2.04   2.69   2.85   2.53   1.98   1.70   1.88   2.06   1.86   2.38   
1974 2.57  -0.60  -0.48  -0.92   0.10   0.89  -0.46  -1.00   0.36  -0.51  -1.18   0.69   
1975 1.18   1.47   1.70   1.61   1.21   1.80   0.86   1.49   3.07   3.22  -0.36  -0.21   
1976 -0.01  -0.33  -0.82  -1.61  -1.82   0.15   0.32   0.40   0.97   3.59  -0.45  -0.49   
1977 -1.05  -1.31  -0.61  -0.45  -1.43  -1.82   1.34   1.05   1.35   1.97   2.14   2.03   
1978 3.40  -0.82  -1.17  -1.39   0.86   1.08   1.15   1.04  -0.11  -0.37  -0.78   0.59   
1979 2.13   2.44   1.87   1.58   1.70   0.97   1.90   2.39   3.21   3.84   3.89   3.17   
1980 2.27   1.45   1.68   1.99   1.98   2.13   3.11   2.88  -0.65  -0.43  -0.18  -0.86   
1981 -1.79   0.90   0.05   0.34   0.11   0.34   0.48   0.12   0.44   1.20  -0.47  -0.65   
1982 -0.49  -0.34  -0.38  -0.68   0.12   0.65  -0.08  -0.11  -0.29  -0.98  -1.17  -1.47   
1983 -1.97  -2.01  -1.87   0.94   1.59   1.83  -1.31  -1.93  -2.18   0.20   0.41   0.96   
1984 0.18   0.84   0.94   1.33   1.45   1.24   1.19   2.31   1.78   1.40   1.65   1.69   
1985 1.36   1.21   1.85  -0.84  -0.39  -0.54  -0.30  -0.74  -1.66  -1.74   2.23  -0.48   
1986 -0.87  -0.03  -0.33  -0.73  -1.22  -1.30  -1.14  -1.63  -1.74   0.18   1.19   1.26   
1987 1.26  -0.81  -1.33   0.75  -0.21  -0.44  -0.81   0.46   1.25  -0.07   0.00  -0.16   
1988 -0.51  -0.28  -0.42  -0.77  -0.31  -1.04  -1.12  -1.23   0.66   0.30   0.65   0.14   
1989 0.03   0.18   0.91   0.13   1.17   2.11   3.29  -0.70  -0.53  -0.21  -0.20  -0.82   
1990 -0.50  -0.59  -1.62  -1.69   0.61   0.16   0.71   0.96   1.52   2.51   1.94   3.10   
1991 -0.23  -0.48  -0.18  -0.48  -1.64  -2.42  -3.02  -3.75  -3.93  -4.41  -4.67  -4.55   
1992 -4.42  -4.13  -3.49  -3.58  -3.54  -3.69   0.37   0.32   0.53  -0.57   0.17   0.73   
1993 0.32   0.21   1.13   2.85  -0.76  -1.09  -1.24  -1.69   0.95   0.86   1.96   1.72   
1994 2.40   2.76   3.64  -0.54  -0.31  -1.12  -1.45   1.34   1.28   0.65   1.11  -0.09   
1995 -0.10  -0.46  -1.53  -1.74   0.13   0.97  -0.43  -1.47  -1.95   0.90   1.54   1.07   
1996 2.38   2.19   2.35   1.81   2.09   2.10   3.29   2.88   5.42   5.56   5.55   5.65   
1997 4.72   3.91   3.72   2.51   2.85   2.44   1.60   1.95   2.25   1.58   4.27   3.53   
1998 3.32   3.70   2.74   3.43   3.01   3.04  -0.30  -0.66  -1.27  -1.59  -2.87  -4.20   
1999 -2.92  -3.25  -2.77  -1.74  -2.45  -2.77  -3.60  -2.99  -2.46  -2.47  -2.37  -2.55   
2000 -2.99  -2.63  -2.89  -2.26  -1.78  -1.58  -1.73  -1.67  -1.38  -1.44  -1.60  -1.76   
2001 -2.14  -2.74  -2.52  -2.49  -2.79  -2.73  -2.95  -3.08  -2.83  -3.19  -3.97  -4.50   
2002 -4.83  -5.18  -4.61  -3.93  -2.89  -2.45  -3.09  -3.46   0.19   0.96   1.10   1.09   
2003 0.79   1.28  -0.45  -0.75   0.86   1.52   1.22   2.52   4.11   4.08   4.23   4.19   
2004 4.29   3.85   3.04   3.71   3.31   3.12   3.95   4.09   6.73   6.02   5.74   5.09   
2005 5.59  -0.15   0.13  -0.80  -1.23  -2.05  -2.31  -2.68  -3.53  -2.52  -1.92  -1.95   
2006 -1.23  -1.66  -2.50  -2.57  -2.70   0.72   0.71   0.40   0.91   1.56   1.82  -0.53   
2007 -0.45  -0.69  -0.57  -0.20  -1.21  -1.38  -1.81   1.74   1.31   0.96   1.21   1.83   
2008 1.25   1.78   2.09   1.76   2.16  -0.27  -0.74  -0.99  -0.77  -1.11  -1.59   1.28   
2009 -0.19  -0.87  -1.67  -1.70   0.48   0.68   0.79   0.53   0.29   1.30   0.74   1.68   
2010 1.55   1.65  -0.03  -0.63  -0.29  -0.79  -0.78  -1.14  -1.12   0.39   0.84   0.95   
2011 0.18   0.65   1.41   2.74   2.74  -0.76  -1.67   0.46   3.22   3.93   3.87   3.83   
2012 3.66   2.58   1.73   0.86   1.35   0.70   1.09   0.73   1.36   2.11   1.21   2.02   
2013 1.91   1.24 -99.99 -99.99 -99.99 -99.99 -99.99 -99.99 -99.99 -99.99 -99.99 -99.99   
