1895 0.50  -0.83  -1.34  -1.67  -2.35  -2.73  -3.14  -3.64  -4.50  -4.79  -5.24  -5.16   
1896 -5.32  -4.63  -3.90  -4.60  -5.15  -4.75  -3.15  -3.26  -2.24  -1.62  -1.42  -1.95   
1897 -2.26  -1.53  -1.39  -1.64  -1.35  -1.58  -1.75  -1.97  -2.76  -3.66  -3.20  -2.74   
1898 -1.84  -2.01  -1.24  -1.54  -1.45  -2.21  -2.83  -2.08  -2.56   0.25  -0.17  -0.27   
1899 0.08   0.62   1.02  -1.07  -1.23  -1.17  -1.52  -1.67  -1.69  -2.41  -3.03  -3.00   
1900 -3.03  -2.35  -2.20  -3.11  -3.51  -3.51  -3.31  -3.51  -4.60  -5.01  -4.72  -4.99   
1901 -4.90  -5.21  -4.75  -3.56  -3.08  -2.78  -3.56  -2.91  -2.87  -3.71  -4.14  -3.19   
1902 -3.06  -2.63  -2.45  -2.44  -3.02  -2.33  -2.01  -2.41  -2.05  -2.02  -2.71   0.62   
1903 0.48   1.63  -0.33  -0.37  -1.11   0.49   0.44  -0.12  -0.89  -1.17  -1.47  -1.80   
1904 -1.50  -1.43  -0.77  -0.72  -0.94  -1.01  -1.22  -1.17  -1.84  -2.26  -3.47  -3.87   
1905 -3.59  -3.56  -3.28  -3.38  -3.12  -3.00  -2.99  -2.08  -1.99  -0.97  -0.78  -0.60   
1906 -0.74  -1.16  -0.69  -1.16  -1.78  -1.80  -1.92  -1.34  -1.62  -1.47  -1.95   0.49   
1907 1.51  -0.42   0.43  -0.33  -0.58   0.59   0.68   0.65   1.20   1.27   1.01   1.17   
1908 0.74   1.46   2.16   1.87   1.95  -0.78  -0.94  -1.43  -2.69  -3.50  -4.77  -5.30   
1909 -4.99  -3.51  -3.42  -2.70  -2.75  -2.12  -2.49  -2.83  -3.35  -3.09  -3.97  -4.09   
1910 -2.70  -2.27  -3.96  -3.77  -3.57  -3.25  -3.55  -4.18  -3.52  -3.55  -3.82  -3.76   
1911 -2.86  -2.95  -3.13  -2.74  -3.69  -3.53  -4.22   0.99   1.83   2.82  -0.17  -0.08   
1912 -0.54  -0.78  -0.25  -0.10  -0.89   0.26   0.91   1.60   1.89   1.59   0.92   0.64   
1913 1.69   1.17   1.94  -0.53  -0.61  -1.31  -0.94  -1.51  -1.52  -1.16  -0.96  -1.10   
1914 -1.04  -0.75  -1.16  -0.58  -1.08  -1.39  -1.76  -1.69  -2.56  -2.56  -3.41  -2.77   
1915 -1.84  -1.65  -2.26  -3.33  -3.04  -2.83   0.18   0.99   0.80   0.70   0.56   0.94   
1916 1.11   0.88   1.30  -0.16  -0.70   0.98  -0.59  -0.89  -0.66  -0.81  -1.38  -1.42   
1917 -0.89  -1.41  -1.23  -1.76  -1.48  -1.31  -1.48   0.83   0.55   1.74  -0.65  -1.35   
1918 -1.00  -1.05  -1.59  -0.96  -1.06  -1.44  -1.99  -1.87  -1.46  -1.21  -1.56  -1.24   
1919 -1.36  -1.55  -1.74  -2.14  -1.66  -1.71  -1.72  -1.07  -1.84   0.99   1.84   0.04   
1920 -0.08  -0.57  -1.04   0.51  -0.53  -0.37  -0.55  -0.28  -0.33  -1.00  -1.34  -1.63   
1921 -1.59  -1.62  -1.79  -2.36  -2.48  -2.90  -3.39  -2.96  -2.30  -2.28  -1.19  -0.85   
1922 -1.19  -1.67  -1.14  -1.34  -1.67  -2.27  -2.84  -3.33  -4.19  -4.42  -5.40  -5.49   
1923 -4.70  -4.39  -4.60  -4.52  -4.23  -4.38  -4.17  -3.60  -3.33  -3.63  -3.72   0.94   
1924 1.35   1.15   0.95   0.53   0.94   1.52   1.10   0.61   1.91  -0.84  -1.49  -1.66   
1925 -1.60  -1.74  -2.18  -2.79  -2.61  -3.18  -2.87  -3.43  -3.88  -2.46  -1.81  -2.47   
1926 -2.29  -1.60  -1.98  -2.26  -2.74  -2.68  -3.05   0.63   1.75   2.59   2.65   2.52   
1927 2.44   2.29  -0.40   0.40   0.29   0.39  -0.02  -0.18  -0.82  -0.76   0.45   0.91   
1928 0.31   0.61   0.42   1.09  -0.78   1.29   0.05  -0.51  -1.07  -1.55  -2.03  -2.72   
1929 -2.26  -1.97  -2.46  -1.74  -1.20  -1.21  -1.47  -1.75  -1.86   1.04   1.45  -0.12   
1930 -0.30  -0.16  -0.40  -0.99  -1.72  -2.08  -3.28  -4.24  -4.62  -5.26  -6.35  -7.01   
1931 -7.34  -7.09  -6.71  -5.77  -4.78  -4.38  -4.42  -3.74  -2.95  -2.99  -3.39  -2.96   
1932 -2.08  -2.61  -1.88  -2.70  -3.04  -3.47  -3.33  -3.62  -4.36  -4.18  -3.85  -3.70   
1933 -3.63  -3.54   1.34   1.47   2.13  -0.91  -1.45  -1.25  -1.28  -2.15  -2.87  -2.61   
1934 -2.57  -2.96  -2.90  -2.95  -3.79  -3.91  -3.94   1.25   1.58  -0.47  -0.48  -0.91   
1935 -0.60  -0.19  -0.57  -0.80  -0.35  -0.38  -0.70   1.20   1.09   0.93   0.92   1.02   
1936 1.19   0.97   2.35  -0.11  -1.24  -1.89  -2.31  -2.05  -2.31   0.17   0.16   0.49   
1937 2.73   2.00   1.21   2.33   1.89   1.48   2.21   1.80   1.19   2.18  -0.29  -0.06   
1938 -0.39  -0.15  -0.23  -0.43   0.21   0.68  -0.43  -1.07  -0.96  -1.68  -2.04  -2.71   
1939 0.09   1.27   1.10   1.34  -1.21   1.00  -0.13  -1.28  -1.95  -1.93  -3.00  -3.45   
1940 -3.91   0.36   0.83   1.79   2.04   2.39   2.06   2.40   0.02  -0.35   0.32   0.40   
1941 -0.09  -0.93  -1.46  -2.45  -2.54   0.95   1.22   2.17  -0.41   0.45  -0.20  -0.70   
1942 -1.18   0.10   0.45  -0.53  -0.39  -0.60  -1.23   0.05   0.20   0.66   1.12   2.16   
1943 1.87   1.29   0.81   1.08   1.73  -0.84   0.76  -0.41  -1.34  -1.10  -1.44  -2.03   
1944 -2.25  -2.14   0.85   1.04  -0.21  -0.10  -0.36  -0.65  -0.86   0.42   0.20   1.13   
1945 0.87   1.09   1.76   1.71   1.88   1.53   1.11   0.73   2.53   2.55   3.31  -0.34   
1946 -1.04  -1.01  -1.62  -2.22   0.53   1.31   0.01   0.02  -0.53  -0.28  -0.87  -0.95   
1947 -0.54  -1.08  -1.62  -1.84   0.56   0.84   1.74   1.75  -0.44  -1.27  -1.10  -1.59   
1948 -1.55  -1.49  -1.61   1.21   1.13   1.88   1.83   1.78   1.10   1.27   1.49   1.84   
1949 2.29   0.02  -0.41  -0.48  -0.89  -1.54  -1.14  -1.48  -1.41  -2.02  -2.55  -2.42   
1950 1.30   1.68   1.77   1.44   1.00   1.17   1.46   1.49   2.15   1.74   3.59   3.10   
1951 3.38   3.43   3.50   3.92   3.14   4.04  -0.05  -1.26  -1.30  -2.16   0.11   0.65   
1952 1.67   1.37   1.42   1.43   2.17  -0.41  -1.04  -1.26  -1.78  -2.26  -2.82  -3.02   
1953 -2.35  -2.54  -2.29  -1.91  -1.18  -1.77  -1.89  -2.65  -2.56  -3.39  -4.42  -5.13   
1954 -4.91  -5.00  -4.15  -3.81  -3.77  -3.18  -3.47   1.15   0.94   3.28   2.48   2.58   
1955 1.60   1.91   2.32  -0.37  -1.08  -1.03  -1.36  -0.69  -1.09  -0.76  -0.57  -1.59   
1956 -1.75   1.68   2.27   2.56   3.05   3.19   3.72   4.57   4.57  -0.38  -0.92  -0.47   
1957 -0.66  -0.80  -1.30  -0.64  -1.20  -1.23  -1.83  -2.92  -2.89  -2.84  -3.35  -2.73   
1958 -2.29  -2.54  -2.93  -2.81   0.36   0.51   2.03   2.47   2.90  -0.25  -0.16  -0.88   
1959 -0.34  -0.12  -0.61  -0.34  -0.72  -1.15  -1.08  -1.19  -2.40   0.70   1.02   0.99   
1960 0.95   1.24  -0.48  -1.63  -0.92  -1.07  -0.80  -0.99  -1.11  -1.48  -2.11  -2.62   
1961 -2.69   0.46   0.49   1.63   1.33   1.45   1.76  -0.33  -1.05  -1.07   0.19   0.00   
1962 0.06   0.50   0.52   0.56  -0.94  -1.66  -2.10  -2.57  -1.16  -1.06  -1.28  -1.26   
1963 -1.62  -1.58  -0.73  -1.28  -1.84  -2.07  -2.18  -2.53  -3.01  -4.13  -3.96  -4.18   
1964 -3.76  -3.52  -2.45  -1.05  -1.99  -1.53  -1.44  -1.43  -1.99  -2.40  -2.59  -1.87   
1965 -1.03  -0.90  -0.63  -1.05  -1.92  -2.76  -3.45  -3.59  -3.07  -2.64  -2.64  -3.32   
1966 -2.49  -1.87  -2.42  -1.95  -1.70  -2.62  -3.30  -3.24  -3.19  -3.45  -3.05  -3.05   
1967 -3.63  -3.20  -1.71  -1.51  -0.58  -1.84  -1.55  -1.51  -1.47  -1.43  -1.35  -1.35   
1968 -1.25  -1.96  -2.02  -2.63  -1.04  -1.71  -2.68  -2.74  -2.81  -3.02  -2.97  -2.57   
1969 -2.51  -3.07  -3.67  -3.42  -3.69  -3.75  -2.52  -2.47  -2.84  -2.77  -2.67   0.89   
1970 -0.39  -0.48  -0.37  -0.45  -0.70   0.42   0.54   0.57   0.39   1.00   1.25   1.58   
1971 1.39   2.04  -0.20  -1.16  -0.83  -1.09   0.42   0.70   1.29  -0.60  -0.55   0.23   
1972 0.13   0.62   0.91   1.65   0.85   3.24   2.58   1.75   2.08   2.05   2.94   3.24   
1973 2.59   2.23   1.44   2.05   2.25   1.93   1.25   0.86   1.07   1.20   1.39   1.52   
1974 1.83   1.29   1.29   0.89   1.42   1.89   1.92   2.26   3.11   2.59   2.49   2.94   
1975 3.21   3.68   3.65   3.18   2.67   2.73   1.75   2.76   4.04   4.00   3.26   3.25   
1976 3.30  -0.20  -0.67  -1.20  -1.58  -1.32  -1.12  -1.03   0.50   1.91  -0.45  -0.67   
1977 -1.15  -1.61  -1.17  -1.01  -1.75  -0.05   0.74   0.93   1.00   1.23   1.22   1.25   
1978 2.35  -0.88  -1.34  -1.51   0.54   0.96   0.97   1.21   0.99   1.57   1.15   2.05   
1979 2.77   2.86   1.74   1.71   1.99   1.03   1.51   2.30   2.97   3.51   3.41   2.71   
1980 1.78   1.10   1.64   1.44   1.35   1.84   2.84   3.55   3.03   3.13   3.07   2.20   
1981 1.13   1.95   1.23   1.92   1.40   2.29   2.75   1.99   2.42   2.90   2.29   2.16   
1982 2.46   2.29   2.17  -0.62  -0.84  -0.28  -0.65  -0.58  -0.47  -1.30  -1.02  -1.12   
1983 -1.65  -1.97  -1.89   0.82   1.63   1.52  -0.26  -0.74  -0.93   0.34   0.92   1.49   
1984 -0.61  -0.59  -0.64   0.42   1.17   1.00   1.25   2.12   1.63   1.63   2.16   2.31   
1985 -0.45  -0.82  -0.17  -1.06   0.75   0.41   1.19  -0.03  -0.97  -1.11   3.37   2.89   
1986 2.41   3.07   2.16   1.38   0.60   0.60   1.52   1.22   1.07   1.64   2.77   2.79   
1987 -0.05  -0.96  -1.37  -0.70  -0.78  -0.73  -1.23   0.66   1.43   1.36   0.03   0.06   
1988 -0.52  -0.08  -0.36  -0.68  -0.65  -1.58  -1.98  -2.19  -1.93  -1.88  -1.52  -1.66   
1989 -1.64   0.67   1.52   0.84   1.86   2.90  -0.35  -1.05   0.57   0.70   0.69   0.23   
1990 0.43   0.65  -1.02  -1.08   0.81   0.71   1.70   1.41   2.39   2.90   2.37   4.01   
1991 3.83  -0.12  -0.22  -0.39  -1.28  -2.22  -2.44  -3.31  -3.40  -4.14  -4.14  -3.29   
1992 -3.25  -3.13  -2.52  -2.81  -2.99  -3.51   1.75   1.99   2.10   1.72   2.14   2.33   
1993 2.02   1.75   2.15   2.12  -0.88  -0.73  -0.93  -1.57   0.96   1.07   1.91   1.63   
1994 2.27   2.24   3.24   2.89   2.54   1.87   0.99   2.34   2.24   1.57   1.96  -0.11   
1995 -0.13  -0.27  -1.18  -1.44  -1.08  -1.14  -1.64  -2.49  -2.95   0.08   0.29   0.09   
1996 0.80   1.06   1.43   1.47   1.72   1.95   2.22   1.78   3.00   3.28   3.56   3.42   
1997 -0.44  -0.83  -0.41  -1.06  -0.01  -0.28  -1.18   0.53   0.70   0.06   1.44  -0.29   
1998 -0.07  -0.07  -0.64   0.66  -0.73  -0.21  -0.68  -0.89  -1.51  -1.77  -2.75  -3.44   
1999 -1.74  -1.70  -1.67  -1.02  -1.28  -2.25  -2.45  -2.82  -2.81  -3.05  -2.88  -2.81   
2000 -3.08  -2.44  -2.65   0.24   0.40   0.42   0.45   0.79   1.10  -0.03  -0.20  -0.44   
2001 -0.76  -1.26  -1.04  -1.10  -1.39  -1.22  -1.34  -1.59  -1.50  -1.70  -2.10  -2.10   
2002 -2.19  -2.51   0.32   0.20   0.89   1.06  -0.78  -1.20  -1.22   0.20   0.20   0.44   
2003 0.36   0.88  -0.89  -1.48   0.99   1.57   2.38   3.17   4.06   4.28   4.82   4.63   
2004 4.98   4.51   3.74   4.20   3.94   4.04   4.32   4.59   6.33   5.89   5.46   5.00   
2005 6.46   5.86   5.49  -0.38  -0.50  -1.11  -1.51  -1.89  -2.73  -2.15  -1.50  -1.69   
2006 -1.15  -1.51  -2.07  -1.97   0.08   0.74   0.97   0.46   1.22   2.54   2.40   1.58   
2007 2.05   1.67   1.93   2.15  -1.00  -1.13  -1.20   1.60  -0.49  -0.78   0.61   1.87   
2008 1.52   2.36   2.70   1.90   2.34   2.62   2.63   1.80   1.50   1.10   0.63   2.08   
2009 2.28  -0.40  -1.16  -1.25   0.32   0.71   0.84   0.72   0.42   1.03  -0.74   0.60   
2010 0.74   1.27  -0.45  -1.21  -0.94  -0.71  -0.73  -1.30  -1.51   0.01   0.28   0.44   
2011 0.07   0.63   0.88   1.77   1.85  -0.51  -0.76  -0.79   1.30   2.29   2.61   2.48   
2012 2.55  -0.60  -0.83  -1.53  -1.74  -2.28   0.41  -0.49   0.86   2.22   1.46   3.09   
2013 2.92   2.51 -99.99 -99.99 -99.99 -99.99 -99.99 -99.99 -99.99 -99.99 -99.99 -99.99   
