1895 -0.16  -0.89  -1.14  -1.06  -1.42  -1.67  -1.21  -1.37  -1.76  -1.57  -1.50  -1.65   
1896 -2.14  -1.47  -1.25  -1.96  -2.20  -1.89  -1.81  -2.03   1.00   1.60   1.09   1.69   
1897 -0.05  -0.44  -0.93   0.03   0.15   0.13   1.07   1.26  -0.22  -0.89   0.98   1.22   
1898 1.30   2.13   1.34   1.67   2.39   1.40   2.58   2.83   2.10   4.73   5.07   4.10   
1899 3.86   3.77   4.26  -0.60  -0.99  -1.26  -0.95  -1.22  -0.25  -0.11  -0.71  -1.30   
1900 -1.32   0.73   0.00  -0.56  -0.27  -0.89  -1.22  -1.86  -2.06  -1.74  -1.88  -2.20   
1901 -2.74  -3.51   0.51   1.50   2.30  -0.54  -0.70  -1.21  -1.32  -1.20  -1.65   1.19   
1902 -0.78   0.68   0.73  -0.21  -0.96  -0.71  -0.60  -1.21   0.02   0.70  -0.75   0.63   
1903 0.53   0.96   1.43   1.57  -1.00   0.93   0.92   1.01  -0.72  -0.72  -1.26  -1.41   
1904 -1.38  -1.44  -1.97   1.31  -0.36  -0.19  -0.40  -0.09  -0.39  -0.67  -1.18  -1.25   
1905 -1.52  -2.16  -2.61  -2.82  -3.06   0.59   0.60   0.66   1.12  -0.30  -0.63  -0.63   
1906 -0.94  -1.37  -0.94  -1.27  -0.86  -0.77  -0.16  -0.77  -0.85  -0.16  -0.55  -0.51   
1907 -0.82  -1.12  -1.75  -1.68  -1.03  -1.17  -1.66  -2.36   0.71   0.84   1.26   1.49   
1908 -0.47  -0.39  -0.77  -1.28  -0.95  -1.10  -1.10  -0.67  -1.39  -0.60  -1.35  -0.03   
1909 -0.03   0.72   0.08   0.76  -0.06  -0.51  -1.14  -1.68  -1.57  -1.87  -2.17  -2.36   
1910 -1.94  -1.55  -2.47  -3.13  -2.95  -2.38  -2.14  -2.22  -2.41  -2.64  -2.46  -2.61   
1911 -2.67  -2.97  -3.05  -2.65  -3.11  -3.23   0.01   0.50   0.08   0.41   1.06  -0.27   
1912 -0.48  -0.77   0.83   0.79   0.84  -0.79  -0.42  -0.57  -0.91  -1.41  -1.73  -1.26   
1913 -1.36  -1.39  -1.69  -0.93  -1.27  -1.80  -2.00  -2.30  -2.34  -0.76  -1.25  -1.23   
1914 -1.50  -1.64  -1.69  -1.32  -1.53  -2.03  -1.38  -1.56  -2.24  -1.80  -2.19  -1.91   
1915 -0.58  -0.56  -1.73  -2.39  -2.44  -2.65  -2.40  -1.81  -2.21  -1.72  -2.05  -1.66   
1916 -2.35  -1.72  -2.10   0.01   0.09   0.52   2.85  -0.55  -1.17  -1.15  -1.62  -1.74   
1917 -1.96  -2.12  -1.84  -1.99   0.39   0.61  -0.31  -0.52  -0.56   1.27  -0.92  -1.39   
1918 -1.67  -1.76  -2.26  -1.91  -2.29  -1.90  -1.73  -2.08  -1.44  -2.10  -2.68  -2.66   
1919 -2.44  -2.16  -2.16  -2.11   0.24   0.17   0.82   1.40   2.05  -0.05  -0.15  -0.48   
1920 -0.86   0.38   0.17   0.55   0.80   1.76   1.68  -0.33  -0.82  -1.54  -1.67  -1.32   
1921 -1.65  -2.11  -2.62  -2.65  -2.36  -2.23  -1.38  -1.57  -2.22  -2.71  -2.03  -2.27   
1922 -2.58  -2.51  -2.31  -2.65   0.13   0.82   1.29   2.74  -0.34  -0.09  -0.91  -1.04   
1923 -0.42  -1.02  -0.97   0.48  -0.76  -0.95  -1.07  -1.69  -1.99  -0.84  -0.99  -0.67   
1924 -0.72  -0.73  -1.44  -1.10  -0.95  -1.27  -1.83  -1.21  -0.65  -1.53  -2.16  -2.51   
1925 -2.85  -3.34  -3.61  -3.96  -3.83  -3.80  -3.55  -3.75  -3.72  -2.49  -2.21  -2.03   
1926 -2.28  -1.78  -1.96  -2.31  -2.04  -2.45  -2.12  -2.08  -2.56  -1.19  -0.66  -0.91   
1927 -1.31  -1.66  -2.49  -2.94  -2.90   0.16   0.63   2.30   2.13   2.86   2.54   2.44   
1928 -0.64  -0.61  -1.07  -0.70  -1.30   0.30   0.85   0.34   0.91   1.09  -0.49  -0.91   
1929 -0.95  -0.94  -1.18   0.78   0.73  -0.58  -1.02  -1.39  -1.46  -1.35  -1.71  -1.54   
1930 -1.86  -1.90  -2.36  -2.96  -3.06  -3.22  -3.03  -3.31  -3.99  -3.19  -3.24  -3.22   
1931 -2.86  -2.97  -2.44  -2.66   0.00   0.79   0.84   1.21  -0.60  -0.85  -1.91  -2.22   
1932 -1.51  -1.87  -1.36  -1.85  -2.08  -2.17   0.24   0.53   2.23   2.85   2.95   2.06   
1933 1.21   1.31   1.79   2.38  -0.36  -0.50  -0.84  -0.87   1.13   1.01  -0.49  -0.49   
1934 -0.57  -0.17  -0.23  -0.11  -0.22  -0.18  -0.85  -1.37  -1.45  -1.52  -1.88  -1.90   
1935 -0.89  -0.96  -1.77  -1.66  -2.06  -1.33  -0.79  -1.33  -1.07  -1.84  -1.71  -2.31   
1936 1.01   1.17   1.89  -0.13  -0.80  -0.75  -0.99  -1.28   0.60  -0.29  -1.05   1.74   
1937 1.66  -0.58  -0.53  -0.04  -0.33  -0.07  -0.65  -0.44  -0.52  -0.35  -0.04  -0.34   
1938 -0.24  -0.63  -1.15  -1.35   0.42   1.78   2.21   1.96   2.59   2.39   1.97   1.58   
1939 1.24   1.57   1.84   1.96  -0.93  -0.96  -1.65  -1.13  -1.50  -1.09  -1.86  -2.21   
1940 -2.54  -2.16  -2.18  -1.26  -0.82  -1.00  -0.76  -1.43  -1.48  -1.65  -0.79  -1.20   
1941 -1.11  -1.71  -1.87  -2.50  -2.77  -1.64  -0.76  -0.92  -1.70  -2.23  -2.68  -2.93   
1942 -2.65  -2.40  -1.42  -2.39  -2.89  -2.95  -2.44  -1.51  -1.73  -1.53  -1.15  -0.56   
1943 -0.67  -1.20  -1.40  -1.29  -1.30  -1.80  -1.80  -2.21  -2.74  -2.43  -2.76  -3.20   
1944 -3.22  -3.48  -2.78  -2.33  -3.06  -3.05  -3.77  -4.25  -3.26  -3.25  -1.62  -1.68   
1945 -1.67  -1.25  -2.01  -2.53  -1.92  -1.86  -2.09  -2.19  -2.82  -2.98   0.75   1.63   
1946 1.53  -0.25  -1.25  -1.56   0.43   0.42   0.03   2.34  -0.29  -1.44  -2.42  -2.53   
1947 -2.54  -3.13  -3.08   0.51   0.71   0.97   1.46  -0.50  -0.49  -0.82   0.32   0.09   
1948 0.62   0.10   0.11   0.13   1.96   1.76   1.81  -0.69  -1.35  -0.93  -0.68  -1.09   
1949 -0.84  -0.59  -1.08  -0.94  -1.00  -2.01  -2.81  -2.92  -2.70  -3.27  -3.51  -3.80   
1950 -3.69  -3.08  -2.82  -2.84  -2.68  -2.65  -2.83  -2.47  -2.77  -3.14  -2.50  -2.23   
1951 -1.96  -1.75  -1.32  -1.54  -1.15  -1.31  -1.80  -1.85  -2.42  -2.40   0.89   1.11   
1952 1.27   1.35   1.47  -0.18  -0.08  -0.37  -1.42   1.32  -0.41  -0.94  -1.54  -1.63   
1953 0.84   1.09   2.28   2.73   2.44   1.37   1.76   1.68   1.25   1.60   1.97   2.19   
1954 1.64   1.10   0.72   0.93   1.55   0.91   0.90   2.50   3.56   2.83   2.80   3.10   
1955 -1.03  -0.60  -0.49  -0.76  -1.41  -1.23  -1.30   1.84   1.99   3.79   3.81   2.51   
1956 2.38   2.56   2.86  -0.29  -0.52  -0.90  -0.03  -0.67  -0.75  -0.83  -0.99  -0.73   
1957 -1.25  -1.90  -2.00  -1.76  -2.21  -2.98  -3.56  -3.40  -3.87  -3.86  -3.83   0.33   
1958 1.42   1.34   1.28   2.18   2.34   2.06   2.58   3.01   3.42   3.28   2.59   1.70   
1959 0.95   0.88   1.72   1.38   0.67   1.46   2.26   2.20   1.14   1.52   1.48   1.41   
1960 1.11   1.97  -0.31  -0.56  -0.39  -0.81  -0.06  -0.71   1.37  -0.10  -0.32  -0.01   
1961 -0.46  -0.28  -0.45   1.06   1.61   1.05   0.66   0.74   2.22   1.78   1.53   1.30   
1962 1.48   1.96  -0.73  -0.66  -1.06   0.76   0.51   0.64   0.74   2.99   3.14  -0.17   
1963 -0.30  -0.33  -0.48  -1.27  -0.90  -1.20  -0.89  -0.99  -0.73  -1.39   0.45  -0.38   
1964 -0.03  -0.04  -0.58   0.90  -0.95  -1.52  -1.46  -2.00  -1.81  -2.00  -2.45  -1.80   
1965 -1.81  -1.64  -2.24  -2.30  -2.73  -2.93  -3.18  -3.23  -3.41  -3.45  -3.97  -4.50   
1966 -4.34  -3.87  -4.18  -4.54  -3.51  -3.53  -3.36  -3.68  -2.88  -2.74  -2.55  -2.62   
1967 -3.10  -3.14   0.63   0.79   2.31   2.09   2.42   2.23   2.01   1.32   0.93   1.89   
1968 1.53   0.56   1.89  -0.99  -0.91  -0.11  -0.58  -1.27  -1.91  -2.31  -1.69  -0.76   
1969 -1.30  -0.66  -0.83  -0.84  -1.08  -1.65  -1.43  -1.65  -1.39  -1.63   0.72   2.31   
1970 1.05   1.78   1.93  -0.10  -0.34  -0.09  -0.64  -0.42  -0.61   0.11   0.51   0.47   
1971 -0.54   1.01  -0.16  -0.40   0.37  -0.63  -0.67  -1.08  -1.73  -1.85  -1.41  -1.69   
1972 -1.99   1.09   1.82   1.82   2.24   3.50   3.48   2.90   3.42   3.44   4.44   4.94   
1973 4.25   3.80   3.01   3.80   3.67   3.41   3.66   3.40   3.30   3.02   2.21   3.09   
1974 2.98  -0.32  -0.19  -0.54  -0.50  -0.51  -0.90  -1.14   0.65  -0.05  -0.71   0.19   
1975 1.03   1.02  -0.19  -0.27  -0.53   0.54   0.61   0.42   1.20   1.71   2.14   2.14   
1976 2.74  -0.33  -0.55  -1.39  -1.56  -2.14   0.26   1.33   1.04   1.88  -0.80  -0.83   
1977 -0.89  -1.04   0.35  -0.11  -0.41   0.53   0.28   0.37   0.87   2.21   1.67   2.33   
1978 3.73   3.00   2.44   1.56   2.41   1.66   1.70   1.74   1.34   1.22   0.65   0.94   
1979 3.44   3.47   2.39   2.51   3.11   2.30   1.59   2.36   2.33   2.44  -0.03  -0.66   
1980 -1.42  -2.19   1.61   1.93  -0.67  -0.61  -0.67  -1.27  -2.11  -1.69  -1.69  -2.10   
1981 -2.88  -1.84  -2.71  -2.40  -2.67  -2.09  -1.94  -2.46  -2.45  -2.05  -2.21   0.90   
1982 1.35  -0.20  -0.48  -0.22  -0.65   2.80  -0.26  -0.33  -0.25  -0.45  -0.56  -1.09   
1983 0.23   0.71   1.81   4.04   3.89   3.27   2.36   1.76   0.78   0.92   2.24   2.59   
1984 1.87   2.71   3.06   2.82   3.98   4.24   4.98  -0.85  -1.20  -0.99  -1.75  -1.98   
1985 -2.68  -3.00  -3.06  -3.75   0.45   1.06   1.08   2.48  -0.18  -0.71   0.83  -0.79   
1986 -0.20  -0.28  -0.66  -1.39  -1.77   0.27   1.44   1.86   1.15   0.84   1.60   2.50   
1987 2.74   1.39   1.61   2.56  -0.55  -1.08  -1.75  -1.85   0.87  -0.15  -0.21  -0.51   
1988 -0.74   0.96   0.87  -0.35  -0.55  -0.94   0.90  -0.83  -1.11  -1.26   1.07  -0.71   
1989 -1.39  -1.39   0.07   0.56   0.98   1.52   2.64   3.00   3.23   4.37   4.41   3.28   
1990 3.45   2.98   1.88   2.25   2.85  -0.60  -0.12  -0.12  -0.45  -0.16  -0.82  -0.38   
1991 -0.55  -1.02   0.58   0.66  -0.40  -1.17  -1.52   0.81   1.74  -0.20  -0.02  -0.27   
1992 -0.19  -0.59  -0.51  -0.92  -1.49   0.18   0.57   1.92   2.37   1.79   2.03   2.96   
1993 2.22   2.46   3.27   3.30  -0.81  -1.41  -1.47  -2.20  -1.96  -1.58  -1.78   0.65   
1994 1.13   0.81   2.10  -0.70  -0.66  -1.03  -1.53  -0.77  -0.72  -1.68  -1.42  -1.06   
1995 -1.06  -0.83  -1.44  -1.63  -1.43  -1.34  -1.79  -2.33  -2.25   0.85   1.17   0.75   
1996 1.33   1.20   0.78   1.49   1.24   0.78   1.76   1.39   2.23   3.53   2.82   3.59   
1997 3.35   2.46   2.70   2.63  -0.14  -0.59  -1.02  -0.10  -0.74  -1.14   0.47   0.29   
1998 1.14   2.03   2.40   2.66   2.89   5.39  -0.37  -0.51  -0.87  -0.77  -1.30  -1.99   
1999 0.90   1.66   1.79  -0.90  -0.78  -1.80  -2.54  -2.85   0.85   1.75  -0.41  -0.80   
2000 -0.64  -0.67   0.62   1.13   0.92   1.36   1.74   1.60   1.90  -0.73  -0.67  -0.27   
2001 -0.54  -0.81   2.13   1.23   1.26   2.08   2.10   2.07  -0.15  -0.82  -1.93  -2.44   
2002 -2.56  -3.02  -2.52  -2.43  -1.48  -0.93  -1.49  -2.17   0.38   0.60   1.13   1.48   
2003 0.84   1.10   1.52   1.74   1.58   2.37   2.39   2.63   2.53   3.46   2.56   2.73   
2004 1.79   1.21   0.90   1.92   1.41   0.82   0.64   1.45   2.36   1.93   1.96   2.13   
2005 2.37   2.09   2.53   2.69   2.85  -0.74  -1.16  -1.03  -1.34   3.95   4.04   3.75   
2006 3.93   3.35   1.81   1.17   2.19   4.54   3.94   3.80   3.35   4.42   4.70   3.67   
2007 3.39   2.70   3.23   4.43  -0.34  -0.30  -0.12  -0.89  -1.32  -1.83  -2.17   0.27   
2008 0.01   1.56   1.99   1.76   1.21   0.75   1.07   0.82   2.46   1.96   1.96   2.99   
2009 2.73   1.94   1.37   1.79   1.42   1.73   4.09   3.51   2.87   3.90   3.36   3.80   
2010 3.32   3.70   7.27   5.63   4.57   4.23   3.88   3.26   2.64   2.69   2.35   2.42   
2011 2.41   2.79   1.98   2.21   1.70   1.86   1.58   2.87   3.66   5.03   4.66   0.04   
2012 -0.04  -1.11  -2.10  -2.27   0.12   0.54   0.89   0.81   1.23   1.60  -0.81   1.10   
2013 -0.84   1.15 -99.99 -99.99 -99.99 -99.99 -99.99 -99.99 -99.99 -99.99 -99.99 -99.99   
