1895 0.86   0.10   0.42   1.06   1.13   0.86   0.75   1.61  -0.70  -1.12  -1.26  -1.29   
1896 -1.58  -1.14  -1.25  -1.66  -1.89  -1.77  -0.66  -1.33  -1.27  -1.65  -0.85  -1.41   
1897 -1.75   0.59   1.59   1.86  -0.45  -0.58  -0.40  -0.27  -0.99  -1.18  -1.34  -1.03   
1898 -1.04  -2.05  -2.20  -1.54  -2.01  -2.22   0.81   2.82   2.86   3.36   3.12   2.46   
1899 2.34   3.25   3.62  -0.04  -0.51  -0.79  -0.76  -0.80  -1.27  -0.92  -1.38  -1.36   
1900 -1.48   1.00   0.78   1.21   0.61   1.49  -0.24  -1.05  -1.26   0.37   0.73   0.71   
1901 -0.23  -0.70  -0.64   0.82   1.70   1.92   1.41   3.49   3.63   2.61   1.73   2.62   
1902 1.79   2.38   2.46  -0.38  -0.97  -1.03  -1.51  -1.60   0.36   0.43   0.50   0.61   
1903 0.15   1.43   1.79   1.87   1.72   2.20  -0.48  -0.17  -0.55  -0.80  -0.88  -1.34   
1904 -1.47  -1.56  -1.52  -1.82  -1.97  -1.94  -2.02  -0.88  -1.29  -1.99  -1.90   0.09   
1905 -0.13   0.69  -0.70   0.07   0.83  -0.40  -0.18  -0.01  -0.40  -0.11  -0.80   1.18   
1906 1.63  -0.72  -0.25  -0.91  -0.87   0.80   1.82   2.19   2.66   2.59   0.05  -0.01   
1907 -1.18  -1.33  -1.94   0.48   0.80   1.09  -0.18  -0.40   0.63   0.04   0.63   1.05   
1908 0.86   1.11  -0.20   0.22  -0.33  -0.40   0.23   0.82  -0.35  -0.49  -0.89  -0.64   
1909 -1.24   0.47   0.47   0.65   1.06   1.60   1.49   0.01   0.01  -0.33  -1.08  -1.23   
1910 -1.37  -1.17  -2.40  -2.35   0.27   1.18   1.23  -0.26  -0.57  -0.23  -0.87  -0.79   
1911 -0.95  -1.44  -1.80  -0.83  -1.64  -2.15  -2.21   0.58   0.23   0.75   0.96   1.55   
1912 1.29   1.22   1.95   2.80   2.60   3.00   2.71   2.49   2.60   2.04   1.44   1.12   
1913 1.36   1.19   1.93  -0.39  -0.55  -0.24  -0.39  -0.53  -0.21  -0.17  -0.79  -1.05   
1914 -1.69  -1.36  -1.59  -1.43  -2.35  -2.55  -2.55   0.54   0.36   0.62   0.69   1.69   
1915 2.13  -0.11  -0.71  -1.54   0.71   0.62   0.18   0.39   0.28   0.97   0.83   1.36   
1916 -0.25  -0.48  -1.21  -1.57  -0.03   0.25   2.67  -0.46  -0.81  -0.90  -1.34  -1.31   
1917 0.35   0.26   1.36   1.21   0.79   0.69   0.97   1.25   1.65  -0.38  -1.04  -1.67   
1918 -0.73  -1.58  -2.55   1.02  -0.51  -0.59  -0.68  -0.76   0.19   0.81   0.64   1.18   
1919 1.50   1.65   1.57   1.10   1.53   1.80   2.45   2.61   1.56   2.04   1.68   1.41   
1920 1.32   1.29   1.56   2.56   2.18   1.84   1.75   2.89   2.85   1.76   1.82   2.50   
1921 -0.29  -0.20  -0.84  -0.64  -0.55  -0.98  -0.54  -0.49  -0.58  -0.86  -0.54  -1.02   
1922 0.43   0.74   1.73   2.00   2.59   2.73   2.67  -0.39  -1.08  -0.83  -1.46   0.66   
1923 0.84   0.78   1.15   1.30   2.36  -0.09  -0.26   0.24  -0.28  -0.85  -0.82  -0.97   
1924 -0.33  -0.26  -0.82   0.62   0.97   1.00   1.05  -0.80   1.72  -0.76  -1.42   0.57   
1925 1.42  -0.62  -1.47  -1.76  -2.16  -2.30  -2.79  -3.54  -4.13   1.07   1.22   0.52   
1926 1.07  -0.15  -0.17  -0.52  -1.28  -1.38  -1.13  -0.74  -1.09  -1.11   0.44   1.04   
1927 -0.99  -1.00  -0.93  -0.72  -1.18   0.36   0.52  -0.15  -0.76  -0.86  -0.94   1.11   
1928 -0.90  -1.06  -1.09   1.07   1.25   1.38   1.42   3.16   4.08   3.76   2.98   2.02   
1929 1.81   2.60   3.16   2.99   3.71   3.80   3.30   2.46   3.32   3.76   4.03  -0.47   
1930 -0.44  -1.22  -1.32  -1.84  -1.91  -1.60  -1.82  -2.63  -2.32  -2.33  -1.84  -1.69   
1931 -2.03  -2.30  -2.25  -1.50  -0.84  -1.17  -0.89  -0.74  -1.20  -1.44  -1.76   1.71   
1932 2.20  -0.41  -0.72  -0.95  -1.00   0.67   0.23   1.80   2.33   3.75   3.63   5.63   
1933 -0.67  -0.52  -0.83  -0.83  -0.47  -0.66  -0.90  -0.93  -1.14  -1.29  -1.77  -1.61   
1934 -1.76  -2.07   0.73   0.41   0.34   0.57   0.01   0.70   2.09   2.15   2.52   1.96   
1935 2.23  -0.31  -0.70  -0.61  -0.44  -0.98   0.74   1.38  -0.31  -0.72   1.31   0.63   
1936 2.23   2.11   1.73   3.20   1.81   1.19   0.74   0.57   0.87   2.47   1.53   2.57   
1937 3.81   3.82   2.68   3.01   2.40   1.90   1.34   2.84   2.27   3.83  -0.29  -0.53   
1938 -1.25  -1.83  -1.72  -1.97   0.27   0.25   1.09   1.21  -0.45  -1.27  -1.06  -1.55   
1939 0.19   2.20   1.49   1.59   2.06   1.82   1.42   2.91  -0.76  -1.37  -2.21  -2.36   
1940 -2.52  -2.15  -2.19  -1.96  -2.35   0.76   0.33   2.60  -0.71  -1.21  -0.68  -0.60   
1941 -1.13  -1.88  -1.90  -2.11  -2.74  -2.77   1.81   1.48   0.68   0.19   0.03   0.56   
1942 0.36   0.83   0.83  -0.96   1.28   1.53   2.39   2.46   2.64   1.90   1.23   2.29   
1943 2.38   1.65   1.85   1.91   2.02   2.17   0.00  -0.40  -0.35  -0.66  -1.09  -1.30   
1944 -1.54   0.85   1.75   1.73  -0.35  -1.26  -1.68  -1.37  -0.85  -1.33  -1.16  -1.47   
1945 -1.98  -1.34  -1.47  -1.40  -1.64  -2.17   1.80   1.15   1.64   1.30   0.89   1.20   
1946 2.87   2.46   2.63  -0.41  -0.10  -0.39  -0.69  -0.88  -1.06  -1.13  -1.08  -1.48   
1947 -0.64  -1.19  -1.48  -1.58  -1.88  -1.23  -1.49  -1.47  -1.51   0.68   1.23  -0.53   
1948 -0.69  -0.54  -0.05  -1.01  -1.07  -1.42  -0.98  -0.86  -0.72  -1.31   2.16  -0.13   
1949 -0.05  -0.21  -0.59  -0.12  -0.64  -1.09   1.21   1.54   1.74   2.30  -0.68  -0.87   
1950 -1.35  -1.99  -2.09  -2.52  -2.36  -0.03   0.96   0.92   1.03  -0.04  -0.88  -0.94   
1951 -1.70  -2.14  -1.76  -1.72  -2.46  -1.74  -2.13  -2.72  -2.82  -2.85   0.23   1.20   
1952 0.87   0.44   2.03   2.24  -0.35  -0.95  -1.83  -1.73  -2.18  -2.56  -2.65  -2.54   
1953 -2.14  -1.24  -1.15  -1.27  -1.66  -0.90  -1.24  -1.69  -1.12  -1.70  -2.05   0.59   
1954 1.44  -0.46  -0.45  -0.90  -1.21  -1.87  -2.55  -3.08  -4.05  -4.38  -4.07  -3.38   
1955 -3.75  -3.18  -3.47  -3.03  -2.46  -2.28  -2.29  -2.59  -3.03  -3.03  -3.21  -3.70   
1956 -4.22  -2.56  -2.69  -2.00  -2.31  -2.72  -2.75  -3.34  -3.18  -3.18  -3.28  -3.31   
1957 -2.70  -2.30  -2.73   0.37  -0.44   1.07  -0.88  -1.14   1.00   0.95   1.57  -0.26   
1958 -0.53  -0.42  -0.51   0.72  -0.29  -0.86  -0.13  -0.47  -1.03  -1.46  -2.04  -2.23   
1959 -2.32  -2.44  -2.30   0.50   1.32   0.71   0.63   0.64   1.50   2.49   1.63   1.10   
1960 1.13   1.68   2.27  -0.37  -0.78  -0.76   0.22   0.40   0.60  -0.14  -0.92  -1.48   
1961 -1.72   0.97   0.44   0.58   0.47   1.42   1.39   2.32  -0.65  -1.19  -1.07   1.06   
1962 0.98   0.78   0.89   1.22  -1.15  -0.66  -1.43  -1.66  -1.66  -1.61  -1.31  -1.51   
1963 -1.54  -1.95   0.89   1.03   0.76   1.49   2.02  -0.67  -0.43  -1.33   0.54   0.11   
1964 0.57   0.43   0.96   2.26   1.39   0.84   1.14   1.28   1.31   2.16  -0.26  -0.24   
1965 -0.73   0.29   0.64   0.88   0.17   0.76   0.79  -0.23  -0.59  -0.33  -0.55  -1.48   
1966 -1.56   1.04  -0.52   0.57   0.68  -0.04  -0.71   0.04   0.43   0.57   0.61  -0.37   
1967 -0.67  -0.71  -1.71  -2.23   0.21   1.14   1.18   1.97   1.60   1.36   1.23   1.73   
1968 -0.02  -0.91  -0.74  -0.97   0.21   0.45   0.76  -0.59  -0.76   0.49   0.68   0.52   
1969 0.37   0.72   0.36   0.90   0.85   1.19   0.96   1.52   2.14  -0.38   0.34   0.40   
1970 -0.43  -0.95  -1.13  -1.34  -1.58  -2.04  -1.89  -1.87  -2.33   0.79  -0.49  -0.88   
1971 0.24   0.67   0.65  -0.47  -0.37  -0.50  -0.39  -0.55   0.35   0.29   0.47   0.88   
1972 1.13  -0.43  -0.62  -1.14   1.09   1.64   1.40   0.77   0.57   0.60   0.94   1.26   
1973 1.17   1.25   2.14   2.58   3.92   4.29   3.81   3.09   2.54   2.03   1.94   2.83   
1974 3.04   3.18   2.49   2.50   2.93   2.41   2.81   2.84  -0.17  -0.73  -0.89  -1.17   
1975 -1.20   0.34   1.72   0.80   1.44   1.67   2.08   1.12   2.39   2.25   2.61   2.38   
1976 2.41   1.63   1.91   0.89   3.01   3.49   2.85   2.31   2.26   2.78  -0.27  -0.19   
1977 -0.61  -1.22   1.28  -0.29  -0.70  -1.31  -2.17  -2.19   1.48   1.84   2.94   2.64   
1978 3.77  -1.00  -1.01  -1.47  -0.74  -0.71  -1.32  -0.48  -0.98  -1.57  -1.66   0.17   
1979 1.37   1.81   1.89   3.00   3.40   3.21   3.02   2.47   3.60   3.01   4.22   3.04   
1980 2.73   1.63   3.10   2.96   2.91   2.67  -0.39  -1.22  -0.75  -0.76  -1.03  -1.83   
1981 -2.68  -1.97  -2.31  -2.80  -2.75  -2.98  -3.10  -3.23  -3.45  -3.22  -3.65   0.32   
1982 1.00   1.27  -0.85  -0.26  -0.33  -0.23  -0.05  -0.36  -0.91   0.14   0.37   0.55   
1983 0.50   0.49   0.98   1.76   1.87  -0.75  -1.67  -2.37   0.20   0.21   0.70   1.57   
1984 0.90   1.12   0.82   1.05   1.57   1.71   2.15  -0.35  -1.20  -1.22  -1.25  -1.75   
1985 -1.93  -1.24  -2.23  -2.52  -0.01   0.13   0.90   1.74  -0.73  -0.95  -0.48  -1.29   
1986 -1.82  -2.51  -2.81  -3.48  -3.41  -3.87  -4.63  -4.47  -4.46  -3.42  -2.29  -1.87   
1987 -1.74  -1.06  -1.32  -1.76  -2.14  -2.02  -1.93  -2.62  -2.27  -2.76  -2.69  -2.50   
1988 -2.35  -2.70  -3.17  -2.72  -3.29  -3.92  -3.74  -3.62  -3.34  -2.81  -2.16  -2.90   
1989 -3.18  -2.93  -3.09  -3.15   0.27   2.24   2.52   2.08   2.64   2.84   2.47   2.06   
1990 2.44   2.27   2.49  -0.31  -0.43  -1.35   0.02   0.00   0.05   1.50  -0.74  -0.81   
1991 -0.99  -1.49   0.32   0.57   1.09   1.24   0.89   1.39  -0.20  -0.78  -0.93  -1.15   
1992 -1.43   0.30  -0.13  -0.27  -0.30   0.73   0.21   1.30   1.68   1.20   3.06   3.02   
1993 3.11   2.53   2.58   2.41   2.38  -0.73  -1.43  -1.98  -2.18  -2.41  -2.27  -2.37   
1994 -2.70  -3.19  -2.95  -2.75  -2.90   1.30   2.23   2.61   2.75   2.97  -0.15  -0.73   
1995 -0.35  -0.07  -0.54  -1.27  -1.32   1.26   1.26   2.58   1.80   1.98   2.15   1.66   
1996 2.15  -0.29  -0.14  -0.33  -0.75  -0.86  -0.96   0.07   0.86   0.11   0.42   0.93   
1997 1.23   0.97   0.61   1.31   1.09   1.16   1.11  -1.07  -1.10   0.47  -0.46  -1.17   
1998 0.68   0.71   0.95   1.90  -0.36  -0.57  -1.09  -1.46  -1.77  -1.98  -1.91  -1.93   
1999 -2.19  -2.03  -2.48  -2.59  -2.81  -2.10  -2.24  -2.63  -2.73  -2.01  -1.81  -2.07   
2000 -2.05  -2.53  -2.67  -2.16  -2.88  -2.70  -2.73  -2.66  -2.53  -3.19  -2.68  -2.92   
2001 -2.97  -3.12  -2.85  -3.52  -3.40  -3.46  -2.38  -2.33  -1.52  -1.78  -2.21  -2.45   
2002 -2.30  -2.84  -2.69  -2.67  -2.35  -2.41  -2.76  -2.96   1.40   1.22   1.65   1.84   
2003 0.94   1.27   0.95   1.12   1.51   2.12   2.81   2.25   2.41   1.77   2.23  -0.15   
2004 -0.97  -0.93  -1.76  -2.09  -1.97   0.65   0.76   0.26   3.62   2.59   3.21   3.27   
2005 2.36   2.00   1.70   1.49   1.04   3.50   4.21   3.96  -0.82  -1.04  -1.25  -1.14   
2006 -1.13  -1.74  -2.55  -2.99  -3.39   0.65   0.27   0.08   0.63   0.89   0.81   0.77   
2007 1.10  -0.57  -0.81  -1.17  -1.71  -1.46  -1.49  -1.94  -2.53  -2.43  -2.54  -2.25   
2008 -2.65  -2.44  -2.10  -2.11  -2.27  -3.09  -3.06  -2.38  -2.82  -2.87  -3.02  -2.16   
2009 -2.11  -2.57   0.31   0.35   1.54  -0.48  -1.15  -1.39   1.88   2.32   2.60   3.18   
2010 3.51  -0.20  -0.67  -0.70  -0.57  -0.66  -1.27  -1.12  -1.25  -1.38  -1.57  -1.73   
2011 -2.20  -2.62  -1.47  -1.71  -2.31  -2.64  -3.04  -3.57  -3.26  -3.41  -2.58  -2.37   
2012 -2.33  -3.06  -3.39  -3.25  -2.99  -3.03  -2.56  -1.48  -1.39  -1.37  -2.19  -1.93   
2013 -0.74  -0.89 -99.99 -99.99 -99.99 -99.99 -99.99 -99.99 -99.99 -99.99 -99.99 -99.99   
