1895 1.17   0.79   1.09   1.82   1.94  -0.39  -0.68  -0.37  -1.33  -1.79  -1.94  -2.21   
1896 -2.34  -1.49  -2.01  -2.70  -3.17  -2.84  -2.01  -2.54  -2.65  -2.93  -2.46  -2.43   
1897 -2.69  -1.38  -1.05  -0.93  -1.10  -0.72  -0.63  -0.83  -1.22  -1.22  -1.47  -1.81   
1898 -2.40  -3.13  -3.29  -2.17  -2.68  -2.73   0.30   1.11   1.13   1.57   2.30   1.97   
1899 1.94   2.94   2.81   0.02  -0.68  -0.86  -1.12  -1.35  -1.76  -1.22  -1.27  -1.46   
1900 -1.67   0.78   0.74   1.50   0.94   1.49  -0.51  -1.62  -2.16  -2.04   0.03   0.45   
1901 -0.23  -0.51   0.07   1.11   2.14   2.63   2.23   3.81   3.89  -0.39  -0.77   0.81   
1902 0.20   0.95  -0.07  -0.35  -0.87  -0.92  -1.67  -1.85  -1.84   0.13   0.24   0.35   
1903 0.39   1.36   1.62   1.47   0.96   2.04  -0.45  -0.24  -0.44  -0.50  -0.89  -1.41   
1904 -1.60  -1.51  -1.70  -2.06  -2.32  -2.25  -1.85  -1.06  -1.35  -1.82  -1.71  -1.83   
1905 -2.20  -1.39  -2.10  -1.69  -0.97  -1.77  -1.41  -1.00  -1.67  -1.87  -2.35   0.90   
1906 1.44  -0.43   0.00  -0.75  -0.99   1.13   1.99   2.68   2.75   2.89  -0.45  -0.44   
1907 -1.67  -1.64  -2.59   0.62   0.89   1.43   1.16   1.01   1.31   0.62   0.98   1.70   
1908 1.89   2.14   1.71   1.66   1.21   1.27   1.24   2.46   2.09   2.36  -0.32  -0.31   
1909 -1.08  -0.86  -0.71  -0.82   0.45   1.09   1.05   1.06   1.02  -0.17  -0.91  -1.18   
1910 -1.35  -0.97  -2.10  -2.43   0.06   0.95   1.11   1.53   1.23   1.40  -0.42  -0.52   
1911 -1.23  -1.92  -2.35  -2.18  -3.03  -3.50  -3.98  -3.63  -3.86   0.45   0.60   0.98   
1912 1.09   1.53   2.15   2.13   1.97   2.05  -0.08  -0.66  -0.41  -0.72  -0.80  -1.15   
1913 -1.39   0.09   0.91  -0.37  -0.78  -0.37  -0.83  -1.24  -1.02  -0.78  -1.08  -1.02   
1914 -1.32  -0.98  -1.35  -1.38  -2.21  -2.62  -2.64  -2.50  -2.45   0.06   0.16   0.77   
1915 1.60  -0.24  -0.65  -1.23   0.82   0.84   0.14   0.74   0.19   0.56   0.37   0.48   
1916 -0.76  -0.74  -1.44  -1.77  -2.08   0.10   2.24  -0.13  -0.38  -0.48  -1.02  -1.42   
1917 -1.50  -0.02   0.45   0.33   0.31   0.41   0.98   0.45   0.95  -0.23  -0.78  -1.36   
1918 -1.07  -1.79  -2.67   1.00  -0.18  -0.52  -0.49  -0.90   0.01   0.11   0.19   0.78   
1919 0.76   0.91  -0.47  -0.84   0.44   0.83   1.55   1.46  -0.74  -1.16  -1.88  -2.13   
1920 -2.27   0.13   0.80   1.36  -0.41  -0.73  -0.79   0.82   1.18  -0.59   0.27   0.78   
1921 0.75   0.78  -0.94  -1.16   0.56   0.09   0.51  -0.31  -0.82  -1.12  -1.14  -1.88   
1922 -1.85   0.59   1.30   1.72   2.18   2.28   2.82   2.87  -0.66   0.61  -0.65  -0.23   
1923 -0.66  -0.64   0.16   0.22   1.09  -0.77  -0.91  -0.56  -1.00  -1.53  -1.52  -1.72   
1924 -1.39  -1.29  -1.66   0.84   1.19   1.33   1.79   1.17   3.54   2.87   2.12   2.42   
1925 3.36  -0.81  -1.71  -2.04  -2.24  -2.54  -3.15  -4.09  -4.99  -4.62  -3.88  -3.86   
1926 -2.86  -2.63  -2.28  -2.23  -2.80  -2.59  -2.55  -2.87  -3.41  -3.74  -3.38  -3.38   
1927 -4.03  -3.79  -3.64  -3.84  -4.09  -3.36  -2.82  -2.44  -2.95  -2.76  -3.15   0.74   
1928 -0.83   0.29   0.04   1.14   1.60   1.53   1.63   2.59   5.12   4.38   3.33   2.45   
1929 2.15   3.06   3.46   3.37   3.97   4.12   3.68   2.98   3.39   4.27   4.25   3.94   
1930 3.62  -1.00  -1.19  -1.56  -1.79  -1.45  -1.88  -2.50  -2.43  -2.51  -1.92  -1.60   
1931 -1.83  -2.46  -2.56  -1.98  -1.35  -1.69  -1.72  -0.92  -1.80  -2.32  -3.18   0.86   
1932 0.99  -0.27  -0.24  -0.39  -0.41  -0.08  -0.35  -0.68  -1.00   1.22   1.55   2.36   
1933 -0.52  -0.27  -0.88  -1.39  -1.88  -2.54  -2.32  -1.79  -2.48  -2.73  -3.22  -4.26   
1934 -4.90  -4.76  -4.33  -4.06  -2.82  -2.05  -1.79  -1.62  -1.56  -1.18  -0.81  -0.76   
1935 -1.09  -1.17  -1.74  -1.48  -1.67  -2.07  -2.26   0.32   0.93  -0.56  -0.69  -0.72   
1936 1.60   1.86   2.05   3.80   2.25   1.76   1.35   1.00   0.99   1.34   1.04   1.62   
1937 2.19   2.04   1.30   2.39   1.47   2.01   1.70   2.39   1.96   2.17   0.05  -0.02   
1938 -0.75  -1.81  -2.53   0.71   0.37   0.91   1.50  -0.70  -0.70  -1.18  -1.08  -1.12   
1939 -1.31   1.55  -0.42  -0.44  -0.48  -0.79   1.03   1.63  -0.58  -1.28  -1.61  -1.84   
1940 -1.60  -1.41  -1.60  -1.80  -1.38  -1.33  -1.90  -1.50  -2.30  -2.76  -1.66  -1.64   
1941 -2.20  -2.47  -2.51  -2.53  -3.48   0.97   2.46   2.44  -0.30  -0.91  -1.60   0.43   
1942 -0.44   0.14   1.19  -0.59   0.87   1.03   1.51   2.04   2.20   2.09   1.89   1.91   
1943 2.26  -0.72   0.29   0.41   0.03   0.15   0.49  -0.62  -0.82  -1.54  -2.00  -2.01   
1944 -1.92   0.75   1.94   2.56  -0.68  -1.54  -1.05  -1.68  -1.51  -1.00  -1.00  -1.39   
1945 -1.54  -0.94  -1.86  -2.11  -2.14  -2.85  -0.03   0.69   3.10   2.42   1.61   2.78   
1946 -0.33  -0.71  -1.19  -1.00  -0.62  -1.28  -0.91  -0.97  -1.30  -0.64  -0.90  -1.62   
1947 -1.02  -1.70   0.36   0.36   0.07   0.08   0.02   0.42   0.48   0.62   2.01   1.98   
1948 2.00   2.01   2.57  -0.51  -0.30  -0.66  -1.09  -1.09   0.36   0.33   2.30   2.48   
1949 1.53   1.65   0.65   1.40   1.37   0.76   0.80   2.48   2.50   2.30   2.22  -0.43   
1950 -1.03  -1.72  -1.69  -1.93  -1.72  -1.66  -1.50  -1.75  -1.67  -1.64  -1.87  -1.90   
1951 -2.42  -2.90  -2.78  -2.37  -2.91  -2.81  -2.38  -2.86  -2.68  -3.34  -3.09  -2.53   
1952 -2.78   0.08   0.95   1.02   0.90   0.61   0.02   2.23   2.18  -0.45  -0.68  -0.40   
1953 -0.76  -0.26  -0.38  -0.72  -0.49  -0.86  -1.67  -2.19  -1.78  -2.40  -2.87  -1.74   
1954 -1.33  -1.97  -1.86  -1.94  -1.81  -2.64  -2.87  -3.49  -4.58  -4.51  -4.39  -4.54   
1955 -4.09  -3.89  -4.38  -3.50  -3.04  -2.77  -2.38  -2.10  -2.25  -2.00  -1.78  -2.49   
1956 -2.91  -1.93  -1.84  -1.37  -1.61  -1.76  -2.18  -2.77  -2.11  -2.03  -2.43  -2.96   
1957 -3.19  -3.46  -3.08  -3.27   1.69  -0.29  -1.11  -1.59   0.43   0.28   2.14   1.72   
1958 1.88   1.77   1.56   2.41   2.13   2.18   2.73  -0.18  -0.88  -0.82  -1.57  -1.40   
1959 -1.57   0.04   0.51   0.56  -0.35  -0.73   2.16   2.15   3.62   4.62   3.77   3.13   
1960 3.86   4.42   4.42  -0.15  -0.37  -0.64  -0.36  -0.64  -0.76  -0.87  -1.40  -1.89   
1961 -2.09   1.10   0.88   1.66   1.68   2.26   1.86   1.95  -0.99  -1.62  -2.10   0.21   
1962 1.08   0.99   1.28   0.03  -1.06  -0.70  -1.27  -1.74   0.93   0.25   0.74   0.65   
1963 0.86   0.91   0.83   0.60   0.68   1.06  -0.11  -0.76  -0.24  -1.01   0.52   0.73   
1964 1.59   2.05   2.65   2.83   2.06   1.79   2.69   3.35   3.13   4.97   4.10   4.44   
1965 3.28   3.06   3.69   3.45   2.30   3.28   3.42  -0.28  -0.43  -0.53  -0.55  -1.40   
1966 -0.83  -0.58  -0.87  -1.12   0.46   0.49  -0.72  -0.65  -0.60  -0.44  -0.96  -1.20   
1967 -1.52  -1.23  -1.92  -2.28   0.59   0.60   0.84   2.55   2.60   2.01   2.19   2.10   
1968 2.56  -0.81  -1.18  -1.45   0.11   1.14   1.44  -0.91  -1.52  -1.47   0.64   0.58   
1969 0.25   0.39   0.50   1.21  -0.03   0.10  -0.46   0.14   0.57  -0.53  -1.06  -0.79   
1970 -0.86  -1.09  -0.71  -1.33  -1.27  -1.94  -2.41  -1.86  -2.33   0.92   0.51   0.37   
1971 0.68   0.91   1.62   1.45   1.99   1.58   1.88   2.24   2.05   2.85   2.62   1.89   
1972 1.95   1.94   1.53   0.78   1.50   1.94   2.27   2.16   1.90   1.46   1.73   2.51   
1973 2.33   2.22   2.25   2.54   3.06   4.53  -0.49  -0.84  -1.06  -1.21  -2.03  -1.58   
1974 -1.28  -1.02  -1.61  -1.69   0.49   0.54   0.65   1.04   1.34  -0.63  -0.57   0.86   
1975 1.58   1.81   2.37   1.97   2.68   2.23   3.58   2.75   3.13  -0.29  -0.31   0.35   
1976 -0.31  -1.30  -1.08  -1.87   0.69   1.57   1.23   0.72   1.29   2.15   2.82   3.26   
1977 2.85   1.79   2.77  -0.81  -1.30  -1.17  -2.12  -2.09   0.09   0.81   0.76   0.72   
1978 1.88  -0.80  -0.66  -0.68   0.62   0.00  -0.14  -0.34  -0.84  -1.24  -1.46  -2.11   
1979 0.46   1.45   0.98   2.02   2.20   2.79   2.66   1.82   2.66   2.34   2.63   1.83   
1980 2.13   1.36   3.17  -0.52  -0.95  -0.97  -1.87  -2.64  -1.94  -1.39  -1.15  -1.56   
1981 -2.35  -2.04  -2.39  -3.01  -2.83  -3.14  -2.94  -2.61  -2.49  -2.17  -2.59   0.81   
1982 1.54   2.04   0.99   1.77   1.74   2.24   1.91   1.67   1.13   0.96   0.88   1.05   
1983 0.96   1.40   2.26   2.37  -0.52  -1.08  -1.97  -2.80  -3.01  -2.97   0.18   1.50   
1984 1.54   1.97   1.94   2.19   2.90   2.63   3.49  -0.30  -1.05  -1.72  -2.08  -2.75   
1985 -2.49  -1.64  -2.68  -3.18  -2.95  -2.92   0.38   1.17   0.26   0.25   1.66  -0.47   
1986 -1.14  -1.92  -2.16  -2.93  -2.86  -3.45  -4.16   1.11   0.54   0.75   1.12   1.12   
1987 2.10   2.33   2.29  -0.49  -1.27  -0.66  -1.44  -2.13   1.17   0.75   1.26  -0.24   
1988 -0.16  -0.84  -1.23  -1.33  -1.51  -1.63  -1.91  -2.00   0.61   0.77   1.11  -0.81   
1989 -1.27   0.11   0.30   0.64   1.16   1.91   2.81   2.51   3.04   3.41   3.20   3.28   
1990 -0.19   0.18  -0.50  -0.98  -0.84  -1.27  -2.11  -2.02  -2.56   2.90   2.60   2.16   
1991 2.36   1.64   2.13   2.46   2.38   2.38   2.21   2.73  -0.46  -1.10  -1.42  -1.47   
1992 -1.76   0.01  -0.02  -0.07   0.08   0.83   0.04   0.72   0.49   1.40   2.74   2.42   
1993 3.03   2.69   3.13  -0.07  -0.43  -1.24  -2.20  -2.74  -2.66  -2.22  -2.06  -2.12   
1994 -1.86  -1.68  -1.49  -2.17  -2.33   0.76   0.25   0.57   0.42   0.85   0.98   1.35   
1995 1.52   1.99  -0.78  -1.50  -1.51   1.25  -0.76   0.59   0.01   0.64   1.16  -0.37   
1996 -0.10  -0.62   0.26   0.51  -0.54  -0.97  -1.62  -1.52   0.03   0.37   0.47   0.41   
1997 0.46   0.65   0.30   0.97   0.75   1.17   1.92   1.03   0.89   1.33   1.89   2.18   
1998 3.26   3.75   3.25   3.89  -0.58  -0.93  -1.53   0.06   1.24   1.26   0.91   0.90   
1999 1.00  -0.47  -0.90  -0.87  -1.18  -0.98  -1.75  -2.75  -1.76  -1.53  -1.77  -2.15   
2000 -1.23  -1.68  -1.87  -1.75  -2.43  -2.70  -2.49  -2.58  -1.09  -1.64  -1.15  -1.46   
2001 -1.85  -2.24  -1.54  -2.16  -2.30  -2.01  -2.04  -2.93  -2.91  -3.02  -3.60  -4.25   
2002 -3.78  -3.89  -3.64  -3.71  -3.18  -3.77  -4.28  -3.83  -3.81   0.34   0.66   1.13   
2003 0.54   0.80   1.74   2.50   2.96   3.18   3.45  -0.05  -0.39  -0.37  -1.00  -1.31   
2004 -1.95  -1.40  -2.22  -2.66  -3.18   0.35   0.23   0.40   2.22  -0.43  -0.19  -0.69   
2005 -1.23   0.14   0.17   0.15   0.30   0.72  -0.21  -0.45  -1.73  -1.73  -1.77  -1.02   
2006 -1.30  -1.70  -2.51  -2.87  -2.75   1.18   0.78   0.75   0.86   0.90   2.06  -0.05   
2007 -0.11  -0.41  -0.87  -0.90  -1.58  -1.03  -1.33  -2.62  -3.63  -3.80  -4.29  -3.97   
2008 -3.92  -3.62  -3.32  -2.95  -3.13  -3.87  -4.22   1.13   0.95   1.03   1.17   1.34   
2009 0.69   0.06   0.37   0.01   0.66   0.93  -0.18  -0.65  -1.14   0.51   1.11   2.62   
2010 2.75   0.00  -0.35  -1.18  -1.10  -1.62  -1.79  -1.89  -2.18  -2.70  -3.12  -3.66   
2011 -4.27  -4.45  -4.01  -4.16  -3.52  -3.74  -4.21  -4.18  -3.75  -3.39  -3.20  -3.61   
2012 -3.71  -4.11  -4.55  -4.38  -3.52  -3.16  -2.85  -2.40  -2.36  -2.78  -3.16  -2.89   
2013 -2.63  -2.69 -99.99 -99.99 -99.99 -99.99 -99.99 -99.99 -99.99 -99.99 -99.99 -99.99   
