1895 1.11   1.11   1.26   2.25   2.45  -0.40  -0.87  -0.54  -1.61  -2.10  -2.22  -2.46   
1896 -2.44  -1.31  -1.95  -2.62  -3.07  -2.60  -1.97  -2.29  -2.22  -2.56  -2.35  -2.15   
1897 -2.28  -0.69  -1.26  -1.33  -1.30  -0.92  -0.85  -0.92  -1.32  -1.15  -1.27  -1.75   
1898 -2.33  -2.81  -2.91  -1.97  -2.35  -2.42   0.19   0.78   0.64   0.24   0.74   0.51   
1899 0.70   1.73  -0.20  -0.09  -0.67  -0.77  -1.18  -1.27  -1.64  -1.09  -1.22  -1.47   
1900 -1.73   0.53   0.59   1.26   0.75   1.26  -0.45  -1.54  -2.33  -2.56  -2.49   0.36   
1901 0.25   0.13   0.17   1.22   2.59   3.05   2.61   3.53   3.55  -0.31  -0.62   0.51   
1902 0.04   0.69  -0.50  -0.64  -1.11  -1.06  -1.55  -1.56  -1.71   0.11   0.17   0.34   
1903 0.43   1.12   1.18   1.15  -0.72   1.07  -0.40  -0.17  -0.39  -0.32  -0.75  -1.07   
1904 -1.16  -0.96  -1.17  -1.63  -1.98  -1.87   0.23   0.88  -0.16  -0.35  -0.17  -0.37   
1905 -0.93  -0.42  -1.09   0.25   0.95  -0.84  -0.76  -0.50  -1.29  -1.82  -2.51   0.48   
1906 0.87   0.64   0.84  -0.69  -1.11   1.15   1.79   2.17   1.90   1.99  -0.61  -0.70   
1907 -1.69  -1.45  -2.32   0.46   0.69   1.51   1.29   1.23   1.36   0.77   1.14   1.71   
1908 1.91   2.26   1.88   1.51   1.13   1.30   1.07   2.21   1.76   2.36  -0.37  -0.62   
1909 -1.33  -1.26  -1.24  -1.37   0.51   1.41   0.05   0.07  -0.09  -0.09  -0.86  -1.14   
1910 -1.29  -0.76  -1.47  -1.97   0.13   1.17   1.26   1.64   1.32   1.65  -0.40  -0.61   
1911 -1.43  -2.12  -2.43  -2.60  -3.60  -4.10  -4.65  -4.46  -4.67   0.28   0.35   0.36   
1912 0.73   1.60   1.88   1.31   1.22   1.39  -0.09  -0.71  -0.52  -1.02  -1.07  -1.41   
1913 -1.85  -1.41  -0.77  -1.00  -1.23  -0.75  -1.08  -1.47   0.25   0.70   0.52   0.90   
1914 -0.30  -0.03  -0.35  -0.47  -1.43  -1.96  -1.99  -1.98  -2.09  -2.24  -0.01   0.21   
1915 0.91  -0.28  -0.37  -0.74   0.84   0.93   0.21   0.85  -0.43  -0.73  -1.10  -1.46   
1916 -2.19  -1.84  -2.11  -2.30  -2.49   0.34   2.51  -0.28  -0.58  -0.63  -1.17  -1.74   
1917 -1.92  -1.67  -1.74  -1.67  -0.02   0.36   0.81   0.11   0.83  -0.03  -0.43  -0.73   
1918 -0.62  -1.16  -1.72  -0.61  -0.57  -0.80  -0.67  -1.07  -0.96  -1.16  -1.20  -0.92   
1919 -0.95  -0.69  -1.36  -1.57   0.42   0.83   1.61  -0.04  -0.86  -1.45  -2.46  -2.98   
1920 -3.02   0.10   0.73   0.95  -0.68  -0.87  -0.94   0.57   0.91   0.33   0.76   0.69   
1921 0.61   0.75  -0.82  -1.07   0.71   0.23   0.81  -0.23  -0.83  -1.23  -1.46  -2.29   
1922 -2.49   0.70   0.92   1.14   1.58   1.91   2.50   2.64   1.62   2.32  -0.66  -0.46   
1923 -1.03  -1.02  -1.02   0.00   0.57  -0.91  -1.13  -0.65  -0.90  -1.30  -1.31  -1.37   
1924 -1.21  -1.17  -1.35   0.71   1.15   1.37   1.96   1.28   3.80   3.23   2.52   2.58   
1925 3.57  -0.80  -1.44  -1.77  -1.96  -2.29  -2.82  -3.70  -4.68  -5.00  -4.57  -4.79   
1926 -3.82  -3.38  -2.91  -2.75  -3.37  -3.13  -3.00  -3.55  -4.30  -4.69  -4.31  -4.54   
1927 -4.97  -4.76  -4.52  -4.91  -5.23  -4.46  -3.75  -3.30  -3.71  -3.15  -3.40  -2.57   
1928 -2.98   0.71   0.30   1.20   1.75   1.77   2.10   2.77   5.81   4.91   3.78   2.91   
1929 2.57   3.43   3.31   2.98   3.73   4.04   3.56   2.88   2.94   3.97   3.89   3.91   
1930 3.63  -0.94  -1.17  -1.38  -1.68  -1.30  -1.51  -1.96  -2.14  -2.14  -1.75  -1.33   
1931 -1.49  -2.09  -2.19  -1.98  -0.85  -1.54  -1.55  -1.09  -2.17  -2.84  -3.71  -3.94   
1932 -3.93  -3.90  -3.86  -3.91   0.06   0.68  -0.12  -0.54  -0.75   1.09   2.02   2.19   
1933 -0.53   0.49  -0.82  -1.03  -1.36  -1.85  -1.71  -2.01  -2.12  -2.71  -3.29  -4.52   
1934 -5.10  -4.88  -4.39  -4.62  -3.71  -3.45  -3.58  -3.12  -2.90  -3.13  -2.58  -2.78   
1935 -2.71  -2.97  -3.69  -3.52  -3.67  -4.26  -3.67  -3.45  -2.62  -2.80  -2.79  -0.03   
1936 0.57   0.97   1.19   2.07  -1.18  -0.99  -1.62  -2.29  -2.38   0.53   0.43   1.05   
1937 1.52   1.67   0.99   2.12  -0.65  -0.78  -1.02  -0.95  -1.08  -1.24  -0.88  -0.93   
1938 -1.48  -2.33  -2.96   1.40   1.54   1.73   2.57  -1.04  -0.01  -0.27  -0.44  -0.54   
1939 -0.82   1.27  -0.52  -0.52  -0.52  -0.71   0.39   0.85  -0.33  -0.86  -1.19  -1.57   
1940 -1.38  -0.80  -0.98  -1.14  -1.09  -1.63  -2.25  -1.18  -1.45  -2.01  -1.87  -2.13   
1941 -2.40  -2.56  -1.70  -1.38  -2.35   1.19   1.36   0.01  -0.80  -1.39  -2.10   0.78   
1942 0.33   0.34   1.00   0.32   0.15   0.18   0.24   0.70  -0.40  -0.87  -1.49  -1.46   
1943 -1.08  -1.72  -0.92  -0.71  -1.16  -1.79  -1.31  -1.55  -1.81  -2.55  -2.78  -0.02   
1944 0.19   0.59   1.41   1.49  -0.42  -1.30  -0.81  -1.24  -1.54  -1.34  -1.44  -2.00   
1945 -2.24  -2.01  -2.67  -2.70   0.14   0.75   1.00   1.94   4.64   3.93   3.13   4.29   
1946 -0.23  -0.57  -1.07   0.28   0.55   0.05   0.49   0.89   0.31   0.84  -0.02  -0.65   
1947 -0.80  -1.61   0.45   1.10   0.64   0.60   1.39   1.55   1.78   1.66   3.75   3.95   
1948 3.74   3.74   3.77   3.28   3.53   2.98   2.47   1.81   2.13   2.38   4.19   4.13   
1949 -0.94  -0.50  -1.15  -0.52  -0.62  -0.45  -0.94   0.68   0.76   0.72   0.91  -0.43   
1950 -1.06  -1.84  -1.60  -1.86  -1.81  -2.06   0.89   0.48   0.73   0.91   0.57   0.86   
1951 -0.81  -1.53  -1.32  -0.94  -1.64  -1.58  -1.56  -2.14  -1.93  -2.56  -2.48  -2.53   
1952 -2.91  -2.37  -1.74  -1.74  -1.89  -2.02  -2.59   1.17   1.33   0.91   0.99   0.83   
1953 0.40   0.78   0.81  -0.58  -1.11  -1.11  -1.89  -1.75  -1.32  -2.02  -2.09  -1.04   
1954 -1.27  -1.94  -1.96  -1.85  -1.43  -2.41  -3.04  -4.05  -4.77  -3.37  -3.40  -3.25   
1955 -2.52  -2.83  -3.32   0.53  -0.02  -0.06  -0.26  -0.39   1.29  -0.18  -0.17  -0.79   
1956 -1.16  -0.64  -0.94  -0.95  -0.87  -0.61  -1.28  -1.37   0.40   0.60  -0.35  -0.92   
1957 -1.29  -1.62  -1.16  -1.78   0.37   0.50  -0.61  -0.65   0.60   0.32   1.19   1.08   
1958 1.61   1.69   1.91   2.77   2.58   3.57   3.38   2.90   2.18   2.28   1.36   1.22   
1959 0.85   1.23   1.81   2.09   1.69   1.12   2.14   1.75   2.64   3.90   3.24   3.27   
1960 3.56   3.87   3.84   3.07   2.25   2.04   3.22   2.44   2.77   2.48   1.97   1.51   
1961 0.92   1.13   0.91   2.25   2.81   3.78   3.61   3.65  -0.34  -0.65  -0.73  -1.08   
1962 -0.70  -0.66  -0.11  -0.07  -0.86  -0.44  -1.14  -1.41  -1.05  -1.56   0.78   0.56   
1963 1.12   1.11  -0.77  -1.26  -1.01  -1.04  -1.13  -1.83  -1.67  -2.10   0.43   0.11   
1964 1.34   2.23   1.99   1.68   0.96   1.58   2.77   3.54   3.59   5.28   4.15   3.93   
1965 2.77   3.64   4.38   3.90   3.09   4.10   4.24   4.31   3.61   3.08   2.46   1.39   
1966 2.33   2.10   1.98   1.65   2.99   3.11   2.88   2.67  -0.01  -0.36  -0.86  -0.71   
1967 -0.35  -0.27  -0.89  -1.33   0.58   0.72   1.06   1.66  -0.10  -0.41   0.08   0.15   
1968 0.34  -0.64  -1.16  -1.15  -1.18  -0.02   0.76  -0.77  -1.66   1.40   1.85   1.70   
1969 1.13   1.16   1.19   1.27   1.31   1.92   1.43   2.20   2.34   1.93   2.03   2.04   
1970 2.00   1.66   2.34  -0.81  -1.28  -1.96  -1.86  -1.61  -1.87  -1.22  -1.63  -1.60   
1971 0.46   0.44   1.61   1.50   1.71   2.17   2.75   3.96   3.03   4.46   3.96   2.90   
1972 3.05   2.86   2.20   1.19   2.07   2.11   2.03   1.68   1.25   0.76   1.46   1.80   
1973 2.16   3.00   2.61   2.80   2.37   3.07   2.89   2.66  -0.33  -0.72  -1.45   0.86   
1974 0.69   0.87   0.32   0.08   1.28   0.99   0.66   2.08   2.06   1.49   1.29   1.92   
1975 2.27   2.42   2.35   2.41   2.45   1.79   2.67   1.88   2.27   1.97   1.64   2.25   
1976 0.03  -0.93  -1.31  -2.18   0.96   2.27   1.96   1.48   1.03   1.45   1.83   2.62   
1977 2.45  -0.58  -0.06  -0.74  -0.83  -0.90  -1.80  -1.83  -2.38  -2.01  -2.04   0.57   
1978 1.38  -0.56  -0.66   0.49   0.80  -0.21  -0.24  -0.35  -1.06  -1.64  -1.66  -1.87   
1979 0.52   1.07   0.92   0.73   1.45   1.65  -0.18  -0.99   1.90   1.44   1.77   1.41   
1980 1.63   1.08   2.40  -0.26  -0.13  -0.65  -1.69  -2.65  -2.75  -2.73  -2.81  -3.04   
1981 -3.48  -3.50  -3.34  -3.77  -2.98  -3.34   0.63   1.77   0.94   1.03   0.47   1.49   
1982 1.98   2.34   1.23   1.98   1.38   2.06   2.05   1.25   1.25   1.85   1.38   1.70   
1983 1.99   2.72   4.30   4.40  -0.37  -0.40  -0.98  -2.11  -2.37  -2.61   0.23   0.88   
1984 0.85   1.10   1.43   1.81   2.30   1.46   2.08  -0.54  -0.45  -0.95  -1.45  -2.42   
1985 -2.16  -1.55  -2.33  -3.01  -2.88   0.19   1.09   1.49   0.70   0.46   1.71  -0.22   
1986 -0.66  -1.25  -1.33  -2.08  -2.29  -2.83  -3.72  -2.56  -3.22   0.04   0.34   0.53   
1987 1.73   2.00   1.94  -0.14  -0.97  -0.88  -1.81  -1.67   1.02   0.70   1.37  -0.39   
1988 0.36  -0.49  -0.91  -0.50  -0.19  -0.55  -0.93  -0.95  -0.49  -0.57  -0.65  -1.33   
1989 -1.68  -1.89   0.27   1.11   1.02   1.27   1.25   1.11   1.68   1.98   1.83   2.52   
1990 -0.48  -0.93  -1.28  -1.68  -1.45  -2.50  -3.32  -2.46  -2.92   1.99   1.73   1.27   
1991 2.30  -0.61  -0.20  -0.53  -0.67  -1.14   0.09   0.79  -0.35  -0.74  -0.68  -1.14   
1992 -0.84  -1.01  -1.23  -1.25   0.64   1.57  -1.05   1.42   1.45   1.93   3.15   2.98   
1993 3.70   2.96   2.86   2.90  -0.68  -1.52  -2.56  -2.97  -2.96  -2.51  -2.80  -2.90   
1994 -1.74  -2.01  -1.60  -2.10  -2.30   0.54   0.93   1.18   1.51   2.22   2.22   4.01   
1995 4.69   4.77   3.62   2.39   1.84   3.26   2.71   3.34   2.84   3.99   4.05   3.53   
1996 3.04   2.17   2.42   2.36   1.79   1.47   1.51   1.54   2.71   2.92   2.80   2.41   
1997 2.29   2.17   1.39   1.85   1.35   1.94   2.32   1.39   1.86   2.03   2.69   3.28   
1998 4.19   5.51   5.42   5.57  -0.14  -0.80  -1.01  -1.37  -1.51  -2.16  -2.74  -2.71   
1999 -1.64  -1.96  -1.96  -1.12  -0.97  -1.15  -1.65  -2.25   2.17   3.12   2.50   2.12   
2000 3.03  -0.78  -0.78  -0.71  -1.22  -1.44  -1.31  -1.29   1.37  -0.61  -0.19  -0.52   
2001 -1.02  -1.28   0.79  -0.85  -1.42  -1.16  -1.23  -1.80  -1.88  -2.37  -3.16  -4.03   
2002 -3.97  -4.34  -4.24  -4.55  -4.22  -4.50  -4.82   0.58   0.52   0.90   1.42   1.73   
2003 0.98   0.89   1.60   2.16   2.49   3.02   3.45  -0.51  -0.88  -0.32  -0.82  -0.89   
2004 -1.26   0.59  -1.06  -1.33  -1.75  -1.75   0.02   1.96   2.54  -0.15  -0.01  -0.31   
2005 -0.82  -0.80  -0.75  -0.82   0.37   1.04   1.06   1.10  -0.74   1.36   1.83   2.01   
2006 -0.17  -0.28  -1.06  -1.06   0.40   1.63   0.88   0.65   0.85   0.92   2.25   2.24   
2007 -0.16  -0.46  -1.18  -0.98  -1.27  -0.80  -1.23  -2.04  -2.78  -2.57  -3.31  -3.12   
2008 -2.97  -2.59  -2.61  -2.20  -1.72  -2.12   0.13   0.83   1.91   2.15   2.65  -0.39   
2009 -0.80  -1.33  -1.06  -1.25   0.85  -0.09  -0.30  -0.72  -1.44  -0.01   0.69   2.05   
2010 2.18   2.03  -0.22  -0.96  -1.22  -1.14  -1.17  -1.14   1.01  -0.32  -0.72  -0.85   
2011 -1.32  -1.28  -1.28  -1.30  -1.10  -2.12  -2.74  -2.56  -2.68  -2.75  -2.68  -3.52   
2012 -3.89  -4.08  -4.21  -3.77  -2.39  -2.20  -2.14  -0.99  -1.08  -1.17  -1.16  -0.72   
2013 -1.28  -0.58 -99.99 -99.99 -99.99 -99.99 -99.99 -99.99 -99.99 -99.99 -99.99 -99.99   
