1895,1.25,0.87,1.17,1.59,1.66,-0.33,-0.58,-0.08,-0.91,-1.37,-1.58,-1.82
1896,-1.97,-1.27,-1.77,-2.49,-3.14,-3.12,-2.32,-2.70,-3.17,-3.36,-2.69,-2.56
1897,-2.71,-1.35,-0.96,-0.82,-1.13,-0.97,-0.91,-0.96,-1.04,-1.14,-1.48,-1.86
1898,-2.53,-3.32,-3.53,-2.34,-3.10,-3.33,0.46,1.30,1.41,2.04,2.88,2.52
1899,2.55,3.23,0.05,-0.06,-0.91,-1.41,-1.74,-1.79,-2.17,-1.60,-1.44,-1.57
1900,-1.86,0.85,0.77,1.51,0.97,2.23,-0.17,-1.24,-1.62,0.12,0.13,0.62
1901,0.48,0.30,0.34,1.19,2.10,2.58,2.18,3.37,3.63,-0.37,-0.70,0.66
1902,0.06,0.75,0.71,-0.33,-0.80,-0.95,-1.53,-1.60,-1.54,0.24,0.33,0.50
1903,0.46,1.48,1.64,1.32,0.95,2.08,1.54,1.67,1.73,-0.15,-0.40,-0.84
1904,-1.03,-1.09,-1.36,-1.74,-2.15,-2.33,-2.22,-1.28,-1.76,-2.32,-2.12,-2.25
1905,-2.62,-1.82,-2.48,-2.13,-1.49,-2.05,-1.87,-1.56,-2.06,-2.04,-2.18,0.99
1906,1.45,-0.61,-0.20,-0.94,-1.13,1.04,1.97,2.40,2.61,2.77,-0.51,-0.51
1907,-1.65,-1.64,-2.64,0.53,0.89,1.11,0.89,0.80,1.34,0.71,1.12,1.77
1908,1.91,2.17,1.69,1.81,1.26,1.11,1.00,1.98,1.77,1.80,-0.41,-0.58
1909,-1.34,0.27,0.41,0.13,0.54,1.01,1.06,-0.10,0.00,-0.22,-0.83,-1.07
1910,-1.33,-0.96,-2.10,-2.62,-0.02,0.99,1.20,1.41,1.11,1.28,-0.24,-0.48
1911,-1.27,-1.94,-2.45,-2.26,-3.16,-3.69,-3.93,-3.65,-3.81,0.56,0.75,1.22
1912,1.50,1.99,2.58,2.70,2.41,2.73,2.54,-0.45,0.48,-0.10,-0.08,-0.29
1913,-0.70,0.20,1.04,-0.44,-1.11,-0.75,-1.03,-1.57,-1.45,-1.35,-1.61,-1.59
1914,-1.88,-1.50,-1.84,-1.91,-2.66,-3.05,-3.15,-0.01,-0.05,0.17,0.51,0.87
1915,1.57,-0.31,-0.73,-1.39,1.04,0.01,-0.56,0.72,0.05,0.81,0.60,0.68
1916,-0.83,-0.90,-1.58,-1.95,-2.51,-2.40,2.44,-0.24,-0.46,-0.58,-0.97,-1.31
1917,-1.38,0.08,0.51,0.33,0.44,0.22,0.50,-0.61,-0.13,-0.47,-0.91,-1.57
1918,-1.38,-2.02,-2.92,0.82,-0.07,-0.31,-0.33,-0.77,-0.75,0.21,0.64,1.17
1919,1.06,1.34,-0.47,-0.92,0.48,1.06,2.06,2.07,-0.56,-0.89,-1.44,-1.48
1920,-1.52,0.03,0.73,1.33,-0.40,-0.84,-0.81,0.75,1.00,-0.58,-0.40,-0.13
1921,-0.22,-0.13,-1.07,-1.35,0.71,0.13,0.58,-0.22,-0.84,-1.11,-0.98,-1.71
1922,-1.87,0.51,1.24,1.70,2.26,2.27,2.48,2.47,-0.69,-0.15,-0.73,-0.40
1923,-0.86,0.03,0.21,0.18,1.35,0.95,0.68,1.25,-0.55,-1.11,-1.00,-1.06
1924,-0.79,-0.88,-1.29,0.90,1.20,1.23,1.57,0.72,3.26,2.69,1.95,2.32
1925,3.56,-0.79,-1.73,-2.11,-2.36,-2.88,-3.53,-4.66,-5.51,-4.78,-3.76,-3.46
1926,-2.38,-2.25,-1.95,-1.97,-2.58,-2.39,-2.14,-2.57,-2.77,-3.05,-2.72,-2.74
1927,-3.47,-3.30,-3.17,-3.45,-3.68,-2.85,-2.23,-2.03,-2.60,-2.62,-3.07,-2.06
1928,-2.65,0.29,0.09,1.21,1.78,2.03,2.36,3.38,5.62,4.94,3.81,2.88
1929,2.61,3.52,3.96,3.88,4.54,4.63,4.15,3.29,4.29,4.98,4.84,4.53
1930,4.24,-0.95,-1.07,-1.45,-1.59,-1.41,-1.64,-2.26,-1.77,-1.83,-0.87,-0.62
1931,-1.01,-1.55,-1.74,-1.71,-1.20,-1.70,-1.56,-1.64,-2.67,-3.24,-3.93,0.87
1932,1.09,1.09,-0.21,-0.66,-0.89,-0.27,-0.64,-0.12,-0.65,1.00,1.40,2.26
1933,-0.63,-0.30,-1.01,-1.50,-2.11,-2.79,-2.61,-2.65,-2.25,-2.20,-2.64,-3.48
1934,-4.12,-4.19,-3.60,-3.13,-1.84,-0.71,-0.58,-0.85,-1.22,-0.72,-1.24,-1.29
1935,-1.75,-2.05,-2.50,-1.98,-2.24,-2.83,0.19,0.89,1.45,0.81,0.56,0.36
1936,2.08,2.40,2.32,4.13,-1.27,-1.56,-1.66,-1.79,-2.00,0.50,0.33,1.00
1937,1.29,1.27,0.66,1.59,-0.41,-0.36,-1.00,0.76,0.41,0.83,-0.28,-0.55
1938,-1.31,-2.30,-2.95,0.96,0.96,1.06,1.63,-0.78,-1.11,-1.68,-1.43,-1.46
1939,-1.60,1.48,-0.14,-0.25,-0.35,-0.87,-0.80,-0.18,-0.51,-1.33,-1.77,-1.99
1940,-1.73,-1.49,-1.70,-1.88,-1.77,-1.62,-2.06,1.45,-0.60,-1.00,0.93,-0.18
1941,-0.50,-1.05,-1.06,-1.78,-2.94,1.01,2.36,-0.10,-0.82,-1.37,-1.91,0.37
1942,-0.46,-0.46,1.10,-0.69,-0.31,-0.18,-0.43,-0.40,-0.44,-0.45,-0.44,0.17
1943,0.45,-0.74,0.31,0.41,0.37,0.20,0.97,-0.66,-0.66,-1.34,-1.55,-1.49
1944,-1.55,0.46,1.75,1.86,-0.58,-1.25,-0.98,-1.48,-2.14,-2.08,-2.22,-2.82
1945,-3.14,-2.62,-3.49,-3.33,-3.20,-3.12,-2.98,-2.99,1.42,0.99,0.42,1.78
1946,-0.20,-0.48,-0.93,-0.57,-0.47,-0.87,0.35,0.30,0.15,0.99,-0.17,-0.82
1947,-0.20,-0.95,-0.39,-0.61,-0.67,-0.35,-0.61,0.32,0.21,0.58,2.30,2.40
1948,2.31,2.63,2.95,2.15,2.96,2.43,1.77,1.37,1.78,1.48,3.18,3.18
1949,-0.80,-0.30,-1.11,-0.29,-0.47,-0.59,-0.97,1.48,1.48,-0.20,-0.60,-1.07
1950,-1.71,-2.32,-2.15,-2.68,-2.16,-2.30,-1.47,-1.17,-0.69,-0.73,-0.92,-0.61
1951,-1.26,-1.75,-1.58,-1.46,-2.30,-2.00,-2.18,-2.65,-2.14,-2.42,-2.15,-1.72
1952,-1.95,-1.88,1.20,-0.02,-0.22,-0.97,-2.03,-1.46,-1.77,-2.11,-2.42,-2.34
1953,-2.44,-1.75,-1.81,-1.89,-1.40,-1.22,-1.45,-2.17,-1.15,-1.74,-2.22,-0.95
1954,-1.23,-1.98,-2.21,-2.47,-2.36,-2.69,-2.96,-3.53,-4.29,-4.68,-4.18,-4.31
1955,-3.75,-3.62,-4.00,-3.66,-2.82,-2.92,-2.29,-2.07,-2.51,-2.12,-1.84,-2.54
1956,-2.99,-2.06,-1.81,-1.02,-1.59,-1.97,-2.23,-2.68,-1.50,-1.53,-1.99,-2.22
1957,-2.29,-2.88,-2.52,-2.70,1.10,-0.19,-0.84,-1.15,0.73,1.04,2.35,2.01
1958,1.84,1.89,1.72,2.56,-0.33,-0.78,-0.17,-0.45,-1.13,-1.43,-2.11,-2.20
1959,-2.28,0.21,0.53,0.19,0.37,0.18,0.63,0.20,2.24,3.62,2.78,2.14
1960,3.26,3.94,4.00,-0.36,-0.62,-0.64,-0.61,-1.10,-0.96,-1.24,-1.79,-2.25
1961,-2.36,1.15,1.09,2.28,2.24,2.44,2.20,2.52,-0.64,-1.25,-1.59,0.41
1962,1.26,1.21,1.33,1.37,-0.83,-0.82,-1.10,-1.56,-1.34,-1.54,-1.18,-1.46
1963,0.54,0.51,0.44,0.66,0.66,1.63,-0.26,-0.97,0.81,0.07,0.66,0.91
1964,1.71,2.00,2.98,3.36,2.93,2.93,3.88,5.72,5.02,6.34,5.54,5.70
1965,4.39,4.11,4.52,4.12,2.89,4.36,4.36,-0.02,0.00,0.03,-0.15,-0.92
1966,0.73,0.93,0.44,0.19,0.48,0.59,0.44,0.53,0.49,0.47,-0.31,-0.37
1967,-0.65,-0.52,-1.24,-1.43,0.79,1.10,1.11,2.22,2.08,1.60,2.17,1.98
1968,2.24,-0.79,-1.26,0.02,0.45,1.49,2.18,-0.44,-0.79,-0.78,0.44,0.46
1969,0.32,0.01,0.07,1.22,1.34,1.07,0.60,0.87,1.26,-0.55,-0.85,-0.61
1970,-0.86,-1.22,0.57,-0.62,-0.68,-1.31,0.72,0.63,0.23,1.26,0.87,0.93
1971,1.28,1.43,2.40,2.11,2.42,2.16,3.12,3.86,4.27,4.16,3.82,3.11
1972,3.48,3.08,2.42,1.46,2.25,3.10,3.13,2.97,2.29,1.64,1.77,2.25
1973,2.19,2.19,2.29,2.44,2.95,4.51,-0.08,-0.29,-0.04,-0.46,-1.08,-1.16
1974,-0.58,-0.49,-1.26,-0.03,0.22,0.01,0.05,0.51,0.58,-0.63,-0.63,0.59
1975,0.94,1.35,1.94,1.86,2.40,1.96,3.22,2.75,3.53,3.16,3.25,3.35
1976,-0.27,-1.16,-0.96,-1.74,1.13,1.56,1.72,1.06,1.69,2.82,3.56,3.94
1977,-0.09,-0.82,0.77,-0.73,-1.26,-1.68,-2.34,0.26,0.33,0.86,0.53,0.59
1978,1.56,-0.80,-0.74,-0.75,-0.38,-0.27,-0.49,-0.38,-1.13,-1.61,-1.85,-2.44
1979,0.19,1.32,0.75,1.56,2.18,-0.33,-0.11,-0.51,-0.02,-0.26,-0.20,-0.70
1980,0.59,0.11,2.17,-0.54,-0.66,-0.61,-1.91,-3.10,-2.14,-1.74,-1.49,-1.85
1981,-2.56,-2.00,-2.38,-2.93,-3.10,-2.87,-2.61,-2.01,-2.29,-1.96,-2.28,1.26
1982,1.55,2.01,-0.91,0.72,0.27,0.71,0.65,-0.36,-0.58,0.08,0.18,0.72
1983,0.82,1.23,1.86,2.41,-0.39,-0.70,-1.51,-2.10,0.33,0.06,0.96,2.00
1984,2.12,2.49,2.28,2.55,2.98,-0.72,0.71,0.79,-0.80,-1.36,-1.64,-2.35
1985,-2.25,-1.22,-2.24,-2.72,-2.90,-2.87,0.59,0.92,-0.84,1.16,2.57,-0.51
1986,-1.09,-1.80,-2.06,-2.76,-2.37,-2.75,-3.52,1.51,0.79,1.04,1.79,1.83
1987,2.77,2.82,2.78,-0.74,-1.22,-0.99,-1.86,-2.06,-1.93,-2.30,-2.11,-2.51
1988,-2.12,-2.40,-2.67,-2.52,-2.57,-2.47,-2.76,-2.69,0.65,1.19,1.34,-0.80
1989,-1.17,-1.04,-0.99,0.30,0.66,1.86,2.98,2.65,3.06,3.08,2.65,2.80
1990,-0.10,0.16,-0.37,-0.74,-0.67,-1.00,-1.65,-1.79,-2.11,2.04,1.70,1.32
1991,1.86,1.19,1.77,1.70,1.70,2.40,2.89,3.34,-0.41,-0.99,-1.18,-1.38
1992,-1.60,-1.51,-1.30,-1.48,-1.56,0.66,-0.61,0.97,0.88,1.81,3.40,3.31
1993,3.69,3.52,4.05,-0.30,-0.64,-1.65,-2.41,-3.22,-3.10,-2.27,-2.22,-2.08
1994,-1.85,-1.71,-1.46,-2.24,-2.41,1.74,2.11,3.21,3.18,3.84,3.65,3.70
1995,3.91,4.13,2.91,1.76,1.16,1.98,1.53,2.81,3.13,3.50,3.95,3.38
1996,3.14,2.48,2.88,2.81,2.25,1.66,1.07,1.39,1.52,1.85,1.92,1.73
1997,1.77,1.88,1.38,1.48,1.20,1.60,1.97,1.16,1.53,2.01,2.61,2.98
1998,3.32,3.78,3.46,4.03,3.96,-0.02,-0.60,-1.13,-0.49,-0.80,-1.18,-1.64
1999,-1.43,-1.52,-1.75,-1.94,-2.06,-0.96,-1.00,-1.65,-1.43,-1.33,-1.57,-2.12
2000,-0.91,-1.65,-1.87,-2.15,-3.04,-3.26,-3.29,-2.78,-1.35,-1.82,-1.33,-1.60
2001,-1.96,-2.23,-1.12,-1.79,-1.95,-0.80,-0.81,-1.73,-2.07,-2.46,-2.87,-3.57
2002,-3.54,-3.63,-3.14,-3.61,-3.00,-3.52,-4.03,-3.97,0.50,0.45,0.91,1.40
2003,0.79,0.85,1.78,2.45,3.38,3.84,5.07,5.11,-0.12,-0.06,-0.42,-0.77
2004,-1.27,-0.61,-1.65,-2.23,-2.50,1.25,0.93,0.78,2.69,2.02,2.22,1.39
2005,0.69,0.87,0.91,0.87,0.92,2.06,2.33,2.35,-0.87,-0.48,-0.60,-0.11
2006,-0.32,-0.42,-1.20,-1.80,-2.06,-1.66,-1.89,-1.90,-1.74,-1.59,-1.09,-0.91
2007,-0.87,-1.18,-1.58,-1.98,-2.47,-2.28,-2.13,-2.95,-3.59,-3.83,-3.94,-3.45
2008,-3.35,-2.96,-2.84,-2.57,-2.61,-3.35,-3.48,-3.18,-3.32,0.13,0.72,1.10
2009,-0.55,-0.85,-0.24,-0.37,-0.18,-0.45,-0.71,0.10,0.34,1.68,2.52,3.77
2010,3.80,-0.01,-0.32,-1.07,-1.44,-1.90,-2.88,-1.94,-2.12,-2.32,-2.60,-2.93
2011,-3.41,-3.62,-2.94,-2.99,-3.06,-3.01,-3.58,-4.50,-4.28,-4.01,-3.71,-3.96
2012,-4.20,-4.35,-4.92,-5.14,-4.89,-4.20,-4.00,-3.34,-3.52,-3.81,-3.85,-3.16
2013,-3.04,-2.29,-99.99,-99.99,-99.99,-99.99,-99.99,-99.99,-99.99,-99.99,-99.99,-99.99
