1895 1.20   1.11   1.28   1.90   1.99  -0.53  -0.96  -0.13  -0.98  -1.44  -1.52  -1.74   
1896 -1.79  -0.83  -1.38  -2.17  -2.95  -2.69  -1.88  -1.98  -2.25  -2.50  -2.20  -1.96   
1897 -2.08   1.35  -0.27  -0.40  -0.78  -0.44  -0.44  -0.27  -0.49  -0.44  -0.65  -1.29   
1898 -2.02  -2.73  -3.00  -1.91  -2.75  -2.89   0.30   1.45   1.43   1.43   2.14   1.85   
1899 1.98   2.76  -0.34  -0.31  -1.12  -1.42  -1.88  -1.67  -1.99  -1.23  -1.20  -1.42   
1900 -1.73   0.59   0.57   1.30   0.81   2.15  -0.41  -1.40  -1.96  -0.04   0.01   0.56   
1901 0.51   0.40   0.40   1.26   2.24   2.82   2.17   2.79   2.82  -0.43  -0.74  -0.32   
1902 -0.70  -0.03  -0.19  -0.42  -0.82  -0.81  -1.47  -1.47  -1.63   0.35   0.45   0.64   
1903 0.70   1.48   1.33   1.05   0.71   2.04  -0.49   0.00  -0.04  -0.09  -0.50  -0.85   
1904 -1.01  -0.93  -1.22  -1.64  -2.16  -2.28  -1.99  -0.77  -0.99  -1.31  -1.15  -1.37   
1905 -1.84  -1.26  -1.83  -1.48  -0.89  -1.66  -1.51  -1.39  -2.14  -2.43  -2.84   0.57   
1906 0.96  -0.31  -0.10  -0.79  -1.00   1.29   2.05   2.28   2.18   2.26  -0.47  -0.52   
1907 -1.49  -1.33  -2.28   0.44   0.74   1.18   0.93   1.02   1.34   0.67   0.97   1.57   
1908 1.79   2.14   1.65   1.60   1.05   1.14   0.82   1.74   1.42   1.79  -0.27  -0.60   
1909 -1.31   0.07   0.21  -0.36   0.36   1.11  -0.01   0.02   0.07  -0.06  -0.75  -0.99   
1910 -1.20  -0.69  -1.52  -2.15  -2.05   1.03   1.29   1.55   1.30   1.61  -0.35  -0.66   
1911 -1.50  -2.20  -2.64  -2.83  -3.70  -4.10  -4.53  -4.26  -4.40   0.68   0.80   0.99   
1912 1.41   2.21   2.49   2.07   1.87   2.01  -0.09  -0.55  -0.23  -0.42  -0.44  -0.73   
1913 -1.25   0.30   0.82  -0.38  -1.14  -0.82  -1.31  -1.74  -1.54  -1.25  -1.43  -1.17   
1914 -1.34  -0.99  -1.27  -1.43  -2.25  -2.68  -2.70  -2.49  -2.39  -2.25  -2.03  -1.88   
1915 -0.97  -1.21  -1.30  -1.69   1.15   1.09  -0.70  -0.22  -0.88  -0.43  -0.58  -0.89   
1916 -1.68  -1.50  -1.88  -2.14  -2.75   0.01   2.38  -0.53  -0.82  -0.93  -1.45  -1.99   
1917 -2.22  -1.97  -1.84  -1.81   0.12   0.16   0.60   0.07   0.55  -0.35  -0.87  -1.40   
1918 -1.33  -1.82  -2.46  -1.44  -1.37  -1.57  -1.51  -1.70  -1.55  -1.56  -1.44  -1.15   
1919 -1.16  -0.81  -1.37  -1.68   0.39   0.93   1.52   1.54  -0.70  -1.50  -2.25  -2.50   
1920 -2.57   0.07   0.71   0.98  -0.37  -0.80  -0.93   0.53   0.87  -0.55  -0.25  -0.41   
1921 -0.43  -0.19  -1.00  -1.41   0.75   0.15   0.68  -0.26  -0.85  -1.15  -1.23  -2.10   
1922 -2.49   0.52   0.87   1.16   1.88   2.00   2.53   2.64   1.69   2.44  -0.58  -0.31   
1923 -0.92  -0.85  -0.79  -0.80   1.27  -0.73  -0.99  -0.43  -0.85  -1.31  -1.28  -1.23   
1924 -1.09  -1.13  -1.35   0.84   1.07   1.20   1.65   0.94   3.51   3.01   2.38   2.61   
1925 3.78  -0.77  -1.53  -1.94  -2.24  -2.78  -3.38  -4.41  -5.30  -5.23  -4.50  -4.46   
1926 -3.46  -3.13  -2.72  -2.59  -3.16  -2.81  -2.71  -3.48  -3.99  -4.33  -3.93  -4.15   
1927 -4.70  -4.59  -4.29  -4.80  -5.11  -4.15  -3.48  -3.24  -3.72  -3.40  -3.73  -3.02   
1928 -3.37   0.64   0.38   1.36   1.93   2.33   2.52   3.62   6.36   5.28   4.15   3.20   
1929 2.85   3.72   3.84   3.58   4.26   4.47   3.86   3.11   3.43   4.26   4.13   4.20   
1930 3.98  -0.92  -0.98  -1.18  -1.41  -1.31  -1.70  -2.28  -2.21  -2.18  -1.69  -1.44   
1931 -1.45  -2.00  -2.10  -1.87  -1.30  -1.81  -1.66  -2.16  -3.11  -3.63  -4.32  -3.81   
1932 -3.70  -3.24  -3.19  -3.43  -3.16   0.72  -0.75   0.39   0.36   1.06   1.19   1.41   
1933 -0.46  -0.04  -0.74  -1.25  -1.48  -2.14  -2.40  -2.78  -2.93  -3.20  -3.50  -4.58   
1934 -5.28  -5.05  -4.92  -4.78  -3.72  -3.75  -3.91  -4.10  -4.06  -3.99  -3.65  -3.84   
1935 -4.25  -4.52  -4.81  -4.39  -4.44  -4.87   0.26   0.77   1.50   0.97   0.90   0.87   
1936 1.34   1.51   1.33   2.98  -1.03  -1.70  -1.76  -1.36  -1.61   0.74   0.50   0.93   
1937 1.13   1.19   0.78   1.79   1.13   1.30   1.02   1.59  -0.20  -0.26  -0.08  -0.16   
1938 -0.87  -1.82  -2.71   1.17   1.26   1.89   2.25  -0.91  -0.86  -1.16  -1.07  -1.33   
1939 -1.75   1.55  -0.61  -0.72  -0.82  -1.08  -1.03   0.43  -0.06  -0.68  -1.13  -1.55   
1940 -1.57  -1.26  -1.39  -1.60  -1.70  -1.67  -2.36  -1.86  -2.40  -2.88  -2.20  -2.57   
1941 -2.90  -3.01  -2.61  -2.76  -3.60   1.91   2.29   2.33  -0.67  -1.17  -1.76   1.06   
1942 0.70   0.58   1.37   0.74   1.07   1.20   1.50   1.66  -0.26  -0.78  -1.08  -0.86   
1943 -0.70  -1.37   0.52   0.63  -0.08  -0.52  -0.16  -0.65  -0.83  -1.50  -1.68   0.11   
1944 0.14   0.44   1.29   1.47  -0.80  -1.57  -1.14  -1.84  -2.05  -1.52  -1.65  -2.22   
1945 -2.58  -2.53  -3.17  -3.29  -3.05  -3.07  -2.87   0.21   2.77   2.31   1.77   2.96   
1946 -0.28  -0.63  -1.01  -0.97  -0.71  -1.23  -0.96  -0.79  -1.26  -0.56  -0.57  -1.24   
1947 -1.20  -1.94   0.38   0.85   0.75   0.50   1.13   1.55   1.96   1.90   3.67   4.16   
1948 3.84   3.94   4.14   3.35   3.59   2.70   1.93   1.27   2.06   2.51   4.01   4.11   
1949 -0.93  -0.48  -1.17  -0.64  -0.74  -1.14  -1.59   1.98  -0.05  -0.35  -0.31  -0.75   
1950 -1.28  -2.04  -1.81  -2.13  -1.94  -2.21  -1.26  -1.45  -0.85  -0.86  -0.99  -0.57   
1951 -1.14  -1.74  -1.32  -1.14  -1.96  -2.05  -1.81  -2.55  -2.44  -2.90  -2.66  -2.71   
1952 -2.99  -2.45  -1.57  -1.32  -0.93  -1.31  -2.13  -0.62  -0.57  -0.88  -1.09  -1.01   
1953 -1.22  -0.60  -0.78  -1.14  -1.36  -1.40  -1.86  -1.72  -0.92  -1.53  -1.73  -0.59   
1954 -1.01  -1.74  -2.13  -2.21  -1.97  -2.22  -3.21  -3.65  -4.40  -4.13  -4.22  -4.44   
1955 -3.77  -3.88  -4.19  -3.77  -3.14  -2.93  -2.76  -2.98  -2.81  -2.60  -2.54  -3.17   
1956 -3.52  -2.71  -2.56  -2.16  -2.47  -2.66  -2.82  -2.95  -2.32  -2.00  -2.36  -2.71   
1957 -3.00  -3.49  -2.99  -3.22   0.88   0.90  -0.82  -0.97   0.28   0.18   1.46   1.20   
1958 1.39   1.50   1.55   2.60   2.25   2.16   2.33  -0.18  -0.86  -0.80  -1.59  -1.59   
1959 -1.58   0.46   1.06   0.87   1.35   0.86   2.73   2.38   3.83   5.67   4.73   4.39   
1960 4.86   5.17   5.26   4.90  -0.54  -0.97  -0.43  -0.88  -0.39  -0.55  -0.97  -1.30   
1961 -1.35   0.75   0.62   2.24   2.28   2.37   2.50   4.05  -0.41  -0.88  -1.20  -1.28   
1962 0.65   0.78   1.00   1.01   0.11   0.91  -0.27  -0.90  -0.70  -1.06   0.74   0.57   
1963 1.31   1.28  -0.42  -0.53  -0.53  -0.19  -0.21  -1.17  -0.57  -1.21   0.70   0.95   
1964 2.14   2.72   2.93   2.76   2.23   2.00   3.18   4.23   4.08   6.22   5.18   5.02   
1965 3.91   4.17   4.78   4.36   3.25   4.50   4.67   4.28   3.90   3.61   3.21   2.27   
1966 3.04   2.75   2.47   2.15   3.15   3.23  -0.12  -0.08  -0.14  -0.35  -0.84  -0.90   
1967 -0.83  -0.63  -1.12  -1.40   1.10   0.90   1.30   1.96   1.82   1.18   1.42   1.24   
1968 1.69  -0.67  -1.23   0.01   0.07   0.86   1.30  -0.67  -1.42   0.60   1.12   1.11   
1969 0.77   0.78   0.90   1.06   1.67  -0.16  -0.42  -0.37  -0.52  -0.76  -1.07  -1.03   
1970 -1.01  -1.07   0.94  -0.81  -1.04  -1.04  -1.39   0.48   0.20   0.84   0.52   0.76   
1971 0.94   1.05   2.32   2.24   2.00   1.92   2.77   3.18   2.63   3.04   2.78   2.09   
1972 2.79   2.55   2.01   1.00   1.78   2.31   2.13   1.91   1.46   1.01   1.53   2.00   
1973 2.26   2.80   3.03   3.19   2.90   4.92  -0.27  -0.32  -0.59  -1.01  -1.74  -1.27   
1974 -0.91  -0.55  -1.06  -1.22  -0.99  -1.18  -1.37   0.25   0.56  -0.61   0.04   0.59   
1975 0.93   1.25   1.29   1.57   2.68   2.64   3.64  -0.61  -0.13  -0.61  -0.73  -0.35   
1976 -0.14  -1.05  -1.27  -2.07   1.12   2.43   2.27   1.52   1.54   2.08   2.61   3.55   
1977 3.34  -0.62  -0.11  -0.90  -1.35  -1.29  -2.14  -1.55  -1.90  -1.59  -1.83   0.45   
1978 1.73  -0.59  -0.77  -0.37  -0.20  -0.50  -0.60  -0.98  -1.39  -1.84  -1.75  -2.11   
1979 0.47   1.53   1.03   1.53   2.06   2.20   2.37   2.00   3.50   2.88   3.23   2.65   
1980 2.82   2.18   3.58  -0.34  -0.21  -0.58  -1.57  -2.57  -1.89  -1.77  -1.73  -2.09   
1981 -2.61  -2.49  -2.55  -2.96  -2.91  -2.72  -2.25  -1.36  -1.98  -1.91  -2.21   1.18   
1982 1.54   1.68   0.69   1.39   0.77   1.01   1.41  -0.17  -0.10  -0.13  -0.39   0.28   
1983 0.59   1.12   2.28   2.84  -0.74  -1.07  -1.59  -2.33  -2.15  -2.24   0.27   1.26   
1984 1.40   1.58   1.83   2.21   3.42   2.79   3.44  -0.38  -1.09  -1.51  -1.86  -2.66   
1985 -2.54  -1.55  -2.41  -3.05  -3.09   0.12   0.53   1.25   0.44   0.81   2.23  -0.20   
1986 -0.76  -1.26  -1.35  -2.15  -2.70  -3.59  -4.46  -3.36  -3.86   0.48   1.29   1.21   
1987 2.43   2.57   2.77  -0.61  -1.28  -0.84  -1.42  -1.65   0.87   0.65   1.01  -0.36   
1988 -0.07  -0.49  -0.98  -0.70  -0.67  -1.02  -1.24   0.31   0.84   0.77   0.79  -0.57   
1989 -0.95  -1.12   0.22   0.66   0.77   1.51   2.38   2.27   2.90   3.09   2.79   3.16   
1990 -0.26  -0.71  -1.21  -1.80  -1.54  -2.02  -2.66  -2.34  -2.81   2.97   2.57   1.90   
1991 2.64   1.77   2.36   2.11   2.71   2.61   3.93   4.62   3.92   3.17   2.66   2.21   
1992 2.10   1.99   1.54   1.28   1.21   1.70   0.83   1.66   1.54   1.83   3.00   3.05   
1993 4.23   3.66   3.81  -0.16  -0.62  -1.15  -2.00  -2.83   0.11   0.63   0.46   0.29   
1994 0.60   0.51   0.71  -0.82  -1.20   0.76   0.94   1.44   1.78   2.53   2.82   3.43   
1995 3.85   4.37   3.41   2.23   1.45   2.69   2.44   3.23   3.13   3.53   3.70  -0.04   
1996 0.10  -0.70  -0.16  -0.11  -0.36  -0.89  -1.45  -1.36   0.01   0.26  -0.10  -0.30   
1997 0.36   0.55  -0.59   0.65   0.47   1.26   1.71   1.03   1.42   2.05   2.84   3.43   
1998 4.33   4.99   4.79   5.02   0.04  -0.48  -1.25  -1.91  -1.26  -1.73  -2.20  -2.38   
1999 -1.73  -1.91  -2.08  -1.86  -1.92  -1.56  -2.10  -2.83  -2.18  -1.88  -2.15  -2.39   
2000 -0.95  -1.53  -1.29  -1.45  -2.24  -2.52  -2.68  -2.98  -1.77  -2.28  -1.73  -1.93   
2001 -2.05  -2.17  -1.48  -2.15  -2.08  -1.42  -1.50  -2.22  -2.42  -2.77  -3.44  -4.28   
2002 -4.37  -4.73  -4.46  -4.49  -3.43  -3.83  -4.45  -4.22   0.05   0.48   0.76   1.10   
2003 0.61   0.78   1.65   2.60   2.91   3.46   4.45   3.90   3.55   3.64  -0.38  -0.40   
2004 -0.91  -0.09  -1.11  -1.68  -1.97   0.68   0.64   0.86   2.02  -0.43  -0.18  -0.48   
2005 -0.78   0.23   0.27   0.26   0.48   0.81   1.41   1.33  -1.10  -1.01  -1.07  -0.72   
2006 -0.68  -0.58  -1.32  -1.81  -2.01   1.02   0.28   0.24   0.25   0.32   1.44   1.51   
2007 1.46  -0.17  -0.41  -0.38  -1.11  -0.64  -1.06  -1.97  -2.73  -2.83  -3.37   0.55   
2008 0.60   0.70  -0.26  -0.11  -0.05  -0.65  -0.86   0.85   0.79   1.30   2.46  -0.04   
2009 -0.45  -0.75   0.18   0.09   0.84   0.89  -0.05  -0.67  -1.40   0.76   1.38   3.08   
2010 3.24  -0.05  -0.37  -1.05  -1.39  -1.59  -1.57  -1.34  -1.74  -1.95  -2.28  -2.65   
2011 -2.98  -2.79  -2.23  -1.98  -1.96  -2.39  -2.98  -3.18  -2.71  -2.46  -2.44  -2.90   
2012 -3.22  -3.30  -3.55  -3.59   0.66   0.81   0.93   1.82  -0.41   0.78   0.56   0.67   
2013 -1.10   0.91 -99.99 -99.99 -99.99 -99.99 -99.99 -99.99 -99.99 -99.99 -99.99 -99.99   
