1895 0.53   0.82   1.16   1.11   1.06   1.75   1.85  -0.14  -0.59  -0.97   0.34   0.09   
1896 0.24   0.16   0.34   0.74  -0.28  -0.21  -0.58  -1.22   0.27   0.16   1.07   0.75   
1897 1.45   1.62   2.14   2.31  -0.74  -0.77   0.57   0.73  -0.89  -1.46  -1.49  -1.66   
1898 -1.81  -1.91  -2.30  -2.74  -2.43  -3.34  -3.46  -4.06  -4.10  -3.67  -3.73  -3.69   
1899 -3.54  -3.77  -3.65  -3.68  -2.79  -2.71  -3.20  -2.88  -3.28  -2.91  -3.19  -3.11   
1900 -3.24  -3.23  -2.94  -3.92  -5.38  -6.14  -5.91  -4.60  -2.74  -2.66  -2.72  -2.79   
1901 -2.93  -2.98  -3.22  -4.10  -5.38   1.03   0.88   0.80   1.93   2.11   1.47   1.40   
1902 0.96   0.99   1.91  -0.06  -0.36  -0.17  -1.34   0.69  -0.45  -0.87  -1.19  -0.62   
1903 -0.57  -0.61  -0.86  -1.39  -1.65  -2.25  -2.49   0.98   1.65  -0.60  -0.96  -0.59   
1904 -0.63  -0.71  -1.41  -1.75  -2.17  -1.69  -2.19  -2.29  -2.42  -2.56  -2.98  -2.62   
1905 -2.43  -2.47  -2.92  -3.80   0.51   1.03   2.37   2.32   1.71   1.89   2.15  -0.28   
1906 -0.16  -0.36  -0.74  -1.34   0.80  -0.02  -0.76   1.08   1.30   1.35   1.38   1.62   
1907 2.42  -0.06  -0.53  -0.94   0.75   0.54   0.95  -0.77  -0.58  -0.78  -1.14  -1.14   
1908 -1.32  -0.98  -0.97  -1.46  -1.16  -0.99  -1.28  -1.27  -1.84   0.66   0.85   1.05   
1909 -0.02  -0.14  -0.76  -0.97   1.00   1.04  -0.11   0.19  -0.38  -0.42  -0.49   1.16   
1910 1.52   0.00  -0.61  -1.26  -1.87  -2.69  -3.06  -3.10  -2.76  -3.01  -3.04  -2.81   
1911 -2.38  -2.16  -2.69  -3.04  -3.66  -5.10  -5.53  -4.30  -3.58  -2.90  -2.43  -2.05   
1912 -1.97  -2.09  -2.53  -2.31  -2.21  -3.16  -2.62  -1.87  -1.25  -1.72  -2.09  -2.11   
1913 -1.96  -2.18  -2.19  -2.94  -3.09  -4.16  -4.46  -4.57  -4.34  -3.60  -3.69  -3.79   
1914 -3.60  -3.38  -3.50  -3.58  -3.53  -2.64  -2.97  -2.86  -2.65  -2.21  -2.53  -2.30   
1915 -1.94  -1.42  -1.77  -2.58   0.07   0.69   1.38   1.24   1.68   1.63   1.45   1.30   
1916 2.06   1.74   1.84   1.39   1.61   1.77   1.80   2.49   2.06   1.62   1.15   1.53   
1917 1.91   1.72   1.47   1.66  -0.13  -0.59  -0.96  -1.30  -1.29  -1.34  -1.91  -1.80   
1918 -1.33  -1.42  -1.93  -1.62  -1.53  -2.22  -1.97  -1.46  -1.80  -2.47  -1.99  -1.37   
1919 -1.61  -1.30  -1.26  -1.01  -0.87  -1.29  -1.33  -1.99  -2.24   0.76   1.17   0.93   
1920 1.11   0.97   1.23   1.62   2.05   2.65   2.66   2.58   2.50  -0.53  -0.34  -0.33   
1921 -0.40  -0.56  -0.58  -0.88  -0.89  -2.01   0.07   0.16   1.26   0.99   0.85   0.73   
1922 0.96   1.06  -0.21  -0.99  -0.89  -0.91  -0.83  -1.52  -1.94  -2.06   1.78   1.88   
1923 1.80   0.00  -0.21  -0.48  -0.94   0.12   0.61   1.35   2.05   1.94  -0.42  -0.60   
1924 -0.83  -0.76  -0.94  -1.29  -1.87  -0.88  -1.34  -1.40  -1.18  -0.59  -0.83  -0.71   
1925 -0.73  -0.95  -1.57  -2.61  -3.35  -2.19  -2.70  -3.51  -3.58  -3.22  -3.18  -3.07   
1926 -2.40  -2.46  -2.98  -3.96  -4.46  -4.71  -5.09  -4.86  -3.99  -3.46  -3.34  -3.20   
1927 -3.08  -3.13  -3.32   0.38   1.64   1.08   1.65   2.02  -0.29  -0.40  -0.45   0.41   
1928 -0.26  -0.47  -0.82  -1.26  -2.28  -1.83  -1.66  -1.46  -1.37  -1.58  -1.48  -1.64   
1929 -1.19  -1.24  -1.05  -1.19  -1.01  -1.82  -2.48  -3.17  -2.18  -1.40  -1.36  -1.36   
1930 -1.31  -0.94  -1.48  -1.92  -1.95  -2.41  -3.76  -3.71  -3.97  -2.87  -2.37  -2.31   
1931 -2.36  -2.12  -1.76  -2.37  -2.47  -2.71  -3.25  -2.80  -3.07  -3.07   0.10   0.41   
1932 0.56  -0.34  -0.64   0.38   0.73   0.94   0.91   0.83   0.60   0.81  -0.39  -0.51   
1933 -0.65  -0.93  -0.78  -1.13  -0.85  -2.31  -2.89  -3.59  -3.89  -4.15  -4.08  -3.73   
1934 -3.84  -3.99  -4.22  -5.25  -7.26  -7.79  -8.80  -9.44  -8.75  -7.71  -7.44  -7.00   
1935 -6.73  -6.29  -5.79  -4.27  -3.83  -3.58  -3.12  -3.43  -3.97  -4.19  -3.88  -3.51   
1936 -3.13  -3.01  -2.97  -3.05  -4.19  -5.77  -7.68  -7.96  -8.06  -7.81  -6.88  -6.44   
1937 -5.54  -5.11  -4.75  -4.75  -4.86  -4.39  -3.92  -4.35  -4.55  -4.69  -4.57  -4.18   
1938 -3.75  -3.45  -3.44  -3.68  -3.58  -3.52  -4.04  -4.76  -3.97  -4.52  -4.18  -4.09   
1939 -3.70  -3.29  -3.77  -4.26  -5.03  -3.72  -4.44  -4.68  -5.11  -4.61  -4.79  -4.52   
1940 -4.51  -4.24  -3.82  -2.76  -3.43  -3.96  -3.99  -3.98  -4.61  -4.53  -4.33  -4.17   
1941 -3.77  -3.70  -3.88  -3.46  -4.18  -2.76  -2.86  -3.35   1.69   1.96   1.42   0.92   
1942 0.44   0.50   0.89   0.69   2.28   3.68   4.93   5.36   5.50   4.65   4.09   3.59   
1943 3.71   3.39   3.14   2.01   2.04   3.34   3.18   3.39   2.81   2.59   2.56   2.09   
1944 2.27   2.24   2.16   1.96   1.53   2.26   2.92   4.14   3.73   3.01   4.30   3.78   
1945 3.78   3.85   3.80   3.50   3.54   3.85   4.08   3.65   4.00   2.90   2.27   2.01   
1946 1.50   1.40   1.87   1.34   1.48   1.67   1.93   2.18   3.61   4.78   4.35   3.91   
1947 3.73   3.36   2.99   3.22   2.42   3.46   2.88   2.07   1.68   2.44   2.89   2.39   
1948 2.14   2.17   1.75   1.98   1.12   1.45   2.18   1.76   0.74   0.89   1.03   0.76   
1949 2.04  -0.04  -0.11  -0.69  -0.61  -1.40  -0.96  -1.14  -1.28   1.20   0.70   1.06   
1950 1.82   2.19   2.64   2.58   3.81   2.82   2.75   3.03   2.87  -0.47  -0.69  -0.84   
1951 -0.88  -0.41  -0.49  -0.87   0.04   0.59   0.38   2.19   2.27   3.22   2.68   3.67   
1952 3.87   4.39   4.19  -0.68  -1.21  -1.06  -1.24  -1.26  -2.09  -2.53  -2.28  -2.20   
1953 0.02   0.02   0.55   1.67   2.47   3.67   4.21   4.85  -0.18  -0.12  -0.31  -0.21   
1954 -0.21  -0.56  -0.46  -0.89  -0.95  -0.20  -0.72  -0.61  -0.57  -0.38  -0.83  -1.06   
1955 -1.25  -1.03  -1.67  -2.42  -2.78  -2.82  -3.42  -4.13  -3.66  -4.13  -3.87  -3.50   
1956 -2.75  -2.78  -2.73  -3.05  -2.69  -3.37   0.58   0.91  -0.58  -0.96   1.24  -0.19   
1957 -0.34  -0.45  -0.95   0.42   2.15   2.72   3.30   4.08   4.42   4.57   4.31   3.75   
1958 3.50   3.80   3.31   3.51   2.79   2.66   3.13  -0.07  -0.85  -1.25  -0.79  -0.87   
1959 -0.93  -0.71  -1.30  -2.01  -1.14  -1.79  -2.53  -3.39  -2.47  -2.43  -2.24  -2.25   
1960 -2.08  -2.07  -2.32  -2.64  -2.05  -1.89  -2.50  -1.57  -1.96  -2.38  -2.31  -1.57   
1961 -1.83  -1.97  -2.54  -2.73  -2.02  -2.70  -3.16  -4.13  -2.44  -2.61  -2.75  -2.62   
1962 -2.45  -2.03  -2.21  -2.82   1.23   1.85   2.53   2.73   3.06  -0.29  -0.42  -0.54   
1963 -0.52  -0.59  -0.94  -0.89  -0.85  -1.02   0.67   1.00   1.08  -0.08  -0.49  -0.58   
1964 -0.82  -1.17  -1.68   0.93   0.93   2.19   2.11  -0.01  -0.45  -1.15  -1.24  -1.12   
1965 -1.27  -1.44  -1.59   0.38   1.50   1.33   1.39   0.92   2.09   1.78   1.37   1.61   
1966 1.29   1.23   2.55   2.74   2.04   1.69   2.53   3.66   3.31   3.00   2.74   2.32   
1967 2.06   2.06   1.38   2.33   1.83   2.87  -0.12  -0.51  -0.37  -0.21  -0.48  -0.17   
1968 -0.41  -0.72  -0.91   1.15   1.17   2.42   2.60   2.90   2.83   1.95   2.01   2.17   
1969 2.54   3.11   2.76   2.03   1.62   1.86   2.85  -0.17  -0.84  -0.77  -1.08  -0.56   
1970 -0.59  -0.74  -1.10   1.44   1.56  -0.26  -0.28  -0.90   0.79   0.63   1.71   1.70   
1971 1.67   1.53   0.97   1.60   2.01   2.17   2.14   1.77   1.75   3.06   3.12   3.24   
1972 3.20   3.03   2.89   2.74   4.07   3.31   3.52   2.78   1.70   2.42   1.94   2.63   
1973 2.40   1.94   2.60   2.46   2.43  -0.94  -1.40  -1.97   1.07   1.66   1.64   1.50   
1974 1.01   0.72   0.58   0.87   1.49  -1.10  -1.56  -1.62  -2.26  -2.49  -2.45  -2.56   
1975 -2.26  -2.31   0.96   2.08   2.18   2.62   0.03  -0.14  -0.19  -0.61  -0.83  -0.71   
1976 -0.44  -0.29  -0.45  -0.41  -1.16  -1.73  -2.81  -3.70  -4.14  -4.13  -4.12  -3.87   
1977 -3.69  -3.37  -1.60  -2.19  -2.80  -3.25  -3.35   0.25   1.72   1.89   3.27   3.48   
1978 3.21   3.26   2.92   3.57   3.77   4.24   4.73   6.11   5.16   4.12   4.03   3.45   
1979 3.31   3.34   3.30   3.33   2.74   2.19   3.21   3.45  -0.41  -0.40  -0.63  -0.86   
1980 -0.92  -1.01  -1.32  -2.13  -3.42  -4.04  -4.57  -3.52  -3.65  -1.83  -2.02  -2.05   
1981 -2.18  -2.34  -2.19  -3.22  -3.39  -3.27   1.04   1.47   1.28   1.27   1.26   1.12   
1982 1.23   0.98   1.52   1.41   2.77   2.28   2.17   1.27   0.73   3.21   3.06   2.71   
1983 2.30   2.04   2.88   2.82   3.13   2.84   4.08   4.65   4.56   4.69   4.45   4.20   
1984 3.69   3.24   3.49   4.21   3.44   4.48   4.38  -0.25  -0.16  -0.14  -0.38  -0.06   
1985 -0.25  -0.62  -0.10  -0.73  -1.46  -2.00  -2.55   0.68   1.38   1.46   1.99   1.95   
1986 1.74   1.78   1.12   2.63   3.81   3.09   4.05   4.08   5.08   4.43   4.44   3.77   
1987 3.29   4.36   4.76  -0.88  -0.56  -1.55  -1.31  -0.84  -1.26  -1.51  -1.77  -1.89   
1988 -1.88  -1.89  -2.29  -3.09  -3.62  -4.46  -5.73  -6.00  -5.70  -5.83  -5.25  -4.50   
1989 -4.16  -3.96  -2.81  -1.23  -1.84  -2.44  -2.62  -2.16  -1.81  -2.07  -1.71  -1.77   
1990 -1.80  -1.87  -2.07  -2.24  -2.45  -1.74  -1.73  -1.20  -1.14  -1.32  -1.63  -1.47   
1991 -1.74  -1.39  -1.79   0.06   1.46   1.57  -0.32  -0.99  -1.45  -0.96  -1.03  -1.26   
1992 -0.90  -0.84  -1.34  -2.08  -2.92   0.28   1.36   1.92   1.53   1.06   1.75  -0.09   
1993 0.05   0.09  -0.37  -0.66  -0.86   1.05   4.27   4.84   4.77   3.96   4.17   4.30   
1994 4.17   4.17   3.90   3.90   2.69   1.68   3.70   3.77   3.30   5.11   4.94   4.78   
1995 4.50   4.30   4.82   5.65   6.59   6.49   7.12   6.76   5.96   6.98   6.35   5.80   
1996 5.62   5.34   5.21   4.62   5.44   4.88   4.84   4.21   6.54   6.94   7.32   7.73   
1997 8.47   8.37   8.00   8.32   7.43   6.92   7.21   6.27   5.54   5.86   5.23   4.44   
1998 4.08   4.06   3.72   2.84   1.91   2.25   2.12   3.08   1.95   4.56   4.70   4.40   
1999 4.46   4.14   3.74   3.84   5.44   5.63   6.05   6.62   7.91   7.12   6.00   5.26   
2000 4.69   4.70   5.00   4.76   4.62   4.54   4.84   4.76   3.77   3.50   4.39   4.06   
2001 3.72   3.84   3.18   3.48   3.16   3.02   4.51   3.68   3.77   3.61  -0.19  -0.47   
2002 -0.54  -0.85  -1.09  -1.50  -2.10  -3.49  -3.28  -2.90  -3.25  -2.76  -2.92  -2.83   
2003 -2.72  -2.50  -2.67  -2.85  -2.02  -1.87  -2.27  -3.24  -3.16  -3.34  -2.76  -2.60   
2004 -2.36  -2.48  -2.22  -2.88   0.27   0.31   0.34   0.11   1.49   2.09  -0.23  -0.53   
2005 -0.61  -0.67  -1.07  -1.76   0.29   1.40  -0.52  -0.29  -0.47  -0.76   0.20   0.62   
2006 -0.26  -0.54  -0.88  -1.67  -2.81  -4.25  -5.44  -4.98   1.02  -0.34  -0.77  -0.58   
2007 -0.93   0.04   0.49   0.50   1.11   1.50   0.75   2.33   2.19   2.39  -0.34  -0.35   
2008 -0.61  -0.82  -0.95  -1.23   0.21   1.34   2.33   2.39   3.02   4.07   4.02   4.05   
2009 3.88   4.80   5.28   5.16   4.40   4.52   5.35   5.90   5.58   7.36   6.47   6.64   
2010 6.74   6.53   6.76   6.32   7.12   6.20   6.04   4.88   5.83   5.18   4.47   4.63   
2011 4.58   4.56   4.51   4.79   4.92   5.92   6.41   6.86   5.98   5.66  -0.28  -0.35   
2012 -0.36  -0.20  -1.45  -1.14  -1.02  -1.75  -2.23  -2.45  -3.27  -3.33  -3.24  -3.03   
2013 -2.66  -2.47 -99.99 -99.99 -99.99 -99.99 -99.99 -99.99 -99.99 -99.99 -99.99 -99.99   
