1895,0.46,0.54,0.56,0.14,0.26,0.63,-0.09,-0.67,-0.59,-1.02,-0.99,-1.27
1896,-1.28,-1.30,0.03,1.72,-0.38,-0.13,-0.40,-1.05,0.24,0.43,1.02,0.81
1897,1.87,2.23,2.83,2.68,1.76,1.79,2.44,2.51,-0.55,-0.65,-0.47,-0.67
1898,-0.97,-1.12,-1.38,-1.84,-1.85,-2.66,-2.70,-3.15,-3.60,-3.07,-3.26,-3.37
1899,-3.23,-3.43,-3.57,-3.94,-3.28,-2.83,-3.14,-2.63,-2.90,-2.38,-2.76,-2.71
1900,-2.79,-3.09,-3.10,-3.85,-5.51,-6.06,-5.43,-4.34,-2.88,-2.70,-2.80,-2.89
1901,-3.10,-3.34,-3.65,-4.18,-5.38,0.95,0.51,0.30,1.46,1.51,-0.30,-0.34
1902,-0.57,-0.50,-0.10,-0.27,-0.72,-0.58,-0.98,-0.21,-0.74,-0.99,-1.05,-0.36
1903,-0.52,-0.81,-0.87,-0.85,-1.27,-1.67,0.36,0.90,1.93,0.01,-0.34,0.25
1904,0.13,0.28,-0.56,-0.78,-1.17,0.54,0.57,-0.16,-0.37,-0.16,-0.75,-0.70
1905,-0.82,-1.21,-1.83,-2.35,0.74,1.58,2.92,3.18,2.74,3.01,3.16,2.69
1906,2.70,2.18,1.68,1.28,2.29,2.14,1.70,2.90,3.36,3.62,3.30,3.36
1907,3.88,3.50,2.95,2.44,2.81,2.42,2.93,-0.55,-0.19,-0.51,-0.92,-0.97
1908,-1.15,-0.97,-0.92,-1.05,-1.12,0.40,0.37,-0.41,-0.82,0.61,0.59,0.77
1909,0.91,0.84,-0.56,-0.82,0.93,0.73,0.89,1.37,1.33,1.07,1.15,2.11
1910,2.64,2.44,-0.47,-1.02,-1.78,-2.38,-2.90,-3.41,-3.11,-3.38,-3.42,-3.29
1911,-3.13,-3.20,-3.83,-4.07,-4.73,-5.95,-6.11,-5.18,-4.37,-3.09,-2.67,-2.15
1912,-2.11,-2.35,-2.86,-2.91,-2.65,-3.46,-2.90,-2.26,-1.96,-2.10,-2.57,-2.57
1913,-2.63,-2.91,-3.19,-3.62,-3.62,-4.66,-4.66,-4.93,-4.69,-3.96,-4.20,-4.31
1914,-4.12,-4.05,-4.37,-4.22,-4.06,-2.71,-2.87,-2.60,-2.04,-1.74,-2.08,-1.96
1915,-1.68,-1.23,-1.47,-2.01,-1.97,0.80,1.99,1.80,2.11,2.01,1.77,1.63
1916,2.44,2.16,2.31,2.51,2.65,2.96,2.88,3.35,3.08,2.86,2.29,2.43
1917,2.96,2.86,2.90,3.17,-0.42,-0.70,-0.98,-1.34,-1.27,-1.24,-1.83,-1.91
1918,-1.65,-1.89,-2.50,-2.59,-2.59,-3.37,-3.22,-2.90,-2.94,-2.97,-2.57,-1.85
1919,-1.97,-1.98,-2.18,-1.85,-1.60,-1.10,-0.78,-1.21,-1.65,0.89,1.12,0.90
1920,0.97,0.90,1.10,1.53,1.92,2.81,2.71,-0.35,-0.44,-0.62,-0.40,-0.35
1921,-0.57,-0.81,-0.79,-1.26,-1.26,-2.57,-2.43,-2.50,-1.49,-1.77,-1.78,-1.85
1922,-1.52,-0.74,-0.94,-1.37,-1.21,-1.21,-1.17,-1.95,-2.77,-2.98,-1.47,-1.25
1923,-0.98,-0.84,-1.34,-1.46,-1.98,-1.79,-1.62,-1.32,-1.00,-0.71,-1.20,-1.37
1924,-1.63,-1.73,-2.06,-2.16,-2.41,0.74,0.37,0.70,0.76,0.84,-0.21,-0.06
1925,-0.01,-0.36,-0.95,-1.62,-2.06,-1.01,-1.41,-2.47,-2.48,-1.90,-1.99,-2.00
1926,-1.38,-1.56,-2.08,-3.06,-3.46,-3.68,-4.03,-3.97,-2.81,-2.38,-2.36,-2.24
1927,-2.21,-2.55,-2.70,0.36,1.24,0.85,1.17,0.87,0.74,0.38,0.33,0.77
1928,-0.20,-0.52,-0.87,-1.03,-1.87,-1.81,0.10,0.69,0.76,0.90,-0.35,-0.60
1929,-0.01,-0.28,-0.28,-0.41,-0.20,-0.80,-1.20,-1.78,0.92,1.42,-0.28,-0.47
1930,-0.51,0.50,-0.45,-1.07,-0.86,-1.14,-2.22,-2.67,-2.48,-1.63,-1.23,-1.36
1931,-1.54,-1.32,-1.25,-1.91,-1.36,-1.51,-2.38,-2.52,-3.24,-2.70,-2.37,-1.90
1932,-1.62,-1.87,-1.98,-1.89,-1.61,-1.47,-1.69,-1.40,-1.70,-1.52,-1.57,-1.62
1933,-1.58,-1.73,-1.85,-2.13,-2.14,-3.37,-3.73,-4.22,-4.47,-4.86,-4.86,-4.29
1934,-4.41,-4.65,-4.79,-5.66,-7.46,-6.98,-7.95,-8.15,-6.91,-6.45,-6.08,-5.83
1935,-5.59,-5.26,-4.60,-3.26,-2.91,-2.00,-1.27,-0.94,-1.58,-1.96,-1.83,-1.21
1936,-0.97,-0.77,-0.96,-1.00,-1.67,-2.67,-4.59,-4.70,-5.33,-5.41,0.44,0.38
1937,0.97,1.12,1.53,2.75,2.67,2.64,3.11,3.19,-0.25,-0.76,-0.95,-0.74
1938,-0.62,-0.53,-0.64,0.62,0.88,0.58,1.14,-0.92,-0.33,-1.39,-1.45,-1.49
1939,1.07,1.27,-0.45,-0.89,-1.52,1.52,1.47,-0.01,-0.36,-0.44,-1.04,-1.29
1940,-1.66,-0.03,0.47,1.07,-0.68,-1.21,-1.76,1.24,-0.88,-0.41,-0.50,-0.49
1941,-0.21,-0.54,-1.08,0.78,0.30,1.32,1.03,1.19,2.00,2.45,2.10,1.79
1942,1.30,0.88,2.28,2.24,3.68,4.04,3.49,4.92,5.74,5.40,4.82,4.68
1943,4.92,5.24,5.36,4.26,4.25,5.21,5.40,5.06,4.31,4.15,3.85,3.13
1944,3.03,2.57,2.14,2.08,2.26,2.47,3.16,3.62,3.52,3.10,3.55,3.11
1945,2.78,2.92,2.90,2.97,3.19,3.79,3.78,3.61,4.02,3.13,2.77,2.62
1946,2.08,2.66,2.76,2.14,1.63,2.14,2.94,2.26,3.38,4.74,4.82,4.60
1947,4.25,3.91,3.76,4.55,3.71,4.00,3.67,2.30,2.07,1.95,2.84,-0.25
1948,-0.46,-0.15,-0.39,-0.58,-1.48,0.99,1.42,0.01,-0.30,-0.34,-0.57,-0.90
1949,-0.76,-1.06,-1.29,-2.39,-2.25,-2.86,-2.18,-3.39,-0.04,0.49,0.07,0.31
1950,0.43,-0.42,-0.43,-0.65,1.30,-1.04,0.61,0.79,-0.25,-0.37,-0.66,-0.65
1951,-0.83,-0.73,-0.68,-1.04,-0.98,0.63,1.14,1.66,1.06,1.79,1.39,2.22
1952,2.94,3.53,3.52,-0.48,-1.10,-0.82,-1.21,-2.03,-2.96,-3.42,0.37,0.16
1953,0.23,0.38,0.03,1.27,1.62,3.18,3.02,3.22,-0.73,-1.43,-1.09,-0.68
1954,-0.76,-0.90,-0.94,0.35,0.85,0.00,-0.52,-0.89,0.63,0.74,-0.51,-0.69
1955,-0.92,-0.49,-1.16,-2.23,-2.93,-2.72,-3.08,-2.39,-2.70,-3.40,-3.54,-3.09
1956,-2.78,-2.88,-2.97,-3.07,-2.90,-3.40,-3.10,-2.60,-2.83,-2.77,-2.16,-2.19
1957,-2.31,-2.25,-2.65,0.42,2.13,2.43,2.23,3.21,3.45,3.85,3.85,3.55
1958,3.17,3.41,3.08,3.12,-0.59,-0.53,-0.48,-1.26,-2.04,-2.57,-1.75,-1.84
1959,-1.97,-1.86,-2.51,-3.24,-2.88,-3.64,-4.00,-4.66,-4.15,-3.29,-3.13,-2.68
1960,-2.39,-2.34,-2.56,-1.93,-1.74,-1.33,-1.79,-0.98,-1.07,-1.33,-1.35,-0.91
1961,-1.25,-1.35,-2.03,-2.15,-0.93,-1.54,-1.41,-1.92,0.74,1.22,0.67,0.72
1962,0.59,1.12,1.16,1.03,3.13,3.55,5.32,4.66,4.65,3.90,3.53,2.93
1963,2.52,2.11,1.54,1.10,1.36,1.08,2.47,2.79,2.71,-0.66,-0.79,-0.82
1964,-1.00,-1.19,-1.33,-0.62,-1.11,-1.34,0.22,1.17,-0.13,-0.92,-1.16,-1.21
1965,-1.36,-1.64,-1.74,0.47,2.19,1.81,1.87,1.49,3.14,2.59,2.38,2.49
1966,2.19,2.18,2.64,2.77,2.02,2.19,2.09,3.60,3.29,3.36,3.04,2.49
1967,2.51,2.51,1.88,2.63,1.78,2.83,-0.34,-0.55,-0.45,-0.62,-0.98,-0.77
1968,-0.95,-1.34,-1.53,1.03,1.25,1.60,1.73,1.23,2.08,2.08,1.98,2.69
1969,3.39,4.17,3.86,3.42,3.39,2.97,4.00,-0.62,-1.31,0.59,0.30,0.58
1970,0.36,0.10,0.19,0.82,0.74,-0.18,-0.21,-1.18,-1.20,0.08,1.16,-0.18
1971,-0.07,-0.06,-0.61,-1.00,-1.03,0.90,0.74,0.57,0.20,1.70,2.39,2.47
1972,2.52,2.47,2.70,2.48,4.19,2.89,4.40,-0.42,-1.23,-1.08,-1.15,-0.54
1973,-0.71,-0.95,-0.95,-1.27,-1.14,-2.20,-2.80,-3.39,-2.54,-2.62,-2.53,-2.36
1974,-2.70,-2.71,-3.19,-3.33,-2.25,-3.35,-3.95,-4.12,-4.61,-4.84,-4.78,-4.87
1975,-4.08,-4.12,-3.64,-2.73,-2.91,-1.89,-2.89,-2.87,-2.66,-2.56,-2.65,-2.72
1976,-2.29,-2.20,-2.37,-3.00,-4.01,-4.86,-6.16,-7.09,-7.11,-6.93,-6.96,-6.70
1977,-6.34,-5.73,-3.53,-3.57,-3.73,-3.94,-3.91,0.58,1.71,2.27,3.74,4.12
1978,3.93,3.73,3.57,3.80,4.00,4.56,4.57,4.97,4.02,3.04,2.84,2.31
1979,2.61,2.57,2.89,3.29,2.81,3.15,3.41,3.21,-0.85,-0.25,-0.58,-0.81
1980,-0.62,-0.58,-0.76,-1.64,-2.40,-2.38,-2.92,-1.73,-2.27,-1.96,-2.47,-2.75
1981,-3.00,-2.94,-3.12,-4.13,-4.42,-4.53,-4.23,-4.31,-4.49,-3.64,-3.49,-3.09
1982,-2.42,-2.51,-1.80,-2.21,-1.88,-2.33,-2.01,-2.63,0.19,2.02,1.93,1.61
1983,1.35,1.10,2.09,1.74,1.18,1.20,1.94,2.21,2.04,1.78,2.01,1.89
1984,1.86,1.94,2.39,2.77,2.05,3.36,2.94,2.89,2.47,3.67,3.07,3.07
1985,2.78,2.33,2.69,1.78,1.58,0.97,0.65,1.20,2.01,2.11,2.78,2.75
1986,2.62,2.64,2.54,5.08,5.03,4.37,5.50,5.74,6.90,5.96,5.74,5.01
1987,4.49,4.69,5.39,-0.90,-1.40,-2.66,-2.62,-2.92,-2.76,-3.00,-2.93,-3.09
1988,-3.08,-3.24,-3.75,-4.76,-4.63,-6.12,-7.01,0.21,1.30,0.74,0.68,0.70
1989,0.64,0.42,0.61,1.13,-0.67,-1.28,-1.40,0.84,1.27,-0.50,-0.39,-0.71
1990,-1.03,-1.19,-1.18,-1.28,-1.48,0.49,0.56,1.25,1.30,-0.09,-0.62,-0.62
1991,-0.95,0.17,0.02,0.82,2.31,3.16,3.27,3.32,3.56,0.03,-0.06,-0.27
1992,-0.14,-0.07,-0.16,-0.48,-1.36,1.12,1.88,1.70,1.95,1.36,1.99,1.84
1993,1.96,1.79,1.76,1.77,1.97,3.12,6.50,6.67,6.34,5.46,6.31,6.30
1994,6.55,6.29,5.80,5.92,4.58,3.01,4.96,5.05,4.67,5.31,5.01,4.60
1995,4.71,4.47,5.67,5.88,6.39,5.13,5.82,6.10,6.38,7.38,6.74,6.41
1996,6.74,6.42,6.18,5.15,5.79,4.87,4.38,3.13,4.13,5.19,5.64,5.71
1997,6.64,6.50,6.23,6.25,5.44,4.12,4.83,4.81,4.04,4.43,3.97,3.49
1998,3.45,3.70,3.98,4.11,4.88,5.11,4.51,4.77,3.28,6.38,6.63,6.10
1999,6.11,5.55,5.49,5.12,4.98,5.31,5.43,5.72,6.94,6.05,4.91,4.31
2000,3.87,3.66,3.45,3.32,2.88,2.55,3.70,3.12,2.41,1.94,3.53,3.52
2001,3.38,3.61,3.22,4.18,3.96,3.77,4.22,-0.71,-0.27,-0.03,-0.08,-0.41
2002,-0.61,-0.88,-1.23,-1.48,-1.34,-2.17,-1.83,-1.03,-1.60,-0.78,-1.14,-1.08
2003,-1.22,-1.29,-1.74,-1.72,0.70,1.92,1.83,-0.73,-0.81,-1.11,-1.00,-1.06
2004,-1.09,-1.22,-1.10,-1.65,1.58,1.52,2.49,2.31,4.16,5.10,4.68,4.41
2005,4.44,4.28,3.79,2.91,3.17,4.76,4.55,4.95,5.04,4.66,5.35,5.77
2006,5.29,4.91,5.07,4.98,4.41,3.39,1.84,2.13,3.38,2.79,2.12,2.23
2007,1.74,1.99,2.57,3.53,5.26,5.04,4.44,4.13,4.71,4.85,4.03,4.10
2008,3.43,2.89,2.84,2.86,2.32,2.89,3.81,3.52,4.75,6.64,6.52,6.73
2009,6.63,6.63,7.18,6.43,5.19,4.90,5.17,5.95,6.68,9.21,8.17,8.60
2010,8.55,8.42,8.21,7.30,7.09,6.60,6.44,5.79,7.34,7.01,6.23,7.03
2011,7.24,7.18,7.28,7.04,7.09,6.94,8.46,7.78,-0.36,-0.70,-0.99,-1.04
2012,-0.92,-0.96,-1.84,-1.26,-1.55,-2.17,-2.57,-2.89,-3.74,-2.58,-2.68,-2.27
2013,-1.89,-0.78,-99.99,-99.99,-99.99,-99.99,-99.99,-99.99,-99.99,-99.99,-99.99,-99.99
