1895 0.73   1.01   2.22   2.06   2.03   3.01  -0.23  -0.49  -0.67  -0.98   0.53   0.38   
1896 0.36   0.26   0.93  -0.44  -1.36   0.04   0.37   0.04   0.59   0.48   1.28   0.84   
1897 1.42   1.36   2.24  -0.44  -1.41  -1.80  -1.64  -1.42  -1.96  -2.19  -2.38  -2.41   
1898 -2.47  -2.76  -3.12  -3.54  -2.13  -2.58  -2.44  -2.81  -3.15  -2.70  -2.68  -2.59   
1899 0.19   0.23   0.82   0.62   0.98  -0.23  -0.26  -0.07  -0.41  -0.08  -0.55  -0.67   
1900 -1.11  -1.36  -1.73   1.14  -1.55  -2.70  -2.40  -2.59  -2.08  -2.14  -2.23  -2.39   
1901 -2.68  -2.84  -3.28  -3.40  -3.44  -2.31  -2.45  -2.40  -1.21  -1.02  -1.45  -1.03   
1902 -1.08  -1.25  -0.76  -0.71  -1.92  -2.12  -2.07  -2.08  -2.18  -2.45  -2.81  -2.54   
1903 -2.55  -2.66  -2.82  -2.97  -3.69  -3.73   0.49   0.53   1.12   0.61   0.37   0.46   
1904 0.43   0.57   0.78   0.30   0.39   0.88   1.11   1.25  -0.42  -0.67  -1.18  -1.06   
1905 -0.77  -0.99  -1.31  -1.28   1.14   1.33   2.66   2.72   2.29   2.58   2.82   2.64   
1906 2.54   2.48   3.39   2.95   3.64   3.07   2.54   3.92   4.30   4.16   4.30   4.46   
1907 5.02   4.98   4.88   4.75   5.45   4.68   5.09   4.94   4.74   3.96   3.20   2.98   
1908 2.58   2.14   1.83   1.03   2.21   2.41   2.58   2.95   2.55   2.98   3.11   3.29   
1909 3.45   3.60   3.49   3.14   3.65   3.44   3.52   3.56   3.56   3.04   2.61   3.02   
1910 3.62   3.59  -0.34  -0.61  -0.85  -1.41  -1.64  -1.64  -1.20  -1.40  -1.56  -1.51   
1911 -1.27  -1.47  -2.20  -2.44  -3.46  -3.99  -4.27   0.11   0.08   0.49   0.74   0.64   
1912 0.64   0.53   0.70   1.10  -0.50  -0.93   0.93   2.01   2.59   2.54   1.98   1.93   
1913 2.21   2.21   2.66  -0.53   0.51   0.18   0.57   0.21   0.21   0.62  -0.36  -0.79   
1914 -0.86  -0.81  -1.20  -0.98  -1.16  -1.19  -1.30  -1.34  -1.27  -0.93  -1.46  -1.60   
1915 0.31   0.33  -0.10  -0.38   0.53   1.59   3.33   4.00   4.97   4.66   4.61   4.76   
1916 5.15   5.04   4.92   4.02   3.88   3.16   2.76   2.99   2.30   2.20   1.91   2.16   
1917 2.50   2.45   2.66   2.94   3.63  -0.91  -1.73  -1.93  -1.79  -1.78  -2.35   0.00   
1918 0.59   0.45   0.09   0.57  -0.02  -0.57   0.60   0.82   1.37  -0.35  -0.06  -0.03   
1919 -0.28  -0.22  -0.34  -0.87  -1.60  -2.55  -2.76  -3.50  -3.55   0.90   1.35   1.26   
1920 1.02   0.98   1.24   2.44   3.16   3.04   2.59   2.77  -0.12  -0.24   0.15   0.09   
1921 0.25  -0.22  -0.56  -0.69  -0.60  -0.75   0.46   0.31   0.52   0.12   0.17   0.47   
1922 0.94   0.93   0.64   1.17   1.41   1.30   1.58   1.66  -0.95  -1.10   1.59   1.91   
1923 1.99   1.89   2.17   2.19   1.47   1.50   2.24   3.26   4.42   4.63   4.33   4.32   
1924 4.14   4.20   4.69  -0.38  -1.01  -1.40  -1.46  -1.51  -1.26  -0.82  -1.07  -1.03   
1925 -0.77  -0.89  -1.53  -1.53  -1.96   0.60   0.43   0.48   0.11   0.64   0.48   0.50   
1926 1.25   0.03  -0.21  -0.59  -0.44  -0.65   0.41   0.94   1.14  -0.05  -0.05  -0.17   
1927 -0.16  -0.22   0.03   0.37   1.33   1.62   1.88   2.64   2.81   2.51   2.27   2.34   
1928 2.25   2.10   1.89   1.45   0.63   1.59   2.24   2.25   2.06   1.96   2.24   2.01   
1929 2.16   2.13   2.95   2.71   2.48  -0.65  -0.78  -1.30   1.16   1.40   1.56   1.48   
1930 1.54  -0.18  -0.17  -0.42  -0.68  -1.21  -1.88   0.88   0.60   1.08   0.01  -0.18   
1931 -0.27  -0.62  -0.54  -1.33  -1.98  -3.35  -4.30  -4.59  -5.20  -4.64  -4.45  -4.37   
1932 -3.97  -3.94   0.07   1.06   1.24   0.72   1.35   1.18   0.38   1.07  -0.41  -0.50   
1933 -0.77  -0.73   0.56   1.39   2.28  -1.11  -1.91  -0.97  -1.68  -2.33  -2.84  -3.04   
1934 -2.93  -3.18  -3.46  -4.39  -6.16  -6.03  -7.13  -7.73  -7.24  -6.95  -7.06  -6.97   
1935 -7.09  -7.25  -7.37  -7.36  -5.85  -5.49  -5.39  -5.61  -5.77  -5.81  -5.59  -5.27   
1936 -4.96  -4.73  -4.92  -4.85  -6.03  -6.95  -8.56  -9.54  -9.47  -8.88  -8.47  -8.29   
1937 -8.05  -7.99  -7.84  -8.45  -8.57  -7.42  -5.86  -6.75  -6.54  -6.67  -6.32  -5.85   
1938 -5.43  -5.55  -6.01  -6.14  -5.36  -5.52  -5.42  -5.95  -5.12  -5.70  -5.27  -5.08   
1939 -4.86  -4.52  -5.03  -5.28  -6.16  -6.10  -7.02  -6.31  -6.39  -6.04  -6.54  -6.64   
1940 -6.57  -6.36  -6.36  -5.02  -5.36  -5.36  -5.78  -5.99  -5.59  -5.77  -5.42  -5.33   
1941 -5.37  -5.62  -5.90   1.07   0.10   1.50   1.28   1.52   2.17   2.09   1.51   1.46   
1942 0.97   0.60   0.07   0.33   1.51   1.54   1.37   1.13   1.36   1.74   1.70   1.60   
1943 1.71   1.65   1.68   1.65   1.34   1.77  -0.33  -0.98  -1.52  -1.44  -1.37  -1.40   
1944 1.03   1.06   1.28   1.25   0.89   1.45   1.83   1.65   0.97   0.61   2.50   2.97   
1945 3.29   3.51   4.30   3.76   3.42   3.95   3.47   3.25   4.14   3.48   2.87   2.60   
1946 2.38   2.31   2.52   2.09   5.60   5.67   4.68   4.23   5.46   6.32   5.81   5.75   
1947 5.73   5.58   5.39   4.94   3.93   6.05   0.05  -0.08  -0.66  -0.70  -0.21  -0.58   
1948 -0.49  -0.24  -0.59  -0.78  -1.34   0.37   0.65   0.85  -0.58  -0.70   0.92   0.77   
1949 2.40   2.24   2.11  -0.23  -0.04  -0.12  -0.39  -0.75  -0.88  -0.57  -1.17  -1.05   
1950 -1.26  -1.68   0.80   1.01  -0.17  -0.92   0.24   0.68   1.74  -0.27  -0.16  -0.40   
1951 -0.58  -0.86  -1.08  -1.46  -1.92   0.55   0.98   1.92   2.66   2.86   2.91   3.66   
1952 3.36   3.41   3.54   2.22   3.24  -0.75  -0.71  -0.85  -1.62  -2.13  -2.07  -2.40   
1953 -1.98  -1.30  -1.64  -0.86  -0.88  -1.03  -1.33  -0.89  -1.39  -2.09  -2.18  -2.30   
1954 -2.56  -2.80  -2.46  -3.26  -3.01  -3.22  -3.64  -3.71  -4.14  -3.24  -3.47  -3.55   
1955 -3.43  -3.09  -3.07  -3.20  -3.30  -2.86  -2.63  -2.27  -1.49  -1.73  -1.51  -1.14   
1956 -1.14  -1.24  -1.35  -1.42  -0.92  -1.68  -1.47  -0.85  -1.25  -1.59   1.45   1.38   
1957 1.28   0.96   1.05   1.46   2.50   2.64   2.70   2.65   2.30   2.31   2.28   1.85   
1958 1.47   1.68   1.39   2.09   1.00   0.86   2.49  -0.06  -0.76  -1.01  -0.82  -0.85   
1959 -0.79  -0.57  -0.61  -0.83  -0.77  -0.57  -0.70  -1.44   0.48   0.18   0.71  -0.12   
1960 -0.27  -0.09  -0.23  -0.65  -1.36  -1.53  -2.29  -2.44  -2.81  -3.17  -3.01  -2.52   
1961 -2.84  -2.90  -3.34  -3.37  -3.74  -4.39  -3.79  -4.44  -3.62  -3.32  -3.26  -3.21   
1962 -3.01  -2.72  -2.97  -3.66   1.88   2.64   3.97   3.56   3.38   3.50   2.90   2.51   
1963 2.61   3.08   3.29   4.19   3.36   4.06   4.24   3.73   3.87   3.11   2.16   1.78   
1964 1.39   1.58   1.33   0.96   1.14   2.52   1.78   2.55   1.96   1.20   1.08   1.42   
1965 1.67   1.61   1.48   1.17   3.26   3.61   3.77   3.92   4.40  -0.57  -0.85  -0.97   
1966 -1.09   0.18   0.44   1.51  -1.15  -2.05  -1.93   0.82   1.25   1.46   1.16   1.09   
1967 0.94   0.96   0.56   0.78   0.91   2.12  -0.35  -0.50   0.48  -0.28  -0.45  -0.18   
1968 -0.26  -0.44  -1.02  -1.38  -1.41   0.88   1.51   2.36   2.57   1.95   1.92   2.14   
1969 2.04   2.27   2.18   2.08   1.44   1.46   2.43   1.97   1.17   1.57   1.17   1.21   
1970 1.22   1.01   1.35   2.36   2.32   1.99   1.84   1.98   1.84   2.02   2.42   2.34   
1971 2.78   3.21   3.72   4.42   4.93   4.08   3.33   2.41   3.31   4.31   4.42   4.13   
1972 4.21   4.01   3.83   3.72   3.57   4.52   4.57   5.26   4.50   4.36   3.82   3.59   
1973 3.05   2.69   4.02   4.94   4.28   3.44   3.59   3.21   3.49   3.15   3.02   3.09   
1974 2.85  -0.01  -0.37  -0.39  -0.84  -1.72   0.07   0.42   0.19   0.50   0.28   0.16   
1975 0.72   0.75   1.11   1.89   1.47   1.97  -0.50  -1.02  -1.62  -1.72  -1.65   0.32   
1976 0.34   0.71   0.49   1.14   1.04   2.94   3.00   2.77   2.41   2.03   2.02   1.87   
1977 2.25   2.49   3.98   3.49   2.39   1.56   1.69   2.52   2.57   2.77   2.93   3.08   
1978 2.81   3.14   2.71   3.24   4.26   3.15   3.93   4.19   3.31   2.70   2.67   2.73   
1979 2.57   2.53   2.07   1.52   0.88   1.00   2.71   4.15   3.47   3.21   3.03   2.73   
1980 2.60   2.37   2.36  -0.16  -0.29  -0.62  -0.77  -0.29  -0.73  -0.12  -0.31  -0.04   
1981 -0.34  -0.71  -1.64  -2.90   0.77   0.16   1.21   1.17   0.79   1.38   0.87   0.83   
1982 0.88   0.72   0.96   0.77   2.97   3.17   3.45   3.83   4.30   5.49   5.19   5.21   
1983 5.04   4.50   4.73   4.35   3.97   3.31   2.72   3.19   2.38   2.84   3.07   3.04   
1984 2.58   2.20   1.97   2.94   2.27   2.84   3.20   3.11   2.74   2.59   2.43  -0.02   
1985 -0.07  -0.37  -0.28  -1.03  -1.89  -2.32  -2.71  -3.27   0.48   0.31   0.71   1.18   
1986 1.04   1.35   0.61   1.41   0.79   1.00   1.05   0.86   2.75   3.40   3.82   3.45   
1987 3.31   4.05   4.69  -1.04  -0.89  -1.95  -2.39  -1.63  -1.73  -1.74  -1.95  -1.93   
1988 -1.96  -1.99  -1.70  -2.41  -2.53  -3.10  -3.66  -3.63  -3.37  -3.32  -2.90  -2.95   
1989 -3.22  -3.18  -3.20  -2.87  -3.05  -3.21  -3.11   0.00   1.17   1.45   1.51   1.78   
1990 1.45   1.48   1.70   1.82   2.08  -0.87  -0.10  -0.31  -0.59  -0.59  -0.85  -0.85   
1991 -1.00  -0.85  -1.30   0.11   1.36   1.57   1.54   1.36   0.90   1.09   1.34  -0.44   
1992 -0.61  -0.85  -0.60  -0.93  -1.16   0.13   1.06   1.28   0.89   0.64   0.81   1.19   
1993 1.40   1.80   1.86   2.19   2.41   3.36   4.31   4.63   4.47   4.69   4.69   5.00   
1994 5.23   5.21   4.83   4.42  -0.77  -1.64  -1.82  -1.94  -2.39   2.63   2.72   2.61   
1995 2.33   2.49   2.77   3.03   4.78   5.19   5.53   4.98   4.68   5.59   5.18   4.63   
1996 5.07   4.70   5.13   4.86   5.62   4.38   3.95   4.87   5.00   6.65   6.38   6.69   
1997 6.53   6.52   5.81   6.11   6.03   5.11   6.52   6.71   6.36   5.94   5.35   4.93   
1998 4.60   4.86   5.30   4.27   3.56   4.57   4.92   5.90   5.99   8.18   8.16   7.53   
1999 7.51   6.88   6.39   6.67   5.80   6.37   5.82   6.45   5.93  -0.48  -0.91  -0.98   
2000 -0.92  -0.89  -0.96   1.14  -0.04  -0.32  -0.11  -0.73  -1.01  -1.08   1.08   0.81   
2001 0.62   0.99   1.03   1.04   0.63   0.61   1.71   1.95   1.61   1.91  -0.19  -0.59   
2002 -0.71  -0.58  -0.36  -0.32  -0.34  -1.35  -1.78   0.10   1.19   1.64   1.21   0.80   
2003 1.09   1.63   2.07   1.98  -0.24   0.30  -0.77  -0.72  -0.27  -0.62  -0.38  -0.47   
2004 -0.53  -0.18  -0.60  -1.20  -1.69  -2.40  -1.76  -1.94  -1.59  -1.36  -1.69  -2.09   
2005 -2.11  -2.43  -2.90  -3.02  -2.28  -2.42  -2.30  -1.80  -1.98  -1.49  -1.64  -1.36   
2006 -1.62   0.06   0.30   0.97  -0.08  -1.03  -1.92   0.15   1.09   1.12  -0.14  -0.60   
2007 -0.79  -0.63  -1.05  -1.28  -0.97  -1.21  -1.31  -0.66  -0.97  -0.88  -1.35  -1.13   
2008 -1.17  -1.02  -1.05  -1.21   2.15   2.77   3.20   3.40   3.25   3.32   3.76   3.79   
2009 3.84   3.92   4.62   4.99   3.83   3.45   3.58   3.95   3.64   5.01   4.14   4.47   
2010 4.20   4.22   3.55   4.05   4.56   4.50   4.11   4.05   3.55   3.35   3.13   3.02   
2011 3.03   3.27   3.11   2.72   3.93   3.36   3.33   3.50  -0.44   2.09   1.88   1.59   
2012 1.27   1.05  -2.21  -2.82  -3.09  -3.89  -4.04  -4.92  -5.63  -5.25  -5.25  -5.18   
2013 -5.01  -5.18 -99.99 -99.99 -99.99 -99.99 -99.99 -99.99 -99.99 -99.99 -99.99 -99.99   
