1895 0.29   0.30   0.62  -0.37  -0.81  -0.56  -1.02  -1.73  -1.66  -2.18  -2.10  -2.40   
1896 -2.49  -2.56  -2.44  -1.30  -2.09  -2.06  -1.65  -2.17   0.35   0.69   0.98   0.63   
1897 1.65   1.70   2.20   2.36  -0.76  -0.72  -0.61  -0.84  -1.38  -1.17  -1.06  -1.12   
1898 -1.25  -1.46  -1.90  -2.45  -2.32  -3.18  -3.19  -3.76  -4.08  -3.86  -4.01  -4.18   
1899 -3.99  -4.31  -4.43  -4.85  -4.08  -3.86  -4.42  -3.97  -4.11  -3.68  -3.96  -3.76   
1900 -3.72  -4.04  -4.18  -5.05  -6.22  -6.49  -5.53  -4.23  -3.20  -3.02  -3.24  -3.42   
1901 -3.57  -3.88  -4.30  -5.02  -5.94  -5.16  -5.98  -6.07  -4.11  -3.55  -3.50  -3.30   
1902 -3.09  -3.04  -3.08  -3.13  -3.18  -3.00  -2.99  -1.58  -1.79  -1.92  -1.96  -0.99   
1903 -1.21  -1.43  -1.42  -1.55  -1.88  -1.91   0.40   1.14   1.92  -0.04  -0.23  -0.16   
1904 -0.27  -0.35  -1.05  -1.22  -1.87  -1.84  -1.94  -2.21  -2.40  -1.85  -2.39  -2.36   
1905 -2.22  -2.50  -3.15  -3.66   0.56   1.17   1.75   1.71   1.24   1.73   1.80  -0.31   
1906 -0.26  -0.58  -0.69  -0.96  -0.08  -0.47  -0.93   1.43   2.16   2.93   2.50   2.57   
1907 2.80   2.44   1.81   1.26   2.03   1.91   2.96   2.36   2.53  -0.33  -0.75  -0.75   
1908 -0.85  -0.79  -0.93  -1.20   0.12   0.73  -0.03  -0.49  -0.88   0.73   0.56   0.72   
1909 0.81   0.82  -0.50  -0.72   0.69   0.63   0.86   1.04   1.19   1.02   1.39   2.32   
1910 2.90  -0.08  -0.71  -1.35  -1.95  -2.46  -2.88  -3.36  -2.98  -3.31  -3.42  -3.37   
1911 -3.47  -3.54  -4.27  -4.61  -5.37  -6.72  -7.05  -5.96  -5.22  -3.61  -3.20  -2.45   
1912 -2.33  -2.50  -2.73  -2.71  -2.85  -3.48  -3.19  -2.47  -2.16  -2.44  -2.90  -2.96   
1913 -3.04  -3.30  -3.55  -3.89  -3.78  -4.53  -4.86  -5.01  -4.79  -4.40  -4.59  -4.38   
1914 -4.25  -4.16  -4.62  -4.55  -4.37  -3.87  -4.33  -4.34  -3.70  -3.14  -3.58  -3.48   
1915 -2.94  -2.10  -2.20  -2.66  -2.56   0.69   2.40   2.05   2.49   2.44   2.08   1.94   
1916 2.43   2.01   1.95   1.96   2.41   2.51   2.18   2.43   2.09   1.76   1.21   1.13   
1917 1.61   1.28   1.33   1.54  -0.18  -0.34  -0.47  -0.99  -0.77  -1.02  -1.60  -1.60   
1918 -1.31  -1.55  -2.09  -2.06  -2.16  -2.64  -2.64   0.31   0.20   0.15   0.21   0.61   
1919 -0.22  -0.22  -0.56   0.39   0.33   0.67   0.94  -0.47  -0.86   0.73   1.23   0.97   
1920 0.80   0.73   1.01   1.54   2.10   2.70   2.75  -0.32  -0.52  -0.49  -0.22  -0.16   
1921 -0.26  -0.59  -0.89  -1.51  -1.73  -3.17  -3.53  -3.37  -2.50  -2.66  -2.69  -2.74   
1922 -2.29  -1.68  -2.01  -2.72  -2.79  -3.04  -2.00  -2.63  -3.58  -3.78  -2.30  -2.15   
1923 -1.88  -1.92  -2.28  -2.50  -3.06  -2.84  -3.07  -2.48  -1.95  -1.62  -2.13  -2.27   
1924 -2.40  -2.41  -2.54  -2.93  -3.60  -2.83  -3.23  -2.45  -2.21  -2.35  -2.43  -1.93   
1925 -1.69  -2.00  -2.86  -3.95  -4.70  -4.05  -4.46  -5.61  -5.68  -4.96  -4.82  -4.53   
1926 -3.57  -3.70  -4.09  -4.97  -5.58  -5.56  -5.72  -5.62  -4.48  -4.12  -3.80  -3.66   
1927 -3.54  -3.80  -3.95  -3.03  -1.75  -1.73  -1.33  -1.49  -1.36  -1.72  -1.66  -1.15   
1928 -1.24  -1.34  -1.73  -2.02  -3.20  -3.21  -3.75  -2.64  -2.32  -1.66  -1.68  -1.89   
1929 -1.26  -1.39  -1.24  -1.19  -1.42  -1.69  -1.70  -2.33   1.05   1.77  -0.09  -0.37   
1930 0.09   0.37  -0.24  -0.72  -1.06  -1.41  -2.45  -3.49  -3.29  -2.40  -1.80  -1.96   
1931 -2.05  -2.17  -2.44  -3.02  -2.91  -3.62  -4.59  -5.04  -5.24  -5.04  -4.63  -3.67   
1932 -3.16  -3.21  -3.36  -3.36  -3.28  -3.19  -3.72  -3.19  -3.08  -3.04  -3.12  -3.09   
1933 -3.19  -3.39  -3.33  -3.85  -3.88  -5.26  -5.46  -5.77  -5.58  -5.90  -5.93  -5.41   
1934 -5.28  -5.44  -5.71  -6.66  -8.22  -8.27  -8.15  -8.37  -6.64  -6.33  -6.21  -6.02   
1935 -5.76  -5.64  -5.50  -3.73  -3.61  -3.24  -3.08  -2.45  -3.27  -3.58  -3.44  -3.09   
1936 -2.75  -2.27  -2.38  -2.27  -2.63  -3.30  -4.88  -4.67  -5.21  -5.34  -4.95  -4.60   
1937 -3.96  -3.88  -3.35  -2.25  -2.38  -2.18  -2.61  -2.99  -3.38  -3.54  -3.61  -3.28   
1938 -3.00  -2.78  -2.85  -2.33  -1.46  -1.52  -1.65  -2.24  -2.01  -2.89  -2.91  -2.93   
1939 -1.88  -1.66  -2.23  -2.67  -2.88  -2.11  -2.43  -2.86  -3.46  -3.36  -3.88  -4.02   
1940 -4.17  -4.01  -3.38  -3.28  -4.08  -3.80  -4.43  -3.33  -4.12  -4.29  -3.77  -3.51   
1941 -3.07  -3.08  -3.50  -2.34  -2.85  -2.65  -3.06  -3.36  -2.84  -1.79  -2.05  -2.03   
1942 -2.22  -2.33   0.79   0.69   3.27   3.12   3.85   3.95   4.46   3.85   3.20   2.83   
1943 2.79   2.72   2.54   1.62   1.60   2.33   2.45   3.24   2.79   3.31   3.10   2.55   
1944 2.97   2.98   2.76   3.26   3.39   3.67   4.46   6.48   6.08   5.22   5.47   4.91   
1945 4.73   4.71   4.42   4.14   4.69   5.39   5.42   5.01   4.77   3.80   3.40   3.43   
1946 2.87   3.02   3.43   2.40   2.14   2.85   3.01   2.23   3.73   5.45   5.66   5.31   
1947 5.09   4.64   4.37   5.12   4.13   4.89   3.89   2.60   2.49   2.33   3.42   2.86   
1948 2.36   2.50   1.86   2.11   1.58   2.44   3.54   3.67   3.45   3.25   2.97  -0.22   
1949 0.31  -0.30   0.35  -0.69  -1.03  -1.45  -1.77  -2.46  -1.90  -1.54  -1.91  -1.56   
1950 -1.50  -1.63  -1.65  -1.45  -0.58  -1.53   0.41   0.11   1.07   1.30  -0.04  -0.16   
1951 -0.28  -0.33   0.33   0.34   0.69   2.02   2.12   3.39   3.02   3.21   2.76   3.37   
1952 3.93   4.06   3.94  -0.60  -1.13  -0.75  -1.11  -1.23  -2.17  -2.70  -2.42  -2.49   
1953 -2.31   0.39   0.11   1.33   1.44   2.22   3.00   2.83  -0.59  -1.25  -1.10  -0.59   
1954 -0.74  -0.73  -0.44  -0.65  -0.45  -0.16  -0.80  -1.05   0.19   0.31  -0.53  -0.95   
1955 -1.19  -0.92  -1.71  -2.55  -3.31  -3.13  -3.23  -3.52  -3.91  -4.40  -4.47  -3.70   
1956 -3.44  -3.54  -3.72  -3.63  -3.69  -3.82   0.71   1.98  -0.54  -0.68  -0.38  -0.62   
1957 -0.84  -0.78  -1.18   0.25   1.53   1.99   1.76   1.90   2.10   2.42   2.70   2.43   
1958 2.00   2.23   1.95   2.03  -0.59  -0.67  -0.45  -1.18  -1.69  -2.38  -1.97  -2.02   
1959 -2.07  -1.99  -2.81  -3.67  -3.03  -3.74  -4.16  -4.01   0.18   0.75   0.68   0.82   
1960 0.87   0.67   0.47   0.66   0.85   1.29   0.73   2.30   2.30   1.68   1.71   2.00   
1961 1.64   1.45   0.92   0.56   1.65   1.62   1.70   1.28   1.23   1.85   1.45   1.28   
1962 1.05   1.99   2.25   2.24   3.85   4.38   5.89   5.50   5.29  -0.34  -0.67  -0.83   
1963 -0.57  -0.66  -0.69  -0.59  -0.48  -1.00   1.90  -0.43  -0.20  -0.60  -0.76  -0.66   
1964 -0.91  -1.19  -1.13  -0.80  -1.20  -1.85  -2.04  -1.67  -1.97  -2.65  -2.87  -2.73   
1965 -2.83  -2.83  -2.78   0.22   1.21   1.46  -0.27  -0.74   1.82  -0.31   0.00   0.09   
1966 0.04   0.30   0.23   0.55  -0.53  -1.00   0.24   1.18   1.23   1.31  -0.24  -0.46   
1967 -0.34  -0.01  -0.66  -0.79  -1.50   1.64  -0.29  -0.52  -0.76  -0.97  -1.37  -1.38   
1968 -1.48  -1.89  -2.72   1.16   0.91   1.30   1.69   1.57   1.97   2.58   2.39   3.45   
1969 3.87   4.96   4.46   3.52   3.30   3.00   3.48   2.99   2.32   2.93   2.40   2.43   
1970 2.16   1.64   1.90   2.78   2.55  -0.02  -0.06  -0.94  -1.34   0.39   1.21   1.18   
1971 0.88   1.16  -0.35  -0.19  -0.38  -0.20  -0.35  -0.25  -0.45   1.39   2.37   2.46   
1972 2.35   2.23   2.37   2.84   5.09   4.03   5.10   4.18   3.16   3.32   3.60   3.81   
1973 3.63   3.39   3.71  -0.15  -0.11  -1.12  -1.33  -1.97   0.76   0.78   0.69   0.68   
1974 -0.39  -0.34  -0.36  -0.81   0.82  -0.57  -1.08  -1.22  -2.03  -2.52  -2.77  -3.00   
1975 0.61   0.12   0.62   1.22   0.70   1.05  -0.77  -0.23  -0.23  -0.66  -0.59  -0.93   
1976 -0.79  -0.75  -0.93  -1.56  -2.55  -3.41  -4.56  -5.73  -5.42  -5.26  -5.43  -5.29   
1977 -5.13   0.39   1.96  -0.25  -0.93  -0.85  -1.40   0.45   1.35   1.81   2.73   3.01   
1978 2.74   2.64   2.45   3.14   3.52  -0.65  -0.26  -0.21  -0.54  -1.20  -1.26  -1.30   
1979 0.67   0.43   0.83   1.34   1.42   1.27   1.95   2.71   1.81   2.35  -0.05  -0.26   
1980 -0.27  -0.22  -0.34  -1.11  -1.82   0.73   0.37   1.24  -0.85  -0.69  -1.26  -1.52   
1981 -1.73  -1.69  -1.77  -2.69  -3.51  -3.94  -3.64  -3.52  -4.03  -3.46  -3.25  -2.95   
1982 -2.33  -2.49  -2.40  -2.54   1.01   0.49   1.55   1.67   1.93   3.50   3.88   3.94   
1983 3.81   3.36   4.68   4.32   3.65   3.65   3.50   2.74   2.62   2.17   3.46   3.20   
1984 2.96   2.93   3.13   3.82   3.55   5.28   4.68   4.33   3.81   5.13   4.40   4.27   
1985 4.00   3.51   4.13   3.66   3.22   2.56   2.59   3.20   4.63   4.36   4.82   4.69   
1986 4.43   4.23   4.15   5.95   5.83   5.47   5.75   5.77   7.42   6.58   6.17   5.44   
1987 4.92   4.89   6.03  -0.90  -1.55  -2.62  -1.96  -1.81  -1.67  -1.87  -1.83  -1.53   
1988 -1.13  -1.26  -1.58  -1.80  -1.77  -3.30  -4.11  -3.70  -2.72  -3.08  -2.85  -2.81   
1989 -2.94  -2.77  -2.44  -2.68  -3.30  -3.54  -3.36  -3.55  -2.98  -3.15  -2.86  -3.01   
1990 -3.22  -3.28  -3.53  -3.80   0.63   2.05   2.61   2.75  -0.71  -0.48  -0.87  -0.88   
1991 -1.12  -0.86  -1.26   0.71   1.95   2.65   2.46   2.41   2.52   2.22   2.32   1.80   
1992 1.88   2.21   1.96   1.83   0.80   2.01   3.48   4.48   4.70   4.17   4.64   4.55   
1993 4.42   4.42   4.54   4.73   4.94   6.61   8.20   7.65   7.45   6.40   6.65   6.32   
1994 6.31   6.05   5.31   5.37   4.19   4.67   4.82   5.15   4.89   4.94   4.55   4.16   
1995 3.86   3.39   4.55   5.68   6.44   5.29   5.90   5.77   6.21   6.79   6.28   5.70   
1996 5.72   5.33   4.87   3.97   5.03   4.09   3.53   3.00   4.09   4.67   5.10   5.42   
1997 5.81   5.80   5.33   5.46   4.98   3.97   4.61   4.27   4.08   4.16   3.58   2.98   
1998 2.92   2.71   2.72   2.70   2.36   2.27   2.48   3.16   1.94   4.35   4.66   4.28   
1999 4.22   3.89   3.57   4.13   4.14   4.27   4.20   3.99   4.34  -0.32  -1.08  -1.29   
2000 -1.36  -1.23  -1.75  -1.74  -1.00  -1.08  -0.69  -1.03  -1.47  -1.59   1.24   1.26   
2001 2.18   2.77   2.68   4.96   4.44   4.40   4.41  -0.97  -0.64  -0.86  -0.34  -0.66   
2002 -0.65  -0.90  -0.77  -1.03  -1.01  -1.78  -2.48   1.33   0.71   1.48  -0.44  -0.55   
2003 -0.65  -0.38  -0.90  -0.98  -0.94  -0.68  -0.80  -1.26  -1.10  -1.36  -1.22  -1.27   
2004 -1.26  -1.32  -1.31  -1.73   1.11   1.22   2.16   2.47   4.47   5.26   4.82   4.42   
2005 4.20   4.14   3.76   3.11   3.45   3.97   3.58   3.39   5.16   4.81   5.45   5.88   
2006 5.35   4.88   4.97   4.50   3.52   2.43   0.98   1.78   3.39   2.67   2.14   2.32   
2007 1.93   2.28   2.87   3.79   4.67   4.14   2.90   4.13   3.83   4.59   3.75   3.61   
2008 3.07   2.52   2.36   2.64   2.71   3.25   3.52   2.97   2.90   4.15   4.17   4.49   
2009 4.47   4.40   5.12   4.71   3.95   3.72   4.76   4.84   4.52   6.82   5.88   6.40   
2010 6.49   6.66   6.42   5.61   5.34   6.85   8.02   7.96   9.95   9.02   8.09   8.47   
2011 8.60   8.57   8.22   7.88   8.21   7.85   8.01  -0.09  -0.80  -1.16  -1.52  -1.69   
2012 -1.63  -1.47  -2.57  -2.16  -1.26  -1.69  -2.81  -3.08  -3.77  -3.47  -3.68  -2.93   
2013 -2.96  -2.45 -99.99 -99.99 -99.99 -99.99 -99.99 -99.99 -99.99 -99.99 -99.99 -99.99   
