1895 0.37   0.49   1.08  -0.67  -1.31  -0.88  -1.31  -1.60  -1.95  -2.39  -1.94  -2.16   
1896 -2.20  -2.33  -1.80  -1.52  -1.98  -1.95  -1.52  -2.00   0.41   0.55   0.63   0.18   
1897 1.12   0.67   1.27   1.78  -1.05  -1.32  -1.60  -1.16  -1.75  -1.63  -1.67  -1.66   
1898 -1.61  -1.99  -2.39  -2.94  -2.06  -2.97  -3.19  -3.87  -3.82  -3.68  -3.63  -3.69   
1899 -3.46  -3.44  -3.14  -3.51  -2.93  -3.19  -3.39  -3.16  -3.43  -3.03  -3.18  -2.98   
1900 -3.03  -3.30  -3.52  -3.69  -4.44  -4.90  -4.24  -3.45  -2.71  -2.67  -2.73  -2.83   
1901 -2.96  -3.11  -3.37  -3.84  -4.47  -3.51  -4.34   0.16   1.57   1.73  -0.30  -0.30   
1902 -0.28  -0.70  -0.77  -1.01   0.14   0.32   0.46   1.25   0.05  -0.35  -0.80  -0.10   
1903 -0.35  -0.46  -0.57  -0.98   0.63   0.58   1.45   2.70   3.03  -0.26  -0.26  -0.23   
1904 -0.21  -0.27  -0.84  -1.23  -1.51  -1.31  -0.97  -0.77  -1.06  -0.83  -1.31  -1.41   
1905 -1.18  -1.47  -2.12  -2.40   1.01   1.56   3.10   3.58   3.42   3.75   3.53   2.89   
1906 2.53   2.26   2.46   2.27   2.37   1.80   1.57   3.08   3.69   4.19   3.55   3.36   
1907 3.56   3.31   2.47   1.73   2.13   2.07   2.94  -0.50  -0.15  -0.51  -0.93  -0.96   
1908 -1.05  -1.34  -1.72  -2.43   0.57   0.90   1.26   1.56   0.96   1.74   1.66   1.68   
1909 1.50   1.60   1.13   0.61   0.84   1.03   1.27   1.46   1.57   1.35   1.31   1.87   
1910 2.56  -0.10  -0.98  -1.96  -2.17  -2.54  -2.97  -2.57  -2.14  -2.42  -2.54  -2.46   
1911 -2.60  -2.68  -3.72  -4.03  -4.59  -6.18  -6.37  -5.00  -4.53  -3.15  -2.66  -2.16   
1912 -1.94  -1.81  -1.49  -1.54  -2.05  -2.65  -2.25  -1.30  -0.73  -1.09  -1.53  -1.69   
1913 -1.68  -1.82  -1.81  -1.94  -1.44  -2.01  -2.21  -2.52  -2.33  -2.07  -2.30  -2.12   
1914 -2.21  -2.01  -2.48  -2.48  -2.49  -2.47  -2.99  -2.84  -2.73  -2.10  -2.53  -2.52   
1915 0.45   1.15   1.27   1.08   1.52   2.33   4.14   5.01   5.80   5.63   4.91   4.58   
1916 4.75   4.30   3.97   3.30   3.39   3.31   2.88   3.62   2.87   2.39   1.94   1.71   
1917 2.12   1.61   1.63   1.73   2.15  -0.42  -0.90  -0.96  -0.65  -0.98  -1.43   0.29   
1918 0.70  -0.04  -0.55  -0.59  -0.73  -1.40   0.05   0.24   0.38  -0.28  -0.23  -0.01   
1919 -0.26   0.26  -0.42   0.39  -0.29  -0.61  -0.55  -1.29  -1.44   0.77   1.39   1.14   
1920 0.87   0.80   0.91   2.04   2.34   2.44   2.40   2.73  -0.21  -0.28   0.33   0.28   
1921 0.30  -0.36  -0.88  -1.66  -1.65  -2.88  -2.73  -2.29  -1.77  -1.86  -1.82  -1.79   
1922 -1.17  -1.38  -1.84  -2.42  -2.45  -2.57  -2.73  -3.15  -3.95  -3.97   1.30   1.24   
1923 1.16  -0.31  -0.61  -1.02   0.32   0.78   1.16   2.54   3.47   3.54  -0.27  -0.33   
1924 -0.41   0.23   0.66  -0.84  -1.51   0.70   0.84   0.64   0.69   0.63   0.29   0.56   
1925 0.70  -0.31  -1.23  -2.40  -3.08  -2.75  -3.27  -3.53  -3.89  -3.35  -3.20  -2.95   
1926 -1.85  -2.05  -2.56  -3.48  -4.09  -4.33  -4.40  -4.01  -3.48  -3.24  -2.94  -2.90   
1927 -2.83  -2.97  -2.77   1.07   1.42   1.05   1.21   1.86   1.76  -0.41  -0.65  -0.36   
1928 -0.52  -0.54  -1.07  -1.77  -2.53  -2.14  -2.13  -2.50  -2.44   0.24   0.54   0.13   
1929 0.49   0.42   0.62   0.66  -0.38  -0.62  -0.52  -1.05   1.05   1.83   1.88   1.60   
1930 1.65  -0.41  -0.67  -0.81  -0.46  -0.89  -1.76   0.61   0.25   0.96   1.14  -0.29   
1931 -0.30  -0.60  -0.39  -1.12  -1.27  -1.91  -2.48  -2.88  -3.15  -3.12  -2.92  -2.37   
1932 -2.33  -2.37  -2.20  -2.55  -2.46  -0.94  -0.90  -0.77  -0.89  -0.65  -1.07  -1.19   
1933 -1.50  -1.73  -1.88  -2.32  -2.02  -3.62  -3.88  -3.54  -4.27  -4.73  -4.83  -4.34   
1934 -4.28  -4.28  -4.41  -5.17  -6.82  -7.32  -8.33  -8.12  -7.09  -6.49  -6.42  -6.20   
1935 -5.92  -5.32  -5.58  -3.70  -2.66  -2.31  -2.42  -3.02  -3.49  -3.75  -3.50  -3.08   
1936 -2.56  -2.03  -2.05  -1.79  -2.41  -3.18  -4.72  -5.79  -5.53  -5.32  -4.53  -4.25   
1937 -3.53  -3.47  -3.14  -3.26  -3.44  -3.25  -3.49  -3.23  -3.50  -3.55  -3.50  -3.27   
1938 -3.03   0.11   0.24   1.76   2.28  -0.58  -0.71  -1.27  -1.52  -2.42  -2.52  -2.71   
1939 -1.53  -1.24  -1.83  -2.16  -1.91  -1.94  -2.09  -2.57  -2.54  -2.09  -2.61  -2.50   
1940 -2.55  -2.41  -1.86  -1.76  -2.92  -3.17  -4.25  -4.49  -5.08  -5.41  -4.64  -4.24   
1941 -3.67  -3.55  -3.82  -2.87  -3.53  -3.05  -3.09  -3.07   0.44   2.24   1.79   1.74   
1942 1.35   1.56   2.36   2.68   4.83   5.03   4.63  -0.20  -0.16  -0.67  -1.02  -1.14   
1943 -1.22  -1.44  -1.86  -2.51  -2.72  -2.46  -3.45  -3.89  -4.16  -3.37  -3.40  -3.53   
1944 1.08   1.14   0.77   1.02   1.27   2.98   3.76   5.33   4.48   3.80   4.67   4.04   
1945 3.81   3.64   3.04   2.64   2.19   2.51   3.02   3.93   0.04  -0.42  -0.77  -0.87   
1946 -1.08  -1.18  -0.60  -1.44   0.25   0.59   0.08   0.12   2.10   3.97   4.19   4.01   
1947 3.93   3.64   3.33   3.30   2.50   4.17  -0.22  -1.20  -1.60  -2.13  -0.67  -0.88   
1948 -0.85  -0.96  -1.26  -1.58  -1.99   1.15   1.10  -0.46  -0.60  -0.79  -0.63  -0.67   
1949 0.85   0.42   1.00  -0.12  -0.22  -0.86  -1.04   0.64   0.59   1.51   0.90   1.24   
1950 1.01   1.24   2.23   1.98   1.78   1.01   2.09   3.57   4.52   4.00   3.72   3.14   
1951 2.63   2.74   2.59   2.49   2.87   3.69   3.97   5.16   6.22   6.49   5.94   6.86   
1952 6.79   6.86   6.85   5.42   5.21   4.45   3.24   3.03   1.82   0.93   1.10   0.94   
1953 1.00   2.26   2.07   3.37   2.83   3.32   3.18   3.11  -0.88  -0.92  -0.88  -0.35   
1954 -0.65  -1.06  -0.71  -0.98  -1.15   1.12   0.80   1.42   1.29   1.33  -0.18  -0.53   
1955 -0.74  -0.12  -0.62  -1.57  -1.63  -1.83  -3.04  -2.98  -2.86  -3.36  -3.34  -2.74   
1956 -2.70  -2.84  -2.53  -2.29  -2.86  -3.93  -4.00   1.07   0.28   0.08   0.95   0.70   
1957 0.55   0.30   0.45   1.01   1.92   2.20   2.66   2.81   2.66   2.91   3.62   3.02   
1958 2.77   2.96   2.79   3.82   2.60   2.45   3.40  -0.50  -1.18  -1.88  -1.99  -2.11   
1959 -2.12  -2.14  -2.53  -2.85  -2.25  -2.89  -3.17  -3.55   0.68   0.70   0.90   0.64   
1960 0.65   1.10   0.91   1.49   2.05   2.01   1.76   1.97  -0.12  -0.69  -0.48  -0.52   
1961 -0.68  -0.84  -1.47  -1.89  -1.13  -1.32  -1.01  -1.24  -0.89  -1.13  -1.40  -1.56   
1962 -1.64   0.91   1.19  -0.60   1.97   3.62   5.30   5.65   5.43   0.03  -0.49  -0.66   
1963 -0.31  -0.48  -0.65  -0.55  -1.07   0.51   1.13   0.59   1.13  -0.56  -0.84  -0.97   
1964 -1.17  -1.50  -1.72   0.74   0.16   0.68   0.86  -0.31  -0.43  -1.15  -1.45  -1.05   
1965 -1.03  -1.27  -1.76  -1.98   0.29   0.52   0.63  -0.65   1.53  -0.12  -0.39  -0.29   
1966 -0.40  -0.34  -0.64  -0.52  -1.61  -1.89   0.15   1.67   2.37   2.29  -0.19  -0.19   
1967 -0.19  -0.45  -1.12  -1.88  -1.88   1.40  -0.46  -0.94  -0.96  -1.05  -1.32  -1.30   
1968 -1.33  -1.55  -2.56   1.15   1.09   2.07   1.72   2.29   2.10   1.71   1.43   1.77   
1969 1.60   1.75  -0.31  -1.10  -1.70  -1.90  -1.33  -1.69  -1.92  -1.09  -1.30  -1.25   
1970 -1.29  -1.57  -1.47   0.92  -0.32  -0.67  -1.36  -2.07  -2.46   0.22   0.51   0.62   
1971 0.44   0.78   0.55   1.59   1.61  -0.69  -0.80  -1.18  -1.24   0.98   0.98   0.00   
1972 -0.09  -0.31  -0.81   0.56   1.36   1.18   2.72   2.78   2.01   1.94   2.25   1.96   
1973 2.05   1.82   2.55   2.36   2.84   1.74   1.60   1.19   2.90   2.97   3.14  -0.07   
1974 -0.20  -0.24  -0.43  -0.25  -0.41  -0.79  -1.14  -1.73  -2.10  -2.47  -2.64  -2.81   
1975 -2.39  -2.57  -2.08  -2.18  -2.62  -2.15  -2.67  -3.02  -3.34  -3.22  -2.95  -2.79   
1976 -2.50  -2.66  -3.21  -3.45  -3.72  -4.85  -5.19  -5.45  -5.15  -5.04  -4.88  -4.53   
1977 -4.31   0.59   3.03   2.77   3.49   2.83   3.00   3.78   4.32   4.53   4.36   4.46   
1978 4.01   4.32   3.73   4.52   4.47   3.65   4.13   3.85  -0.50  -0.93  -0.93  -0.93   
1979 -0.48  -0.79  -0.73  -0.82  -0.94   0.46   1.16   1.15   0.73   1.33   1.38  -0.30   
1980 -0.42  -0.46  -0.46  -1.21  -1.89  -2.04  -2.92  -1.96  -2.48  -1.67  -1.88  -1.53   
1981 -1.71  -1.96  -2.09  -3.09  -2.71  -2.96   0.93   0.95   0.09   0.68   0.67   1.03   
1982 1.31   0.92   1.05   0.69   2.80   2.95   3.72   3.84   4.22   5.98   5.94   5.71   
1983 5.15   4.58   5.23   5.13   5.40   5.48   5.62   4.71   3.75   3.29   3.76   3.71   
1984 3.15   3.01   2.95   4.08   3.67   3.21   3.89   3.66   3.19   3.22  -0.13  -0.36   
1985 0.47  -0.31  -0.54  -0.89  -2.15  -2.63  -2.63   0.67   1.53   1.41   2.38   2.40   
1986 2.34   2.12   2.28   3.23   2.99   3.22   3.36   3.23   4.74   4.55   4.36   3.71   
1987 3.29   3.99   5.74   4.56   4.04   2.94   3.13   3.23   2.77   2.26   2.09   2.58   
1988 2.77   2.54   2.35   2.02   2.79  -0.35  -0.52  -1.14  -0.50  -0.98  -1.00  -1.02   
1989 -1.35  -1.48  -1.69  -2.28  -3.11  -3.91  -3.93  -4.21  -3.19  -3.29  -3.24  -2.54   
1990 -2.68  -2.66  -2.43  -2.39   1.05   1.11   2.21   2.39  -0.69  -0.73  -1.09  -1.04   
1991 -1.16  -0.91  -1.16   0.06   1.55   1.75  -0.26  -0.45  -0.88   0.55   1.04   0.60   
1992 0.88   0.94   0.91  -0.47  -1.56   0.14   1.74   2.26   2.28   1.51   1.65   1.28   
1993 1.18   1.51   1.12   1.80   1.34   2.33   3.22   3.45   4.03   3.51   3.88   3.77   
1994 3.77   3.74   2.96   2.87   1.71   2.16   2.84   3.44   3.04   3.14   2.86   2.58   
1995 2.20   1.96   2.18   3.57   5.02   4.73   4.37   3.65   3.68   5.22   4.96   4.48   
1996 4.69   4.34   4.10   3.49   4.85   3.68   3.07   2.11   4.04   4.52   4.48   4.50   
1997 4.72   4.77   3.96   4.68   4.26   4.30   5.27   5.16   4.68   5.33   4.74   4.15   
1998 3.78   3.52   3.95   3.22   2.79   3.86   5.09   5.13   4.44   6.28   6.22   5.56   
1999 5.29   4.98   4.64   5.31   5.47   5.64   5.32   5.12   5.92  -0.34  -0.92  -1.08   
2000 -0.94  -0.64  -1.38  -1.21  -0.69  -0.62  -0.54  -1.27  -1.95   0.41   0.83   0.68   
2001 1.31   1.48   1.04   2.72   2.61   2.26   2.86  -0.75   0.47   0.12   0.72  -0.32   
2002 -0.51  -0.76  -0.81  -1.14  -1.25  -2.58  -3.89  -3.50  -2.96  -2.25  -2.44  -2.55   
2003 -2.27  -2.10  -2.33  -2.24  -2.17  -1.87  -2.14  -2.60  -2.90  -3.02  -2.55  -2.47   
2004 -2.46  -2.47  -1.76  -2.40   0.29   0.34  -0.04  -0.29   1.10   1.78  -0.19  -0.52   
2005 -0.46  -0.61  -0.77   0.85   1.25   2.56  -0.04  -0.23  -0.51  -0.91  -0.62  -0.39   
2006 -0.71  -0.84  -0.32  -0.26  -1.39  -1.80  -3.03   0.19   1.20   0.99   0.79   1.18   
2007 0.85   1.00   1.02   1.16   1.88   1.74   0.71   1.91   1.46   3.11   2.39   2.51   
2008 2.35   2.16   1.84   1.85   2.19   3.42   3.41   2.96   3.13   3.71   3.69   3.49   
2009 3.36   3.60   3.71   3.90   2.66   2.84   3.55   4.66   3.91   5.12   4.27   4.30   
2010 4.38   4.19   4.23   4.35   4.00   4.78   5.34   4.85   4.41   3.77   3.10   2.80   
2011 2.80   3.13   2.75   2.61   3.16   4.76   5.48   5.58  -0.19   4.58   3.82   3.17   
2012 2.76   2.38   0.90   0.88  -1.96  -2.75  -3.98  -4.75  -5.23  -4.98  -5.00  -4.71   
2013 -4.44  -4.15 -99.99 -99.99 -99.99 -99.99 -99.99 -99.99 -99.99 -99.99 -99.99 -99.99   
