1895,0.21,0.41,0.61,-0.69,-1.39,-1.19,-1.68,-2.20,-2.28,-2.74,-2.65,-2.84
1896,-2.91,-3.10,-2.90,-1.77,-2.25,-2.20,-1.84,-2.24,0.36,0.91,1.09,0.71
1897,1.42,1.37,1.84,2.22,-0.78,-0.82,-0.70,-0.76,-1.32,0.43,0.44,0.45
1898,-0.02,-0.22,-0.59,-0.93,-0.71,-1.45,-1.48,-2.11,-2.30,-2.12,-2.28,-2.64
1899,-2.73,-3.20,-3.34,-3.76,-3.29,-3.31,-3.68,-3.23,-3.51,-3.41,-3.61,-3.33
1900,-3.38,-3.48,-3.73,-3.75,-4.48,-4.78,-3.82,-2.82,-1.96,-1.53,-1.79,-2.08
1901,-2.24,-2.41,-2.38,-2.63,-3.55,-2.82,-3.64,-3.73,1.46,1.67,1.28,0.97
1902,0.90,0.67,0.41,0.00,0.07,0.29,0.84,2.32,2.29,2.32,2.13,3.06
1903,2.66,2.81,2.79,2.47,3.08,2.71,3.65,4.33,4.73,4.50,4.13,0.00
1904,0.08,-0.13,-0.46,-0.61,-0.95,0.10,0.47,0.35,0.16,0.74,-0.62,-0.73
1905,-0.56,-0.64,-1.07,-1.16,0.86,1.56,2.78,2.97,2.72,3.03,3.10,2.57
1906,2.43,2.20,2.42,2.37,2.22,1.70,1.26,2.84,3.58,4.34,3.85,3.78
1907,3.83,3.55,2.81,2.23,2.64,2.61,3.64,3.11,3.13,-0.23,-0.64,-0.65
1908,-0.79,-0.49,-0.78,-1.21,0.30,0.95,1.33,-0.20,-0.74,0.71,0.48,0.49
1909,0.49,0.62,0.30,0.05,0.28,0.42,0.90,0.98,0.98,0.96,1.82,2.68
1910,3.06,-0.10,-0.86,-1.60,-1.95,-2.31,-2.77,-2.58,-2.34,-2.90,-3.03,-3.13
1911,-3.29,-3.01,-3.82,-3.80,-4.57,-5.87,-6.10,-4.88,-4.36,-2.78,-2.56,-1.65
1912,-1.57,-1.52,-1.17,-1.14,-1.76,-2.35,-1.99,-1.36,-1.14,-1.44,-1.87,-2.06
1913,-2.22,-2.42,-2.50,-2.57,-1.79,-2.29,-2.50,-2.89,-2.72,-2.74,-2.99,-2.55
1914,-2.63,-2.57,-2.88,-2.79,-2.82,-2.45,-2.92,-2.91,-2.25,-1.90,-2.47,-2.48
1915,0.21,1.17,1.23,0.85,1.16,1.96,4.06,4.08,4.48,4.40,3.91,3.62
1916,3.95,3.50,3.21,2.87,3.21,3.23,2.80,3.09,-0.21,-0.45,-0.73,-0.86
1917,-0.49,-0.87,-0.78,-0.32,-0.03,-0.21,-0.45,-0.64,-0.44,-0.76,-1.35,-1.41
1918,-1.22,-1.37,-2.06,-2.13,-2.03,-2.65,-2.64,0.12,-0.20,0.25,0.30,0.69
1919,0.38,0.93,0.65,0.96,0.83,0.87,1.15,-0.45,-0.58,0.36,1.13,-0.22
1920,-0.34,-0.37,0.08,1.28,1.67,1.86,2.00,1.88,1.49,1.45,1.62,1.56
1921,0.01,-0.25,-0.71,-1.20,-1.36,-2.54,-2.53,-2.29,-1.34,-1.30,-1.44,-1.63
1922,-1.35,-1.14,-1.46,-1.63,-1.94,-2.25,-1.89,-2.50,-3.36,-3.66,-2.35,-2.42
1923,-2.26,-2.51,-2.68,-2.77,-2.69,0.26,-0.23,0.81,1.34,1.28,-0.58,-0.83
1924,-1.00,-0.92,-0.77,-1.56,-2.34,0.58,0.40,1.04,1.08,-0.54,-0.81,-0.23
1925,-0.24,-0.53,-1.31,-1.93,-2.86,-2.42,-2.97,-3.67,-4.00,-3.54,-3.61,-3.37
1926,-2.70,-2.96,-3.36,-4.23,-5.14,-5.19,-5.44,-5.22,-4.05,-3.69,-3.13,-2.99
1927,-2.95,-3.03,-2.69,-1.54,-1.11,-1.25,-1.01,-1.22,-1.18,-1.60,-1.58,-1.19
1928,-1.38,-1.23,-1.62,-1.98,-2.85,-2.55,-2.60,0.40,0.51,1.04,1.13,0.71
1929,0.96,0.93,0.79,0.77,-0.50,-0.74,-0.67,-1.27,1.03,2.06,1.90,-0.26
1930,0.24,0.35,0.12,0.15,0.29,-0.29,-1.04,-1.87,-1.98,-1.26,-0.62,-0.95
1931,-1.17,-1.48,-1.80,-2.39,-2.94,-3.74,-4.66,-5.25,-5.05,-4.73,-3.87,-2.89
1932,-2.16,-1.92,-1.59,-1.83,-1.40,-1.57,-1.85,-1.79,-1.96,-2.01,-2.33,-2.45
1933,-2.55,-2.69,-2.35,-2.77,-3.06,-4.44,-3.73,-2.79,-3.11,-3.63,-3.92,-3.69
1934,-3.59,-3.82,-4.01,-4.87,-6.25,-6.03,-6.40,-6.43,-4.99,-5.00,-4.92,-4.85
1935,-4.59,-4.33,-4.74,-3.46,-3.03,-2.57,-2.87,-2.67,-3.17,-3.43,-3.13,-2.96
1936,-2.51,-2.09,-2.23,-2.34,-2.05,-2.73,-4.21,-4.65,-4.95,-5.18,-4.98,-4.57
1937,-3.67,-3.79,-3.64,-2.97,-3.14,-2.99,-3.55,-2.71,-3.14,-2.78,-2.96,-2.91
1938,-2.77,-2.26,-2.26,-2.01,-1.12,-1.36,-1.17,-2.09,-0.95,-1.74,-1.64,-1.89
1939,-1.58,-1.46,-1.99,-2.35,-2.90,-3.13,-3.34,-3.37,-3.87,-3.77,-4.22,-4.36
1940,-4.35,-4.21,-3.77,-2.99,-3.91,-2.94,-3.45,-2.97,-3.63,-3.60,-3.11,-2.78
1941,-2.33,-2.21,-2.47,-1.44,-2.05,-1.52,-1.71,-2.57,-2.35,-1.61,-1.96,-1.95
1942,-2.15,-2.09,0.54,0.12,1.90,2.11,2.10,1.74,2.03,-0.40,-0.81,-1.10
1943,-1.08,-1.19,-1.64,-2.12,-2.27,-1.31,-1.44,-1.58,-2.12,-1.38,-1.46,-1.80
1944,0.55,0.90,0.61,1.52,2.30,3.34,4.49,7.18,6.71,5.95,5.91,5.29
1945,4.99,5.14,4.55,4.09,4.17,4.47,4.10,4.26,3.71,2.70,2.23,2.38
1946,1.86,1.63,1.88,0.80,1.19,1.26,0.85,0.93,2.24,3.91,4.46,4.17
1947,4.22,3.87,3.44,3.67,3.11,4.31,-0.53,-1.39,-1.70,-1.32,-0.24,-0.23
1948,-0.38,-0.16,-0.60,-0.67,-1.17,1.13,2.28,1.76,1.00,0.98,1.38,1.19
1949,1.80,1.35,2.64,-0.59,-0.78,-1.56,-1.98,0.19,0.78,0.74,-0.62,-0.69
1950,-0.76,0.05,0.28,0.14,0.69,0.21,0.88,0.99,1.64,1.77,1.53,1.18
1951,0.84,1.10,1.65,2.00,2.52,3.80,4.01,4.89,5.12,5.11,4.70,5.20
1952,5.32,5.34,5.20,-0.38,-0.46,-0.57,-0.62,-0.06,-1.07,-1.66,-1.68,-1.81
1953,-1.72,0.38,0.13,1.40,1.71,1.77,1.85,2.46,1.66,0.79,0.72,1.23
1954,0.84,1.14,1.55,1.31,1.21,2.48,2.40,2.55,2.67,2.61,-0.35,-0.61
1955,-0.77,-0.53,-1.03,-1.64,-2.40,-2.14,-2.26,-3.22,-3.49,-3.78,-3.95,-3.35
1956,-3.22,-3.32,-3.47,-3.06,-3.53,-4.53,-4.39,-4.04,-4.64,-4.77,-4.39,-4.36
1957,-4.28,-4.34,-4.18,-3.85,0.84,1.16,1.52,1.29,1.23,1.28,1.76,1.35
1958,1.03,1.60,1.46,1.98,-0.82,-1.36,-0.78,-1.46,-2.05,-2.77,-2.70,-2.90
1959,-2.95,-2.84,-3.33,-3.84,-2.66,-3.35,-3.90,-3.57,0.38,1.52,1.99,2.35
1960,2.52,2.49,2.76,3.42,4.35,3.94,3.17,4.15,3.96,3.09,2.99,2.75
1961,2.43,2.18,1.72,1.19,1.73,1.58,1.80,2.04,2.01,2.05,1.90,1.86
1962,1.54,2.80,3.32,3.00,3.86,4.58,6.41,6.83,7.01,-0.08,-0.42,-0.43
1963,-0.03,-0.02,-0.02,-0.18,-0.58,-1.04,1.55,-0.51,-0.27,-0.74,-1.15,-1.27
1964,-1.42,-1.81,-1.69,-1.05,-1.66,-1.68,-1.42,-1.30,-0.88,-1.55,-1.92,-1.76
1965,-1.88,-1.85,-2.24,-2.13,0.51,1.50,2.14,2.09,3.72,3.15,2.80,2.78
1966,2.69,2.77,-0.10,-0.05,-0.47,-0.85,-0.95,0.75,1.16,1.15,-0.39,-0.46
1967,-0.29,-0.58,-1.42,-1.51,-2.00,-0.61,-1.09,-1.09,-1.09,-1.33,-1.78,-1.73
1968,-1.78,-2.20,-3.14,-2.31,-2.56,-2.05,-1.92,-2.36,0.42,1.58,1.34,2.38
1969,2.72,3.92,3.62,2.56,2.19,2.23,2.95,2.66,2.25,3.07,2.67,2.80
1970,2.61,2.16,2.52,3.33,-0.27,-0.69,-1.16,-2.12,-2.01,0.47,1.18,1.21
1971,0.84,1.51,1.32,1.31,1.10,1.16,1.52,-0.52,-0.68,0.72,1.42,1.61
1972,1.37,1.34,1.08,1.19,3.22,2.87,3.86,3.17,2.50,2.52,2.83,2.98
1973,3.07,2.85,3.94,3.46,3.26,2.32,2.12,1.14,2.67,2.93,3.05,2.99
1974,-0.04,0.00,-0.01,-0.45,-0.27,-0.30,-0.75,-0.76,-1.33,-1.81,-2.16,-2.44
1975,-1.88,-2.23,-2.13,-1.82,-2.46,-1.75,-2.69,-1.45,-1.51,-1.96,-1.15,-1.33
1976,-1.16,-1.14,-1.33,-1.44,-1.66,-2.47,-3.16,-3.86,-3.82,-3.85,-4.09,-4.09
1977,-4.17,-3.96,-2.77,-2.87,-2.86,-3.03,-0.05,0.71,1.58,2.19,2.44,2.59
1978,2.39,2.55,2.18,2.99,2.88,2.11,3.78,4.08,3.44,2.66,2.22,1.95
1979,2.26,1.84,2.51,2.59,2.84,2.58,2.84,2.88,2.44,2.98,3.28,-0.14
1980,-0.14,-0.11,-0.20,-0.88,-1.29,-1.96,-2.72,-1.89,-2.67,-2.40,-2.92,-3.01
1981,-3.24,-3.45,-3.57,-4.54,-5.09,-5.18,-4.59,-4.02,-4.23,-3.64,-3.45,-2.97
1982,-2.50,-2.76,-2.91,-3.08,1.79,1.24,1.49,1.47,1.21,3.01,4.07,4.81
1983,4.69,4.24,5.15,4.90,4.48,5.56,5.60,3.99,2.92,2.24,3.25,3.00
1984,2.58,2.79,2.81,4.85,4.82,6.48,6.16,5.17,4.23,5.14,4.43,4.08
1985,3.79,3.15,3.08,3.64,3.34,2.69,2.21,3.31,3.73,3.31,3.37,3.08
1986,2.83,2.32,2.30,3.80,3.71,3.59,3.31,2.83,4.85,4.61,4.36,3.79
1987,3.35,3.34,5.51,-0.98,-1.56,-2.40,-1.83,-1.93,-1.61,-1.87,-1.67,-1.32
1988,-0.73,-0.88,-1.43,-1.10,-1.16,-2.44,-3.20,-2.96,-2.06,-2.34,-2.18,-2.28
1989,-2.48,-2.65,-2.92,-3.55,-4.24,-4.34,-4.24,-4.40,-4.21,-4.51,-4.39,-4.21
1990,-4.22,-4.35,-4.59,-4.74,-3.29,-3.10,-3.04,-3.03,-3.68,-3.04,-2.90,-2.74
1991,-2.77,-2.81,-3.24,-3.04,-2.18,-2.50,-2.43,-2.95,-2.93,-0.04,0.36,-0.38
1992,0.14,0.47,0.68,0.68,-0.57,-0.84,2.11,3.62,4.03,4.50,4.82,4.69
1993,4.52,4.62,4.51,4.59,5.34,6.01,8.21,8.29,8.06,7.27,7.17,6.51
1994,6.33,6.12,5.03,4.99,3.75,3.56,3.79,3.21,2.75,2.61,2.18,1.90
1995,1.50,0.92,1.93,3.57,4.93,3.71,3.26,3.06,3.14,4.02,3.64,3.06
1996,2.98,2.45,2.03,1.40,2.57,2.00,1.92,2.16,3.51,3.63,4.38,4.47
1997,4.38,4.66,3.96,4.00,4.28,3.62,3.40,3.15,2.92,2.86,2.24,1.68
1998,1.37,0.90,1.42,2.23,1.37,1.89,2.29,2.60,1.44,3.42,3.73,3.40
1999,3.30,3.29,2.94,3.93,3.98,4.09,4.86,-0.23,0.31,-0.52,-1.21,-1.44
2000,-1.37,-1.02,-1.56,-1.72,-1.40,-1.69,-1.99,-1.38,-2.09,0.08,1.05,0.87
2001,1.92,2.19,1.93,3.76,3.24,2.63,3.00,1.79,2.02,1.53,2.47,-0.31
2002,-0.46,-0.75,-0.82,-0.98,-1.19,-2.24,-3.03,1.47,0.97,2.17,-0.36,-0.60
2003,-0.48,-0.31,-0.74,0.33,0.32,0.78,0.93,0.45,0.95,-0.15,-0.22,-0.30
2004,-0.31,-0.21,-0.11,-0.68,1.08,1.09,1.35,1.71,2.83,2.65,2.64,2.18
2005,2.17,2.25,2.10,2.26,2.61,3.79,3.11,2.11,2.51,1.80,2.33,2.28
2006,1.95,1.50,1.65,2.21,-0.86,-1.20,-2.32,0.60,2.28,1.76,1.43,2.65
2007,2.57,3.04,3.66,3.92,3.97,3.39,2.09,3.34,2.88,4.44,3.62,3.78
2008,3.46,3.23,3.01,3.27,3.60,3.81,3.81,2.96,2.55,4.36,4.27,4.39
2009,4.19,4.04,3.96,3.73,2.97,3.44,4.41,4.65,4.03,5.97,5.18,5.75
2010,5.78,5.56,5.20,4.56,3.90,5.39,7.59,8.00,8.66,7.96,7.16,7.11
2011,7.13,7.09,6.47,6.54,6.72,6.39,6.14,0.03,-0.80,-1.11,-1.62,-1.74
2012,-1.56,-1.03,-2.35,-2.10,-1.24,-2.36,-3.81,-4.45,-5.02,-4.81,-4.95,-4.29
2013,-4.12,-3.82,-99.99,-99.99,-99.99,-99.99,-99.99,-99.99,-99.99,-99.99,-99.99,-99.99
