1895 0.06  -0.90  -0.59  -0.30  -0.37  -0.81  -0.18  -0.66  -0.89  -1.05  -1.42  -1.33   
1896 -2.04   0.11   0.54  -0.23  -0.52   0.67   1.85  -0.81  -0.68  -1.15   0.86  -0.96   
1897 -1.17   0.38   2.28   3.35   3.06  -0.34  -0.15  -0.60  -1.51  -2.19  -2.51  -2.16   
1898 -0.98  -2.01  -1.99  -1.29  -1.61  -1.73   0.40   0.23   0.13   0.31  -0.02  -0.58   
1899 0.03   0.94   1.96   1.82  -0.23  -0.66  -0.84  -1.54  -2.08  -2.45  -2.97  -2.77   
1900 -3.02  -2.39  -2.43  -2.29  -2.56   2.00  -0.08  -0.88   0.04   0.09   0.87  -0.67   
1901 -0.63  -1.45  -1.62   0.81   1.16  -0.15  -1.43   1.59   1.94   1.36   0.56   1.36   
1902 1.25   1.01   1.85  -0.32  -0.88  -0.89  -1.99  -2.23  -1.73  -1.96  -1.82  -1.43   
1903 -1.73   1.11   1.15   1.90   1.61   1.98  -0.24  -0.60  -1.50  -1.92  -1.57  -1.61   
1904 -1.76  -2.27  -1.65  -1.46  -1.24  -1.49  -1.75  -2.06  -2.41  -3.04  -3.21  -2.62   
1905 -2.71  -2.43  -2.69  -2.92   0.60   0.99   0.68   0.88   0.36   1.02  -0.75  -0.80   
1906 -0.93  -1.81  -1.51  -1.87  -2.00  -1.96   0.88   0.88   1.88   1.85   2.95   2.61   
1907 1.40   1.20   0.69   1.03   1.43   1.57   1.35   0.91   1.50   1.31   1.71  -0.18   
1908 -0.56  -0.38  -0.74  -0.37  -0.74  -0.54  -0.82  -0.79  -1.20  -1.78  -1.75  -1.53   
1909 -1.73   0.73   0.84   1.51   1.74   2.52   2.51  -0.45  -0.21  -0.42  -1.17  -1.58   
1910 -1.52  -1.40  -2.76   0.45   0.91   1.63   2.45  -0.41  -0.73  -0.68  -1.35  -1.42   
1911 -1.30  -1.39  -1.69   1.75  -0.73  -0.82  -0.77  -0.72  -1.18  -1.29   0.19   0.73   
1912 0.18   0.24   0.54   2.72   2.55   2.43   2.85   2.64   2.59   1.83   0.96   0.85   
1913 1.68   1.69   2.22  -0.44  -0.31  -0.55  -1.16  -1.89  -2.19  -2.19  -3.16  -3.60   
1914 -3.96  -3.75  -3.36  -2.85  -3.09  -3.42  -3.46  -2.76  -2.73  -2.47  -2.90  -2.01   
1915 -1.65  -1.93  -2.31  -3.25   0.23   0.24   0.33   1.51   1.80   1.65   2.32   2.56   
1916 3.16   2.37   1.74   1.25   1.25   1.77   2.87   2.86   2.50   2.13   1.40   1.23   
1917 1.53   0.96   2.60   2.29   2.21   2.41   2.96   2.74   2.93   2.78  -0.80  -1.50   
1918 -0.56  -1.29  -2.27   0.67   0.56   0.68  -0.14  -0.74   0.48   1.18  -0.33  -0.63   
1919 -0.43  -0.83   0.65   0.32   1.11  -0.15  -0.99  -0.78  -1.44   1.03   1.41   0.80   
1920 0.76   0.60   0.79   2.62   2.09   2.28   1.84   2.78   3.02  -0.75  -0.93  -0.80   
1921 -1.04  -0.56  -0.74  -0.46  -0.77  -1.43  -1.51   0.33   0.36   0.09   0.65  -0.94   
1922 -0.77  -0.80   1.28   1.68   1.72   1.60   1.73  -0.25  -0.69  -1.30  -1.90   0.81   
1923 0.84   0.74   1.73   1.93   2.29   2.01   1.55   2.04  -0.29  -0.69  -0.94  -1.26   
1924 0.37   0.35  -0.39   0.32   1.26   1.31  -0.16  -0.74  -0.31  -1.22  -1.94  -1.16   
1925 -1.58  -1.50  -2.19  -2.11  -2.37  -2.54  -2.96  -3.76  -4.32  -2.45  -1.90  -2.37   
1926 -2.51  -2.81  -2.72  -2.75  -2.85   0.54   0.18   1.35   1.22   1.47   2.04   3.56   
1927 2.63   2.27   2.91   3.53   3.35   3.34  -0.15  -0.12  -0.53  -0.80  -0.81  -0.43   
1928 -0.82  -1.42   0.13   0.82   1.28   3.81   3.16   3.05   2.80   3.05   2.65   1.36   
1929 1.19   1.37   1.91   2.15   3.31   3.54   3.15   2.31   2.62   2.53   3.29  -0.53   
1930 -0.84  -1.02  -0.72  -1.58  -1.43  -1.88  -2.76  -3.24  -3.10  -3.13  -3.11  -3.23   
1931 -3.65  -3.71  -3.71  -3.70  -3.71  -4.34  -4.17  -3.79  -4.36  -4.39  -4.80   0.77   
1932 0.73   1.11   0.72   0.91  -0.80  -0.92  -1.04  -1.24  -1.26   1.39   1.09   1.25   
1933 -0.63  -0.12  -0.26  -0.56   0.58  -0.78   0.55   1.12  -0.22  -0.88  -1.51  -1.83   
1934 -2.11  -2.34  -1.33  -1.91  -2.20  -1.38  -1.32  -1.20  -0.81  -0.99  -1.35  -1.73   
1935 -2.04  -2.12  -1.60  -1.11  -1.16  -0.73  -0.93  -0.93  -1.73  -1.88  -1.57  -1.93   
1936 -1.90  -2.13  -1.62  -1.20  -2.26  -3.63  -3.08  -3.49  -4.23  -3.73  -3.70   0.54   
1937 2.36   1.99   0.93   1.03   1.12   0.85   0.64   0.92   0.67   1.28  -0.64  -0.94   
1938 -0.89  -1.67  -1.93   0.30   0.96   1.18   1.60   1.82  -0.14  -0.96  -0.50  -1.05   
1939 -0.04   2.20  -0.18  -0.10  -0.68   0.66  -0.60  -0.49  -1.22  -1.91  -2.73  -2.99   
1940 -3.41   0.44   0.97   0.77   0.68   0.81   0.80   1.05  -0.60  -0.73  -0.96  -1.47   
1941 -1.80  -2.68  -2.85  -2.47  -3.50  -3.46  -2.81  -2.21  -3.02  -3.11  -3.35  -3.42   
1942 -3.39  -3.01  -2.68  -3.59  -3.62  -3.51   0.04   1.88   1.65   1.41   0.99   2.62   
1943 -0.79  -1.12  -0.69  -0.36  -0.89  -1.27  -1.46  -2.03  -1.18  -1.39  -1.85  -2.17   
1944 -2.58   1.54   2.13   2.14  -0.55  -1.70  -2.97   0.05   1.65   0.92   0.49   0.66   
1945 0.37   1.14  -0.94   0.35   1.25   1.46   1.39   1.16   0.58   0.58   1.31   1.48   
1946 2.18   2.50   1.58   1.10   1.30   1.62   1.09   1.04   1.44   1.32   1.32   0.96   
1947 1.77  -0.81  -1.06  -1.48  -1.60  -1.42  -1.01  -1.28  -1.80  -2.43  -2.22  -2.49   
1948 -2.49   1.49   1.83  -0.58  -0.87  -0.89  -0.86  -1.22  -1.63  -1.74   1.83   1.94   
1949 3.29   2.51   2.23   2.00   1.21   2.03   2.15   2.71   2.32   3.09   2.06   1.83   
1950 3.95   3.83   3.63   2.70   2.56   2.49   3.22   3.89   3.88   2.84   2.95   2.12   
1951 2.55   2.62   2.76   2.99  -0.84  -0.21  -0.54  -1.07  -0.96  -1.05   0.67   1.81   
1952 1.96  -0.53   0.53  -0.74  -0.92  -0.99  -2.06  -2.03  -2.17  -2.56  -2.78  -2.87   
1953 -2.28  -1.55  -1.47  -0.93  -0.96  -1.44  -0.80  -1.51  -1.45  -2.24  -3.01  -2.73   
1954 -0.93  -1.29  -1.45  -1.63  -1.34  -1.09  -1.75  -2.29  -2.60  -2.69  -2.93   0.94   
1955 0.17   0.86   1.81   1.88   1.71   2.34  -0.30  -0.74  -0.97  -1.08  -0.96  -1.22   
1956 -1.20   1.50   1.09   1.78   1.22   0.78   1.63  -0.21  -0.66  -0.63  -1.32   0.68   
1957 1.74   2.06  -0.67  -0.55  -0.68  -0.11  -0.97  -1.40   0.96   1.38   3.05   2.95   
1958 -0.52  -0.97  -1.22   0.93   0.72   0.49   0.96   0.80   1.14  -0.63  -0.55  -1.37   
1959 -1.36  -1.44  -1.30  -1.35  -1.26  -1.18   0.28   0.85   0.58   0.99   1.16   1.45   
1960 -0.35  -0.52  -0.36  -1.21  -1.18   0.38   0.37   0.43   1.25   1.29  -0.19  -0.42   
1961 -0.97   0.36   0.95   1.00   1.08   2.05   1.92   1.98   1.61   1.17   0.89   1.52   
1962 2.17   3.09   3.06   3.54  -1.05  -0.64  -1.03  -1.60   0.41   0.85   1.26  -0.33   
1963 -0.93  -1.28   1.11  -0.35  -0.56   0.07   0.84  -0.45  -0.93  -1.98  -2.13  -2.48   
1964 -0.03   0.09   0.64   1.68   1.34   0.91   1.09   1.47   1.79   2.05   1.75   1.62   
1965 1.09   0.61   1.46   1.30   1.24   1.77   2.00  -0.42  -0.23  -0.44  -0.88  -1.93   
1966 -2.01  -1.77  -2.46  -2.08  -1.72  -2.17  -0.04   0.72   0.94   1.20   0.03  -0.10   
1967 -0.83  -1.02  -1.35  -1.75   0.91   0.94   2.63   2.81   2.79   2.72   2.79   2.96   
1968 -0.04  -1.13  -0.75  -0.36  -0.15  -0.72  -1.32  -2.26  -2.62  -2.69  -2.93  -2.96   
1969 -2.72  -2.21  -2.69   0.53   0.59   1.06  -0.65  -0.84  -0.63  -0.86  -1.15   1.25   
1970 -0.67  -0.75  -0.95   1.42  -0.82  -0.20  -0.75   0.57   0.55   1.00  -0.56  -0.72   
1971 -0.51  -0.15  -0.54  -0.97   0.72   0.45   1.22   1.43  -0.13  -0.60  -1.28   0.32   
1972 0.94   0.69   0.77   0.79   0.64   0.61   1.63   1.22   1.60   2.25   2.27   2.96   
1973 2.36   1.96   3.25   3.19   4.57   4.60   4.74   3.71   3.34   2.99   3.79   3.78   
1974 4.66   4.29   3.79   3.22   3.64   2.99   2.10   2.33   2.67   2.21   2.47   2.45   
1975 2.21   2.12   4.51   3.60   3.51   2.99   2.36   1.73   2.94   3.86   3.64  -0.21   
1976 -0.31  -1.03  -0.85  -1.85   0.51   1.16   0.99   0.61   0.80   1.93  -0.54  -0.95   
1977 -1.35  -1.90  -1.85   1.32  -0.33  -0.16  -0.60   0.29   1.39   2.07   2.93  -0.38   
1978 -0.27  -1.21  -1.41  -1.71   0.22   0.47   0.58   1.01  -0.72  -1.03  -1.05   0.58   
1979 1.18  -0.07  -0.49   0.55   1.30   0.84   1.82   2.08   2.81   2.93   3.03  -0.60   
1980 -0.54  -1.35   1.37  -0.17  -0.14  -0.94  -1.91  -2.41  -2.86  -3.09  -2.85  -3.45   
1981 -3.88  -3.83  -3.72   0.11   0.10   0.50   0.31   0.67   0.67   1.39  -0.12  -0.52   
1982 0.67  -0.21  -0.48  -0.56  -0.98  -1.14   0.40   1.51   1.58   1.39   1.63   1.79   
1983 -0.66  -0.95  -1.72   1.30   2.91  -0.05  -0.55  -1.32  -1.84   0.19   1.10   1.44   
1984 0.70   0.58   0.59   0.92   2.99   2.08   2.54   1.83   0.78   1.76   2.30  -0.71   
1985 -1.01  -1.26  -2.07  -2.45  -2.59  -2.30  -1.98  -0.74  -0.82  -0.58  -0.61  -1.40   
1986 -2.32  -2.07  -2.81  -3.57  -3.13  -3.06  -3.51  -3.12  -2.73  -1.88  -0.67  -0.68   
1987 -0.92  -0.73  -1.51  -1.83  -2.20  -2.16  -2.63  -2.67  -2.47  -2.92  -2.91  -2.77   
1988 -2.37  -2.79  -3.36  -3.15  -3.59  -4.53  -4.09  -3.85   0.39   0.27   1.05   0.79   
1989 0.99   1.42   1.31   0.90   1.40   3.34   3.60   3.40   4.69   4.41   4.14  -0.54   
1990 -0.68  -0.21  -0.52  -0.99  -0.53  -1.03  -1.11  -1.56  -1.65   0.50   0.14   2.67   
1991 1.88   2.58   3.22  -0.33  -0.57  -0.55  -0.87  -0.96  -1.17  -1.47  -1.51   1.95   
1992 -0.23  -0.79  -1.02  -1.61  -1.78   0.82   1.39   1.99   2.56   2.45   2.50   2.30   
1993 -0.40  -1.04  -0.51  -0.52  -0.13  -0.55  -1.62  -1.69  -1.62  -1.80  -2.04   0.55   
1994 0.84   1.84   2.98   3.57   3.19   3.52   3.43   3.20  -0.01   0.10  -0.19  -0.85   
1995 -0.65  -1.10  -1.42  -1.62   0.77   1.04  -0.43  -0.55   0.27   1.50   1.90   1.28   
1996 1.39   0.59   0.98   0.97   1.03   0.87   1.10   1.26   1.95   1.44   2.42   2.44   
1997 2.19   1.76   2.17   1.97   2.46   4.18   2.73   2.19   2.19   2.04   1.70   1.15   
1998 1.35   1.02   0.71   2.09   1.77   3.90   3.57   3.32  -0.84  -1.18  -1.89   0.36   
1999 1.13  -0.38  -0.65  -0.96   0.06   1.23   0.02  -0.62  -1.39  -1.66  -2.08  -2.64   
2000 -2.59  -2.88  -2.88  -1.41  -1.25  -0.59  -1.09  -1.25  -1.12  -1.99  -1.84  -1.69   
2001 -1.82  -1.21  -1.58  -2.08  -1.98   0.39   0.64   1.09   1.46   1.58   1.05   0.77   
2002 1.49   0.55   1.66  -0.67   0.64  -0.45  -0.74  -1.10   0.52   0.67   0.79   1.18   
2003 -0.64   1.61  -1.15   0.36   2.51   2.91   3.41   3.20   4.06   3.26   3.25   2.74   
2004 1.94   2.12   1.96   1.59   1.45   2.33   2.71   2.72   3.52   3.66   3.84   4.37   
2005 -0.29  -0.40  -1.05  -0.47  -0.98  -1.02  -0.81  -0.52  -0.74  -1.42  -1.27  -1.53   
2006 -1.20  -1.63  -2.21  -1.41  -1.25  -1.45  -1.79  -1.86  -1.37  -0.91  -0.77  -1.32   
2007 -1.64  -2.30  -3.20  -2.83  -3.32  -3.46  -3.29  -4.13  -4.51  -4.44  -4.20  -4.45   
2008 -4.59  -4.42  -3.96  -3.39  -3.15  -3.26  -3.10  -2.70  -3.44  -3.29  -3.21   0.89   
2009 -0.03  -0.75  -0.77   0.47   1.98   1.47   2.28   1.77   2.84   3.71  -0.77   0.32   
2010 0.67  -0.28  -0.74  -1.37  -0.63  -0.74  -0.85  -0.43  -0.87  -0.81  -0.17  -0.47   
2011 -0.60  -1.00   0.62   2.44   2.01   2.67   2.05   0.91   1.96   2.03   3.03   2.92   
2012 2.78  -0.53  -0.98  -2.05  -2.63  -3.31   0.20   0.47   1.46   1.75   0.93   0.93   
2013 1.42  -0.77 -99.99 -99.99 -99.99 -99.99 -99.99 -99.99 -99.99 -99.99 -99.99 -99.99   
