1895 0.45  -0.88  -0.54  -0.70  -0.97  -1.44   0.85  -0.55  -1.15  -1.33  -1.73  -1.91   
1896 -2.30  -2.08  -1.34  -1.46  -1.81   0.38   1.36  -0.59  -0.31  -0.75  -0.02  -0.75   
1897 -0.89   0.24   2.21   2.97  -0.35  -0.63  -0.35  -0.66  -1.76  -2.48  -2.88  -2.62   
1898 -1.16  -2.02  -2.17  -1.53  -1.88  -1.80   0.40  -0.39   0.27   0.54  -0.11  -0.50   
1899 0.52   0.95   1.70  -0.13  -0.38  -0.76  -0.77  -1.43  -1.94  -2.33  -3.08  -3.07   
1900 -3.22  -2.61  -2.79   0.46  -0.52   2.52   0.02  -0.62  -0.82  -0.93  -0.31  -0.71   
1901 -0.82  -1.45  -1.61  -1.01  -1.19  -1.24  -2.21   1.74   2.09  -0.29  -0.78   0.53   
1902 0.66   0.27   0.91  -0.40  -0.93  -0.49  -1.23  -1.26   0.59   0.21   0.08   0.79   
1903 0.36   1.44   1.18   1.33   1.74   1.98  -0.03  -0.36  -1.38  -1.75  -1.73  -1.81   
1904 -1.96  -2.49  -2.01  -1.67  -1.52  -1.34  -1.25  -1.63  -1.95  -2.59  -3.11  -2.64   
1905 -2.59  -2.44  -2.76  -0.04   0.51   1.51   1.53   1.86   1.26   1.89  -0.29  -0.04   
1906 -0.12  -1.13  -0.93  -1.38  -1.40  -1.40   0.87   0.79   2.03   2.02   3.22   3.29   
1907 2.50   2.16   1.47   1.93   2.69   2.71   2.31   1.78   2.07   1.85   1.92  -0.20   
1908 -0.45  -0.24  -0.82   0.61   0.33   0.70  -0.16  -0.16  -0.66  -1.31  -1.49  -1.69   
1909 -1.94   0.85   0.87   1.40   1.78   2.18   2.18  -0.35  -0.12  -0.35  -1.08  -1.44   
1910 -1.33  -1.21  -2.68   0.20   0.64   1.33   2.09  -0.34  -0.61  -0.34  -0.90  -1.00   
1911 -1.14  -1.15  -1.72   1.84  -0.76  -0.71  -0.47  -0.48  -1.01  -1.11  -0.01   1.26   
1912 0.84   0.79   1.76   4.01   3.40   3.44   3.75   3.65   3.35   2.46   1.46   1.51   
1913 2.73   2.67   2.94  -0.24  -0.38  -0.79  -1.29  -2.02  -1.87  -1.79  -2.69  -3.40   
1914 -4.01  -3.91  -3.66  -3.19  -3.39  -3.72  -3.60  -2.86  -2.92  -2.56  -3.17  -2.54   
1915 -2.03  -2.28  -2.59  -3.56   0.08   0.14   0.24   1.46   1.60   1.57   2.40   3.05   
1916 3.48   2.58   1.71   1.12   1.06   1.90   2.10   2.47   2.17   1.95   1.23   1.27   
1917 1.65   1.15   2.74   2.59   2.40   2.85   3.59   3.49   3.29   3.30  -0.51  -1.04   
1918 -0.25  -0.90  -2.10   0.78   0.41   0.69  -0.05  -0.61   0.37   0.84  -0.34  -0.47   
1919 -0.22  -0.59   0.74   0.48   1.25   0.05  -0.95  -0.61  -1.36   1.28   2.16   2.00   
1920 2.31   1.83   1.73   3.49   3.43   3.67   3.21   4.06   4.11  -0.53  -0.68  -0.60   
1921 -0.92  -0.56  -0.82  -0.12  -0.82  -1.29  -1.45   0.42   0.46   0.11   0.47  -0.42   
1922 -0.51  -0.61   1.23   1.76   1.78   1.88   2.24  -0.03  -0.62  -1.16  -1.68   0.57   
1923 0.92   0.97   1.66   2.08   2.98   2.94   2.58   3.19  -0.12  -0.49  -0.74   0.39   
1924 0.73  -0.13  -0.69   0.39   1.08  -0.28  -0.37  -0.89  -0.22  -1.20  -2.01  -1.50   
1925 -1.64  -1.46  -2.32  -2.49  -2.90  -3.22  -3.44  -4.04  -4.54  -2.61  -1.88  -2.41   
1926 -2.28  -2.67  -2.71  -2.75  -2.76   0.55   0.12   1.51   0.73   1.25   1.70   3.41   
1927 2.98   2.55   2.98   3.86   3.77   3.97   3.57   3.35  -0.40  -0.62  -0.63  -0.49   
1928 -0.83  -1.45  -1.42   1.03   1.24   3.71   3.07   2.78   2.52   2.80   2.59   1.62   
1929 1.48   1.50   2.22   2.58   3.51   3.54   3.32   2.66   2.95   2.88   3.34  -0.33   
1930 -0.14  -0.24  -0.19  -1.08  -0.45  -1.26  -2.28  -2.65  -2.75  -2.96  -3.38  -3.84   
1931 -4.35  -3.92  -3.73  -3.79  -3.96  -4.15  -4.10  -3.72  -4.40  -4.67  -4.88   0.55   
1932 1.54   1.51   1.33   1.55  -0.84  -1.03  -1.04  -1.08   0.27   1.24   0.93   1.23   
1933 0.64   1.10   1.30   1.30   2.15  -0.70  -0.52  -0.60  -0.72  -1.25  -1.89  -1.77   
1934 -2.13  -2.41  -1.54  -2.24  -2.90  -2.04  -2.23  -2.08  -1.39  -1.77  -2.05  -2.52   
1935 0.40   0.12   0.45   0.54   0.44   0.89  -0.27  -0.57  -0.80  -0.60  -0.68  -1.40   
1936 -1.52  -1.94  -1.47  -1.17  -2.12  -3.10  -2.28  -3.26  -3.64   0.21  -0.22   0.23   
1937 2.75  -0.58  -1.43  -1.30   0.47   0.34   0.15   0.32   0.16   1.10   0.79   0.56   
1938 0.83  -0.95  -1.05  -1.25   0.17   0.59   1.44   1.60   1.53  -0.72  -0.71  -1.17   
1939 0.49   1.90   1.61   1.82   1.32   2.02  -0.19  -0.24  -1.20  -1.76  -2.52  -3.02   
1940 -3.54  -2.93  -2.25  -1.72  -1.73  -1.59  -1.81  -1.57  -2.06  -2.44  -2.29  -2.53   
1941 -2.87  -3.56  -3.98  -4.11  -4.88  -4.90  -3.71  -2.95  -3.78  -3.77  -3.95  -4.26   
1942 -4.20  -3.91  -3.84  -3.84  -4.18  -4.08  -4.30  -3.03  -2.88  -2.58  -2.88  -2.19   
1943 -2.78  -3.30  -2.35  -2.32  -2.21  -2.56  -3.07  -3.41  -2.18  -2.41  -2.77  -2.96   
1944 -3.12   1.31   1.65   1.83  -0.52  -1.28  -2.26   0.59   1.52  -0.47  -0.86   0.46   
1945 0.34   1.26  -0.90   0.20   0.68   0.81  -0.29  -0.63  -0.79  -0.95   0.89   0.83   
1946 1.51   1.63  -0.12  -0.87  -0.46  -0.85  -0.79  -0.73  -0.63  -0.93  -0.74  -0.96   
1947 -0.34  -1.21  -1.63   0.00   0.59   0.49   0.56  -0.54  -1.31  -1.93  -2.13  -2.70   
1948 -2.55   1.58   1.80  -0.71  -1.09  -1.52  -1.43  -1.93  -1.99  -2.07   1.27   1.63   
1949 2.15   1.49   1.35   1.10   0.70   2.07   2.16   2.25   1.56   2.26   1.43   1.44   
1950 3.45   3.72   3.29   2.33   2.08   2.11   2.65   3.62   3.64   2.74   3.26   2.46   
1951 3.13   3.09   2.71   2.75  -1.05  -0.29  -0.56  -1.32  -1.19  -1.28   0.53   1.94   
1952 1.98   1.36   1.75  -0.59  -1.01  -1.87  -2.78  -2.54  -2.55  -2.62  -3.06  -3.49   
1953 -2.97  -2.43  -2.04  -1.20  -0.97  -1.52  -0.98  -1.84  -2.32  -3.15  -4.09  -4.38   
1954 -3.09  -3.00  -3.27  -2.98  -2.68  -2.90  -3.72  -4.32  -4.40  -4.35  -4.93  -4.57   
1955 -4.82  -3.52  -2.06  -1.60  -1.18  -1.08  -1.59  -1.80  -2.00  -2.08  -2.16  -2.69   
1956 -2.26  -0.62  -1.07  -0.72  -1.19  -1.36  -1.52  -1.40  -1.96  -2.12  -2.85   0.27   
1957 1.34   1.54  -0.68  -0.66   0.31   0.78  -0.53  -0.93   0.91   1.30   2.80   2.69   
1958 -0.49  -1.06  -1.37   0.81   0.58   0.35   0.71   0.72   1.19  -0.49  -0.55  -1.28   
1959 -1.23  -1.08  -1.23  -1.36  -1.30   0.06   0.57   0.99   0.57   0.96   1.16   1.38   
1960 -0.36  -0.39  -0.25  -1.07  -1.31   0.91  -0.35  -0.44  -0.24  -0.13  -0.39  -0.62   
1961 -1.12   0.33   0.71   0.64   0.78   1.42   1.62  -0.16  -0.69  -1.09  -1.05   0.78   
1962 1.34   2.44   2.41   2.82  -1.06  -0.51  -0.74  -1.16  -0.55  -0.49  -0.62  -1.10   
1963 -1.72  -2.01   0.90   0.45   0.18   0.13   0.74   1.52  -0.37  -1.33  -1.63  -2.15   
1964 -1.98  -1.91   0.57   1.79  -0.28  -0.96   0.27   0.92   0.98   0.93   0.84   1.29   
1965 0.80   0.80   1.58   1.48   1.07   1.28   1.46  -0.38  -0.44  -0.71  -1.28  -2.28   
1966 -2.38  -2.28  -3.11  -2.88  -2.40  -2.70  -2.55   0.96   0.91   1.11   0.86   1.23   
1967 -0.70  -1.17  -1.63  -1.99   1.40   1.32   2.58   3.15   2.91   2.73   2.71   2.89   
1968 -0.10  -1.04   0.23   0.37   0.90  -0.41  -0.76  -1.42  -1.32  -1.13  -1.08  -1.14   
1969 -1.17  -1.03  -1.56  -0.68  -0.89  -0.83  -1.29  -1.07  -1.12  -1.11  -1.28   0.98   
1970 -0.73  -0.73  -0.87   1.01   0.62   1.37   1.07   1.21   1.10   1.86  -0.12  -0.20   
1971 -0.34   0.46  -0.40  -0.85  -0.70  -0.81   0.83   1.64  -0.06  -0.32  -0.88  -0.64   
1972 -0.17  -0.55  -0.59  -0.82  -0.82  -1.02   1.48   1.27   1.71   2.61   3.01   3.81   
1973 3.25   2.75   4.04   4.53   5.10   4.75   4.78   3.94   3.06   2.79   3.71   3.29   
1974 4.15   3.60   2.75   2.49   2.76   3.60   2.97   3.56   4.51   4.00   4.10   3.80   
1975 3.48   3.44   5.59   4.63   4.20   3.58   2.94   2.77   3.64   4.60   4.15   3.66   
1976 3.36   2.52   2.46   1.24   1.54   2.05   2.17   2.00   2.12   3.22  -0.31  -0.87   
1977 -1.26  -1.51  -1.12  -0.37  -1.09  -0.65  -1.01  -1.13   1.22   1.86   3.01  -0.14   
1978 -0.05  -0.94  -1.01  -1.53   0.54   0.38   0.49   0.95  -0.78  -0.73  -0.74   1.51   
1979 2.07   1.78   1.47   2.63   3.33   3.05   3.25   3.83   5.77   5.58   6.11   5.49   
1980 4.68   3.49   4.59   4.13   4.29  -0.12  -0.47  -1.16  -1.50  -1.72  -2.08  -2.93   
1981 -3.54  -3.37  -3.32  -3.32  -0.04   0.61   1.24   1.50   1.57   2.03   1.73   1.41   
1982 1.75  -0.11  -0.73  -0.14  -0.35  -0.75   0.24   0.97   0.99   0.69   0.82   1.67   
1983 -0.46  -0.83  -1.23   1.41   3.60   3.51   2.32   1.47   0.68   0.63   1.34   2.12   
1984 1.20   0.60   0.75   1.51   2.98   2.16   2.67   2.39   1.46   2.73   3.66  -0.36   
1985 -0.82  -1.07  -1.75  -2.09  -2.20   0.25   0.18   1.13   1.01   1.07   1.03  -0.71   
1986 -1.61  -1.52  -1.95  -2.85  -2.46  -2.31  -2.71  -0.02   0.20   0.24   1.55   1.47   
1987 -0.55  -0.21  -1.15  -1.61  -2.15  -2.09  -2.11  -2.64  -2.35  -2.80  -2.68  -2.09   
1988 -2.04  -2.20  -2.56  -2.54  -2.86  -3.70  -3.53  -3.61   0.40   0.38   1.17   1.30   
1989 1.53   2.67   2.82   2.37   2.54   4.03   4.54   4.13   4.80   5.12   4.95   4.06   
1990 3.43   3.82  -0.30  -0.62  -0.25  -0.49  -0.53  -1.19  -1.34   0.37   0.20   2.34   
1991 1.64   2.42   2.32   2.33   3.19   2.86   2.26   1.77   1.47   1.55   1.07   2.35   
1992 -0.48  -0.83  -0.79  -1.53  -1.62   0.92   1.29   1.77   2.49   2.31   2.46  -0.14   
1993 -0.49  -0.85  -0.92  -0.88  -0.40  -0.32  -0.96  -1.07   0.28  -0.07  -0.41   0.65   
1994 0.73   1.33   2.37   2.89   2.76   3.06   3.08   3.22   3.15   3.32   3.35   2.68   
1995 2.51   1.57   1.09   0.89   1.60   1.76   1.63   1.65   1.81   2.56   3.02   2.32   
1996 2.03   1.34   1.54   1.65   1.58   1.58   2.43   2.17   3.35   3.37   3.93   4.05   
1997 3.75   3.09   3.92   3.25   3.42   4.60   3.63   3.46   3.68   3.44   3.16   2.60   
1998 2.27   1.98   1.35   2.35   2.16   3.89   4.59  -0.31  -1.11  -1.29  -2.10  -1.56   
1999 -0.52  -0.95  -1.01  -1.35  -1.33  -0.65  -1.00  -1.56  -2.06  -2.14  -2.60  -2.97   
2000 -3.02  -3.05  -3.12  -1.88  -1.56  -1.55  -1.83  -2.00  -1.94  -2.76  -2.45  -2.34   
2001 -2.37  -1.35  -1.83  -2.23   0.16   0.45   0.49   0.81   0.84   1.92   2.54   2.27   
2002 2.30   1.32   2.29  -0.46  -0.01  -0.45  -0.49  -0.89   1.03   1.71   1.84   2.12   
2003 1.26   2.63   1.45   1.22   2.52   3.08   3.29   3.43   4.34   3.89   4.02   3.40   
2004 2.71   2.69   2.12   2.20   2.32   2.67   2.80   3.27   3.25   3.94   4.20   4.63   
2005 -0.06  -0.20  -0.85   0.78  -0.90   0.03   0.04   1.14  -0.31  -1.16  -1.47  -1.85   
2006 -1.26  -1.59  -2.17  -2.01  -1.69  -1.77  -1.71  -1.55  -1.27  -0.96  -0.93  -1.12   
2007 -1.15  -1.60  -2.62  -2.53  -3.02  -3.19  -3.45  -4.46  -4.43  -3.42  -3.34  -3.15   
2008 -3.13  -3.10  -2.59  -1.57  -1.05  -1.48  -1.39  -1.48  -2.14  -1.56  -2.00  -1.20   
2009 -1.16  -1.69  -1.90   0.13   1.44   0.96   1.98   1.73   3.24   4.61   3.56   3.33   
2010 3.05   2.33   1.71   0.99   3.28  -0.38  -0.65  -0.23  -1.01  -1.21  -1.05  -1.44   
2011 -1.74  -0.02   0.09   1.67   1.73   2.02  -0.58  -1.24   0.92   0.50   1.01   1.14   
2012 -0.06  -0.69  -1.36  -2.10  -2.42  -2.87   0.25   0.25   0.74   1.19   0.60   0.94   
2013 1.38   0.59 -99.99 -99.99 -99.99 -99.99 -99.99 -99.99 -99.99 -99.99 -99.99 -99.99   
