1895 0.71  -0.88  -0.65  -1.28  -1.49   0.00   0.99   1.31  -0.31  -0.64  -0.70  -0.81   
1896 -1.05   0.00   0.62  -0.31  -0.70  -0.57  -0.45  -1.01  -0.79  -1.03   0.39  -0.85   
1897 0.12   0.09   1.53   1.88  -0.57  -0.80  -0.84  -0.94  -1.82  -2.38  -2.25   0.38   
1898 1.67  -0.74  -0.88  -0.64  -0.84   0.27   0.72   1.38   2.21   2.78  -0.45  -0.93   
1899 0.75   0.59   0.91  -0.29  -0.54  -0.71  -0.39  -0.77  -1.18  -1.45  -1.90  -1.49   
1900 -1.72  -1.14  -1.58   0.53   0.05   2.47   2.36  -0.58  -0.80  -0.76  -0.21  -0.61   
1901 -0.97  -1.36  -1.57  -1.42  -1.64  -2.21  -2.99   1.64   1.79  -0.33  -0.99  -0.71   
1902 -0.34  -0.70  -0.35  -0.78  -1.23   0.35   0.02   0.05   0.80   0.46   0.34   1.20   
1903 0.64   1.92  -0.17  -0.48   0.56   0.55   0.47   0.58  -0.66  -1.13  -1.26  -1.28   
1904 -1.33  -1.79   0.16   0.38   0.26   0.96   1.22   1.41  -0.32  -1.07  -1.55   0.50   
1905 -0.12  -0.19  -0.43   0.16   0.71   1.78   2.38   2.91   2.74   2.92  -0.54   0.37   
1906 0.47  -0.87  -0.47  -1.01  -1.01  -1.19   0.88   1.29   2.13   2.06   2.30   2.61   
1907 2.63   2.20   1.18   1.64   2.82   2.67  -0.43  -0.69  -0.59  -0.78  -0.56  -0.90   
1908 -1.02   0.40  -0.49   0.72   0.75   1.25   1.18   1.41  -0.27  -1.00  -1.12  -1.64   
1909 -1.95   0.82   0.69   1.00   1.85   2.10  -0.05  -0.55  -0.13  -0.43  -1.07  -0.82   
1910 -0.85  -0.70  -2.07   0.16   0.73   1.18   1.68  -0.09  -0.38  -0.19  -0.92  -0.92   
1911 -1.42  -1.40  -2.08   1.62  -0.99  -1.22   0.21   0.76   0.33   0.05   0.17   1.42   
1912 1.14   0.90   1.74   3.59   3.01   3.23   3.22   3.38   2.84   2.18   1.14   1.18   
1913 2.69   2.58   2.59  -0.11  -0.27  -0.97  -1.23  -1.89  -1.48  -1.17  -1.72  -1.96   
1914 -2.42  -2.18  -1.97  -1.81  -2.27  -2.97  -3.22  -2.15  -2.18  -2.24  -2.69  -1.64   
1915 -1.25  -1.32  -1.53  -2.48   0.36   0.62   0.48   2.13   2.02   2.02   2.07   2.63   
1916 3.34   2.42   1.44   0.92   1.19   2.01   2.40   2.59   2.20   1.75   0.79   0.83   
1917 1.18   0.83   1.70   1.80   1.54   2.03   2.87   3.46  -0.59  -0.78  -1.49  -1.95   
1918 -1.20  -1.79  -2.82  -1.85  -2.15  -1.83  -1.93  -2.13  -1.67  -1.47  -1.89   0.12   
1919 0.15  -0.19   0.59   0.31   1.22   1.30  -0.49   0.48  -0.48   1.25   2.06   1.78   
1920 2.50   1.72   1.42   2.66   2.82   3.11   3.03   4.25   4.25  -0.20  -0.72  -0.62   
1921 -1.05  -0.91  -0.93  -0.05  -0.72  -0.80  -0.98   0.71   0.88  -0.55  -0.12  -0.36   
1922 -0.73   0.09   1.11   1.59   1.60   1.43   1.62  -0.18  -0.76  -1.36  -1.50   0.48   
1923 1.07   1.33   1.52   1.90   3.04   3.21   3.06   3.63   3.46   2.84   2.30   2.88   
1924 2.77  -0.31  -0.75   0.19   0.76  -0.28  -0.44  -1.09   0.49  -0.85  -1.48  -0.86   
1925 -1.00  -1.00  -1.81  -2.18  -2.57  -2.96  -3.10  -3.71  -3.66  -1.92  -1.56  -2.32   
1926 -1.93  -2.36  -2.22  -2.35  -2.47   0.31   0.09   1.37   0.56   0.74   0.62   1.83   
1927 2.06   1.65   1.99   3.24   3.20   3.64   3.57   3.72  -0.19  -0.50  -0.41  -0.48   
1928 -0.83  -1.37  -1.66   1.06   1.12   3.52   3.15   3.83   3.17   3.04   2.55   1.92   
1929 1.94   1.96   1.85   2.23   2.97   2.90   2.61   1.93   2.05   1.90   1.96   1.47   
1930 2.21  -0.14  -0.52  -1.36   1.10  -0.95  -2.01  -2.56  -2.61  -2.43  -2.51  -2.70   
1931 -3.15  -2.85  -2.87  -3.09  -3.28  -3.55  -3.46  -2.36  -2.97  -3.44   0.41   1.11   
1932 2.28  -0.06  -0.04  -0.08  -0.82  -0.96   0.00   0.31   1.53   1.64   0.96   1.31   
1933 0.91   0.94   1.39   1.31   1.58  -0.81   0.67   0.73  -0.04  -0.42  -1.05   0.77   
1934 -0.63  -1.12  -0.63  -1.39  -1.92  -1.91  -2.68  -0.05   0.56  -0.57   0.85   0.52   
1935 1.52   0.91   1.36   1.01   1.30   2.18  -0.18  -0.90  -1.17  -0.94  -1.30  -1.92   
1936 -2.18  -2.58  -2.51  -2.86  -3.49  -4.42  -3.75  -4.67   0.30   0.54   0.28   0.50   
1937 3.43  -0.67  -1.32  -1.25  -1.58  -1.45  -1.21  -1.40   0.07   1.08  -0.56  -0.85   
1938 -0.57  -0.72  -0.55  -1.00   0.11   0.71   1.16   1.13  -0.57  -1.31  -1.55  -1.95   
1939 0.66   2.08   1.70   2.26   2.25   3.01   2.88  -0.14  -0.97  -1.65  -1.94  -2.03   
1940 -2.35  -1.83  -1.90  -1.61  -1.83  -1.57  -1.57  -1.36  -1.87  -2.45  -2.27  -2.37   
1941 -2.65  -3.24  -3.85  -4.15  -4.61  -5.10  -5.02  -4.37  -4.93  -3.75  -3.99  -4.21   
1942 -3.73  -3.43  -3.05  -2.64  -3.20  -3.17  -3.90  -3.03  -3.39  -2.94  -2.89  -2.62   
1943 -3.15  -3.71  -2.48  -2.57  -2.14  -2.47  -3.30  -3.80  -2.88  -3.16  -3.06  -3.06   
1944 -3.41   1.04   1.00   1.75  -0.33  -0.82  -1.39  -1.39  -0.98  -1.43   0.04   0.94   
1945 0.72   1.20   1.20   1.42   1.60   2.92   2.63   2.44   2.74   2.77   3.34   2.63   
1946 3.07   3.07   2.87  -0.66  -0.27  -0.65   0.38   0.57   0.22   0.14   0.45  -0.28   
1947 -0.03  -0.93  -1.37   0.25   0.82  -0.17  -0.58  -0.98  -1.21   0.39   0.59  -0.64   
1948 -0.83   0.83   1.41  -0.66  -1.03  -0.95  -0.72  -1.22   0.44   0.45   1.71   1.64   
1949 2.21   1.68   1.95   1.32   1.11   2.26   2.17   2.31   1.86   3.04   1.65   2.03   
1950 3.72   4.14   3.84   3.12   3.02   2.92   3.89   5.39   5.42   4.53   4.38   3.50   
1951 4.23   3.64   2.89   2.72   1.42   2.05   2.17   1.57   1.71   1.52   1.90   2.24   
1952 1.86   1.62   2.14  -0.35  -0.89  -2.11  -2.77  -2.63  -2.39  -2.64  -2.42  -2.55   
1953 -2.58   0.01   0.72   1.08   2.01  -1.11  -1.40  -2.38  -3.17  -3.49  -3.56  -3.33   
1954 -2.14  -2.16  -2.58  -2.76  -2.58  -2.93  -3.83  -4.20  -4.35  -4.36  -4.56  -4.04   
1955 -4.30   0.49   0.99   1.49   1.37   1.33   1.91  -0.30  -0.62  -0.86  -1.09  -1.69   
1956 0.26   1.67  -0.58  -0.08  -0.69  -0.72  -1.36  -1.96  -2.70  -2.99  -3.02  -3.05   
1957 0.98   0.97   0.18   0.54   1.31   2.45   2.75   2.88   2.85   2.89   4.32   4.00   
1958 -0.37  -0.88  -0.60  -0.24  -0.16  -0.48  -0.21  -0.52   0.76  -0.48  -0.54  -1.29   
1959 -1.13  -0.72  -1.33  -1.79  -2.08  -1.79  -1.10  -0.76  -0.91  -0.84  -1.03  -0.97   
1960 -1.21  -1.56  -1.46  -1.79  -1.70  -1.34  -1.37  -1.15  -1.38  -1.23  -1.19  -1.29   
1961 -1.85   0.54   0.90   0.86   0.90   0.98   1.21  -0.02  -0.69  -1.10   0.88   1.52   
1962 1.57   2.25   2.23  -0.15  -0.92  -0.70  -0.94  -1.06   0.95  -0.23  -0.90  -1.63   
1963 -2.24  -2.64  -2.06  -2.23  -2.02  -1.98  -1.95  -1.89  -2.44  -3.44  -3.33  -3.43   
1964 -3.40  -3.37   0.99   1.91   1.18   0.51   0.75   1.47   1.73   1.14   0.79   1.28   
1965 1.02   1.46   1.90  -0.24  -0.56  -0.64  -0.43  -0.70   0.81  -0.43  -0.95  -1.74   
1966 -1.46  -1.00  -2.06  -1.48  -0.94  -1.37  -1.59  -1.13  -1.33  -1.14  -1.60  -1.11   
1967 -1.63  -1.91  -2.24  -2.37   1.04   0.65   1.82   2.42   2.17   2.17  -0.56  -0.25   
1968 -0.36  -0.99   0.45   0.78   0.93  -0.30  -0.74  -1.47   0.55   0.54   0.77   0.69   
1969 0.78  -0.31  -0.93  -0.10  -0.81  -1.06  -1.75   0.93   0.43   0.14   0.25   0.77   
1970 -0.72  -0.73  -0.69   0.46   0.15   1.49   1.11   1.37   1.75   2.55  -0.61  -0.58   
1971 -1.08  -0.34  -0.87  -1.27  -0.01  -0.01   0.31   1.88   1.98  -0.44  -1.08  -1.06   
1972 -0.93  -1.39  -1.38  -1.34  -1.41  -1.32   1.54   1.71   2.04   2.83   3.00   3.63   
1973 3.37   3.01   3.15   4.32   4.81   4.18   3.49   2.96   2.36   1.77   2.91   2.39   
1974 2.80   2.17   1.29   1.71   2.25   3.33   3.12   4.54   4.63   4.08   3.37   2.74   
1975 2.36   2.51   4.53   3.71   3.65   2.97   3.56   3.89   3.96   3.68   3.33   2.66   
1976 2.18   1.75   1.99   1.01   1.36   1.90   2.14   1.82   1.51   2.37  -0.74  -1.53   
1977 -1.82  -2.20  -2.14  -2.05  -2.52  -2.55  -2.88   0.06   1.42   1.28   1.57   1.09   
1978 1.52  -0.79  -0.90  -1.55   0.95  -0.13  -0.55  -0.45  -1.15  -1.51   0.09   1.65   
1979 1.65   1.84   1.91   2.96   3.62   3.28   3.33   3.47   4.10   3.66   4.01   3.49   
1980 2.69   1.80   2.68   2.78  -0.46  -0.23  -0.86  -1.87  -1.59  -1.22  -1.10  -1.80   
1981 -2.29  -2.44  -2.34  -2.74   0.32   0.84   1.38   1.53   1.17   1.57  -0.78  -1.18   
1982 -0.63  -0.78  -1.55   0.94   0.40   0.39   0.11   0.23   0.51   0.21   0.54   2.21   
1983 -0.58  -0.97  -1.42   1.24   3.29   0.02  -0.91  -1.93  -2.52   0.08   1.04   1.70   
1984 -0.60  -1.00   0.52   0.79   2.07  -0.57  -0.51  -0.77  -0.85   1.66   1.87  -0.27   
1985 -0.59  -0.70  -1.26  -1.37   0.00   0.40   0.58   1.32   1.38   1.68  -0.35  -0.99   
1986 -1.72  -1.84  -2.41  -2.65  -2.37  -1.67  -1.68  -1.79  -2.04  -1.71  -0.91  -1.06   
1987 -1.59  -1.13  -1.78  -2.14  -2.51  -2.41  -2.18  -2.50  -2.60  -2.52   0.63   1.83   
1988 -0.03  -0.14  -0.50  -0.94  -1.30  -2.23   0.81   0.24   0.68   1.44   2.44   2.39   
1989 2.63   4.05   3.87   3.06   2.52   3.44   4.35   3.87   4.02   3.58   2.76   1.88   
1990 1.49   2.67   2.43   2.59   2.54  -0.02  -0.30  -0.91  -1.12   1.19   0.56   2.49   
1991 1.94   2.40   1.81   2.84   3.31  -0.01  -0.81  -0.98  -1.07  -1.09  -0.91  -0.01   
1992 -0.59  -1.01  -0.65  -1.33  -1.62   0.84   1.56   2.09   2.47  -0.04  -0.43  -0.82   
1993 -0.85  -1.07  -1.24   0.33   0.44   0.67  -0.66  -0.76   0.41   0.43   0.43   0.55   
1994 0.69   0.62   1.06   1.08   1.03   1.37   1.92   1.72   1.59   1.59  -0.33  -0.42   
1995 -0.45  -1.11  -1.70  -1.83   0.05   0.30   1.13   1.82  -0.41  -0.44   0.48  -0.39   
1996 -0.40  -0.84  -0.73  -0.89  -0.92   0.89   2.29   1.97   3.16   3.73   3.84   3.54   
1997 3.08   3.10   4.37   4.43   4.34   5.03   4.41   4.84   4.81   4.45   3.40   2.70   
1998 2.40   2.19   1.82   2.44   2.38   2.63   3.85   4.00  -0.89  -1.01  -1.66  -1.19   
1999 -0.30  -0.99  -0.94  -0.73  -0.56  -0.41  -1.02  -1.93  -2.59  -2.43  -2.57  -2.31   
2000 -2.71  -2.52  -2.64  -2.16  -1.88  -1.61  -1.89  -2.47  -2.33  -3.08  -2.35  -2.48   
2001 -2.59  -1.64  -1.99  -2.36  -2.18   0.11   0.03   0.12   0.24   1.68   3.04   3.56   
2002 3.06   2.27   3.48   2.10   2.43   1.75   1.26   1.74   3.38   4.45   3.56   4.00   
2003 2.92   3.98   2.86   2.27   3.59   3.59   3.73   3.70   3.68   3.47   3.24   2.51   
2004 1.92   1.63   0.87   1.55   1.45   1.61   1.55   2.09   1.13   2.19   2.67   2.48   
2005 -0.12  -0.37  -0.62  -0.01  -0.95   0.04   0.42   1.53  -0.10  -0.90  -1.15  -1.63   
2006 -1.03  -1.18  -1.58  -1.79  -1.58  -1.34  -1.53  -1.45  -1.10  -0.93  -1.03  -0.95   
2007 -0.81  -1.17  -2.41  -2.48  -3.18  -3.51  -3.82  -4.57   0.13   1.19   0.54   0.70   
2008 0.43   0.15   1.27   2.05   2.67  -0.46  -0.92  -0.95  -1.59  -1.13  -1.53   0.98   
2009 -0.17  -0.63  -0.72  -0.77   1.09   0.72   2.13   2.30   2.93   4.72   3.25   2.95   
2010 2.71   2.11   1.68   1.18   3.35  -0.46  -0.34  -0.93  -1.81  -2.23  -1.45  -1.97   
2011 -2.23  -0.04   0.10   1.77   2.55   2.55  -0.56  -1.31  -0.90  -1.24   1.00   1.57   
2012 -0.41  -1.01  -1.39  -2.23  -2.82  -2.81  -3.13  -3.24  -2.44  -1.49  -2.07  -2.01   
2013 -1.00  -0.99 -99.99 -99.99 -99.99 -99.99 -99.99 -99.99 -99.99 -99.99 -99.99 -99.99   
