1895 0.06   0.16  -0.04  -0.66   0.68   1.70   2.87   3.56   2.70   2.56   3.21   3.56   
1896 3.95   3.90   0.01  -0.57  -1.68  -2.73  -3.07  -3.62  -2.87  -2.31  -2.49  -2.47   
1897 -1.99  -2.60  -1.28  -1.08  -0.98  -0.90  -1.10  -1.11  -1.37  -1.52  -2.29  -2.20   
1898 -1.97  -1.93   0.30   0.12   0.01   0.92   1.61   2.08  -0.80  -1.09  -1.16  -0.88   
1899 -0.69  -0.93  -1.52   0.17  -0.26   1.58   2.56   2.27   1.52   1.68   2.06   1.88   
1900 2.06   1.73   2.13   3.46   3.52   2.93   3.56   3.90   4.32   4.15  -0.11  -0.47   
1901 -1.15  -1.40  -1.40  -1.43  -1.47  -2.14  -2.54  -3.03  -2.83  -3.06  -3.20  -3.42   
1902 -3.69  -3.96  -3.73  -3.79  -3.65  -4.01  -3.22  -3.93   0.81   0.68   2.90   3.03   
1903 3.03   4.75   4.75   3.47   3.06   3.05   3.80   3.88   3.47   3.26  -0.75  -1.20   
1904 -1.61  -1.92  -2.20   0.07   0.32   1.05   1.63   1.84   0.00  -0.17  -0.79  -1.04   
1905 -1.16  -1.13   0.72   2.12   2.60   2.91   3.94   3.93   3.06   2.81   3.01   3.36   
1906 3.06   2.82   2.60   2.30   1.95   1.80   2.75   3.88   3.74   3.48   3.21   2.73   
1907 2.26   1.71   1.09   1.17   2.32  -0.30  -0.25  -0.59  -1.22   0.87   2.50   2.73   
1908 2.37   2.68   2.09   3.07   3.57   3.30   3.24   3.19   2.96   2.86   2.92  -0.43   
1909 -1.16  -1.70  -2.05  -2.39  -2.41  -2.32  -2.54  -2.91  -3.68  -3.44  -2.64  -2.13   
1910 -2.27  -2.11  -2.38  -2.03  -1.53  -1.73  -1.91  -2.21  -2.75  -2.86  -3.51  -3.48   
1911 -4.29  -3.81  -3.60  -2.13  -2.71  -3.66  -3.34  -3.17  -3.70  -3.72  -3.71   1.24   
1912 0.79   1.02   1.60   1.85  -0.86  -0.48  -0.91  -1.02  -1.55  -1.40  -1.71  -1.56   
1913 -1.56  -1.29  -1.11  -1.27  -1.66  -1.49  -1.71  -2.44   0.85   1.51   2.50   4.07   
1914 3.15   2.83   2.81   3.11   4.23   2.97   1.94   3.31   2.41   2.16   2.50   2.95   
1915 2.83   2.71   2.65   3.65   2.94   2.59   2.23   3.97   3.67  -0.19  -0.92  -1.25   
1916 -0.74  -1.53  -2.30  -1.74  -1.87  -1.88  -2.11  -2.19  -2.36  -2.52  -2.36  -2.83   
1917 -3.33  -3.90  -3.86  -3.56  -3.49  -4.26  -4.44  -4.19  -4.24  -4.55  -4.61  -5.08   
1918 -5.35  -5.79  -5.96  -4.77  -5.03  -5.31  -5.88  -6.03   0.04   0.40   1.58   2.54   
1919 2.92   2.74   2.91   2.55   2.93   3.85   4.46   5.14   5.10   6.40   6.36   5.67   
1920 6.23   4.96   4.36   3.47   3.78   3.59   3.57   4.73   3.97   4.14   4.27   3.99   
1921 3.73   3.38   3.30   3.72   2.51   3.47   3.50  -0.26  -0.10  -0.94  -1.66  -2.16   
1922 -2.05  -2.15   0.83   2.39   2.26   2.17   2.11  -0.63  -0.99  -1.13  -0.84  -1.51   
1923 -1.62   0.92   1.39   1.99  -0.47  -0.41  -0.80  -1.23   0.63   1.85   2.30   3.68   
1924 3.45   3.41   3.26   3.01   3.15  -0.31  -0.64  -1.18  -0.85  -1.53  -2.13  -2.21   
1925 -2.50  -3.19  -3.83  -4.03  -4.48  -5.45  -5.58  -5.61   0.29   0.89   1.25   0.95   
1926 1.59   0.70   1.60   1.86   1.32   1.23   1.68   1.89   1.58   1.92   1.52   2.23   
1927 2.24   1.89   1.96   2.62  -0.85   0.50   0.92   0.83  -0.15  -0.02  -1.05  -0.87   
1928 -1.31  -1.19  -1.68   0.32   0.03   0.77   1.28   1.31   1.02   0.62   0.92   1.20   
1929 1.43   1.20   1.03   0.84   2.27  -0.48  -0.48  -1.41  -1.49   0.03   0.38   0.19   
1930 0.44  -0.15  -0.26  -0.79   0.85  -0.32  -0.91  -1.56  -2.30   1.10   1.48   1.82   
1931 1.89   2.20   2.57  -0.23  -0.53  -0.85  -0.88  -1.06  -2.06  -1.82  -1.82   0.26   
1932 2.00   2.43   1.92   1.48   1.50   1.53   1.88   2.03   2.62  -0.34  -0.90   0.83   
1933 0.86   0.93   0.91  -0.41  -0.01  -0.84  -0.65  -0.45  -0.85  -1.41  -1.83  -1.86   
1934 -0.05  -0.07   0.77   0.75  -0.76  -1.70  -2.74  -3.53  -3.32  -4.00   0.55   0.07   
1935 0.34   0.58   0.18   0.16   1.63   2.72   2.94   2.73   3.54   3.35   3.13   3.09   
1936 -0.25  -0.63  -1.32  -1.78  -1.13  -1.82  -1.82  -2.54   1.84   2.21   1.99   2.27   
1937 2.42   1.60   2.12  -0.66  -1.58  -1.74  -1.95  -1.92  -2.36   0.19   0.31   1.29   
1938 2.14   2.43   2.50   2.64  -0.51   0.03   0.41  -0.63  -1.40  -2.23  -2.32  -2.54   
1939 -2.09  -1.66  -1.84  -1.90  -2.06  -1.62  -1.78  -1.77  -2.82  -3.18  -2.65  -2.89   
1940 -3.09  -2.70  -3.12   0.63   0.76   1.93   2.61   3.28   2.53   1.78   3.57   4.32   
1941 3.80   4.32   4.03   4.24   3.80   4.67   5.15   6.16   5.08   5.46   4.73   4.31   
1942 3.61   2.83   2.11   4.26   3.89   3.92   3.47   3.58   3.78   4.10  -0.26  -0.06   
1943 -0.49  -1.17  -0.59  -1.13  -0.96  -0.98  -1.30  -2.29  -2.16  -2.31  -2.76   0.15   
1944 0.52   1.30   1.17   1.01   1.72  -0.51  -0.67  -0.21  -0.59  -0.82   0.47   1.09   
1945 1.18   2.15   3.07   3.20   2.21   2.41   3.19   3.49   3.41   3.27   2.45   1.85   
1946 2.16   2.24   2.09   1.66   2.17   1.79   1.24   1.48   1.63   0.91   2.00   2.17   
1947 2.19  -0.44  -0.05  -0.04  -0.11  -0.23  -0.74  -0.65  -1.21  -1.65  -0.03   0.48   
1948 0.45   0.81  -0.23  -0.88  -0.85  -0.73  -0.59  -1.10  -1.78  -2.08  -2.55  -3.04   
1949 0.89   1.02   0.97   1.02   1.08   1.25   1.16   1.05   0.82   1.52  -0.72  -0.76   
1950 -0.46  -0.08  -0.68   0.32   0.49   0.54   2.02   3.01   3.12  -0.76  -1.45  -2.21   
1951 -2.72  -2.77  -2.99  -3.26  -3.37  -2.58  -2.80  -3.35  -3.31  -3.33  -3.52  -4.13   
1952 -4.85  -5.27  -4.86  -3.81  -3.37  -4.00  -4.39  -5.06  -5.30  -5.54  -4.01  -3.18   
1953 -3.29  -3.24  -2.87  -2.31  -2.10  -2.65  -2.62  -2.30  -2.65  -1.97  -1.77  -1.62   
1954 -1.47  -2.10  -2.52  -2.45  -2.15  -2.58  -3.16  -3.70  -4.16  -3.78  -3.63  -3.84   
1955 -3.85  -3.63  -3.60  -3.72  -3.36  -2.81  -2.68  -2.44  -2.22  -2.65  -3.24  -3.66   
1956 -3.70  -3.58  -4.08  -4.26  -4.55  -5.29  -6.03  -6.40  -6.92  -6.65  -6.02  -5.52   
1957 -5.27  -4.80   0.43   3.18   4.63   4.20   3.47   2.31   2.40   2.89   3.97   3.55   
1958 3.47   3.16   3.33   3.70  -0.25  -0.39   0.18   0.27   0.59  -0.38  -0.72  -1.13   
1959 -1.85  -2.18  -2.54  -2.62  -3.09   0.48   0.90   0.96   0.49   1.79   1.65   2.14   
1960 2.54   2.40  -0.24  -0.65  -1.16  -1.30   0.23   0.54  -0.29  -0.03  -0.62   0.97   
1961 1.82   2.00   1.86  -0.73  -1.44   0.92   1.55   1.26   1.42   1.21   1.41  -0.02   
1962 -0.33  -0.84  -0.99  -0.58  -1.58   0.74   1.38   1.11   2.00   1.99   2.08  -0.14   
1963 -0.51  -1.07  -1.67  -1.63  -1.91  -2.27  -2.71  -3.14  -3.50  -4.00  -3.59  -3.55   
1964 -2.98  -2.82  -2.26  -2.20  -2.51  -2.49  -3.05   0.42   1.68   1.18   1.72   1.26   
1965 1.52   2.16   1.84   1.07   2.17  -0.25  -0.77  -0.97  -0.65  -0.76  -0.96  -1.14   
1966 -1.29  -1.17  -1.52   1.78  -0.48  -0.50  -0.81   1.30   1.85  -0.44  -1.35  -1.83   
1967 -2.65  -3.33  -3.70  -3.78  -3.54  -4.21  -4.23  -4.56   1.08   1.36   1.36   1.57   
1968 3.09   2.90   3.39   3.09   3.26   3.37   3.90   3.79   3.66   2.72   3.03   2.57   
1969 2.03   2.02   2.69   2.60   2.71   2.16   1.35   1.29   1.15   1.69   1.37   1.75   
1970 1.39   2.16   2.56   0.00  -0.22  -0.74  -1.41  -1.73   1.15   1.27  -0.53  -1.18   
1971 -1.96  -2.34  -2.92  -3.17  -3.46  -4.18   0.21   1.01   0.93   1.60   1.37   2.37   
1972 0.05  -0.62  -1.45  -1.66  -2.00  -2.31  -2.42  -2.17  -2.18   0.64   0.89   0.59   
1973 1.35   1.40   1.49   2.11   1.47   2.20   3.46   3.21   3.76   4.39  -0.06  -0.30   
1974 -0.23  -0.60  -1.31  -1.47  -2.04  -2.09  -2.45   1.69   3.01   3.76   4.10   3.96   
1975 3.54   3.69   3.26   2.96   3.39   3.11   3.42   3.38  -0.19  -0.77  -1.21  -1.53   
1976 -2.28  -3.28  -3.22   0.70   0.92   0.84   1.86   2.04   2.39   2.96   2.56   2.50   
1977 2.68   2.42   3.01   3.21  -0.84  -1.32  -1.96  -1.94  -2.66  -2.99  -3.05  -3.62   
1978 -3.74  -3.26  -2.99  -3.31  -3.29  -3.64  -4.24  -3.58  -3.70  -3.97   0.56   0.22   
1979 0.64   0.85   1.77   1.47   2.29   1.96   2.19   2.89  -0.40  -0.72  -1.24  -0.95   
1980 -0.95  -1.15  -1.26  -1.35  -0.90  -1.39  -2.23  -3.07  -1.92  -2.06  -2.07  -2.14   
1981 -2.57  -2.88   0.42  -0.51   0.22   1.48   1.83   1.84   1.64   3.53   3.36   2.72   
1982 2.60   2.34   1.87   1.56   2.80   3.39   3.57  -0.12  -0.90  -1.10   0.44   0.66   
1983 0.51   0.69   1.10   0.33   0.72   0.81   0.94   1.12  -0.66  -0.72  -0.90  -1.27   
1984 -1.61  -1.87  -1.34  -1.91  -2.51  -2.71  -3.04  -3.17  -3.37   1.35   1.65   2.65   
1985 2.45   2.42   2.52   2.20   1.55   1.74   1.70   0.88   0.82   1.47   1.66   1.57   
1986 -0.56  -0.09  -0.73  -0.82   0.61   1.50   1.68   1.78   2.06   2.42   2.78   3.19   
1987 2.94   3.34   2.87   1.80   2.20   2.79   2.96   2.64   2.47   1.60   1.84   2.26   
1988 -0.28  -0.48  -0.50  -0.88  -1.50  -1.12  -0.79  -1.16  -0.82  -1.13  -1.45  -1.52   
1989 -0.02   0.55   0.79   0.11   1.07   2.52   2.96   3.42   3.13   2.39   1.38   0.55   
1990 0.61   0.91   1.90   2.88   3.05   2.30   2.29   2.15   1.90   1.60   1.76   1.38   
1991 1.96   1.57   0.87   0.67   0.58   0.96   1.40   2.70   2.86   3.60   3.36   5.70   
1992 5.90   6.14   5.64   4.59   4.66   4.99   5.26   5.19   4.74   3.75   3.96   4.24   
1993 4.19   4.52   4.39   4.11   3.40   3.32   2.41   1.38   1.43   2.27   2.09   2.04   
1994 1.81   1.83   1.35   1.05   1.77   1.13   1.42   1.30   1.23   2.02   2.87   3.33   
1995 3.10   2.27   2.70   2.82   3.09   2.99   3.40   4.12   4.02  -0.63  -1.02  -1.33   
1996 -1.79  -2.70  -2.60  -2.65  -3.76  -4.07  -3.95   1.49   1.91   1.77   2.83   2.46   
1997 2.10   3.90   3.59   4.23   3.79   4.07   3.92   3.80   2.55   2.58   2.32   3.43   
1998 4.05   4.16   4.41  -0.55  -1.72  -2.49  -3.30  -3.45  -3.38   0.51   1.07   1.65   
1999 1.68  -0.85  -0.34  -0.59  -0.37  -0.27  -0.28  -1.11  -1.64  -1.78  -2.63  -2.65   
2000 -2.79  -3.15  -2.87  -2.72  -2.95  -1.60  -1.77  -2.64  -3.15   0.29   2.02   2.53   
2001 3.00   3.76   4.30   3.13   2.45   1.75   0.80   1.26   1.31   1.05   0.91   1.17   
2002 1.04   0.80   1.49   1.08   0.89   0.79   1.65   1.49   0.95   1.96   1.64   2.57   
2003 1.99   2.35  -0.43  -1.07  -1.68  -0.94  -1.26  -1.13  -0.77  -0.92  -1.20  -1.85   
2004 -1.90   0.65   0.16   0.59  -0.62   1.69   2.55   3.53   2.64   2.93   4.60   4.05   
2005 4.14   3.89  -0.10  -0.84  -1.13  -1.65  -1.70  -0.80  -1.67  -2.14  -2.80  -3.43   
2006 -3.67  -3.62  -2.83  -3.03  -3.53  -3.85  -4.36  -4.47  -4.20  -3.58  -3.51   0.07   
2007 0.90   0.33   1.60   1.31   2.43   4.37   5.48   5.94   5.60  -0.27  -0.65  -0.86   
2008 -1.43  -1.87  -0.64  -0.27  -0.65  -1.08  -1.76  -0.84  -1.14  -1.33  -1.65  -2.30   
2009 -2.92  -3.73   0.33   0.64  -0.32  -0.64  -0.41  -0.56   1.33   3.20   2.79   2.90   
2010 3.40   3.70   3.85  -0.12  -0.90  -1.18  -0.77  -1.33   1.50  -0.33  -0.71  -0.93   
2011 -0.90  -1.18  -2.05  -2.49  -2.59  -3.33  -4.43  -5.00  -5.28   0.24   0.00   0.68   
2012 1.86   1.89   2.43  -0.81  -1.57  -1.95  -2.40  -2.05  -1.83  -2.22  -3.04  -3.37   
2013 -2.74  -2.95 -99.99 -99.99 -99.99 -99.99 -99.99 -99.99 -99.99 -99.99 -99.99 -99.99   
