1895 0.08   0.05   0.08  -0.47   0.73   1.72   1.94   2.11  -0.83  -1.04   0.55   0.45   
1896 0.66   1.07  -0.01  -0.43  -1.54  -2.33  -3.18  -3.82  -3.51  -2.58  -2.63  -2.84   
1897 -1.98  -2.52  -1.53  -1.65  -1.99  -1.90  -2.47  -2.32  -2.88  -2.77  -3.42  -2.95   
1898 -2.44  -2.41  -2.23  -2.10  -2.60   0.75   0.53   0.78   1.71   1.78   1.83   1.61   
1899 1.89  -0.32  -1.13  -1.09  -1.68   1.21  -0.19  -0.71  -1.40  -1.47  -1.26  -1.38   
1900 0.22   0.28   0.93   2.42   2.41   2.40   3.44   3.72   3.31   3.13  -0.17  -0.42   
1901 -0.95  -0.93  -1.05  -0.98  -1.42  -2.00  -2.25  -2.45  -2.31  -2.57  -2.93  -3.12   
1902 -3.45  -3.48  -3.22  -3.26  -3.54  -3.59  -2.61  -3.10   0.60   0.48   2.64   2.62   
1903 2.52   4.22   4.56   3.27   2.46   2.35   3.33   3.27  -0.39  -0.63  -1.72  -2.17   
1904 -2.70  -3.04  -3.18   0.16   0.25   0.53   1.09   1.28  -0.16  -0.47  -1.16  -1.11   
1905 0.13   0.49   0.99   2.26   2.51   3.11   4.00   3.94   3.59   3.48   3.36   3.98   
1906 -0.26  -0.33  -0.10  -0.57  -0.82  -0.83   0.73   0.95   1.22   1.17  -0.13  -0.13   
1907 -0.70  -0.94  -1.55   0.20   2.31  -0.58  -0.91  -1.09  -1.53   0.47   2.20   1.95   
1908 1.43   1.73   1.05   1.55   2.10   1.50   1.87   2.19   2.38  -0.77  -0.70  -1.30   
1909 -2.15  -2.24  -2.69  -2.54  -2.24  -1.68  -1.67  -1.54  -1.70  -1.83  -1.57  -0.97   
1910 -1.37  -1.18  -1.75  -0.01   0.42   0.48   0.68  -0.19  -0.76  -0.51  -1.45  -1.51   
1911 -2.35  -2.49  -2.55  -0.88  -1.67  -2.41  -2.19  -1.79  -2.28  -2.41  -2.52   1.49   
1912 1.04   0.95   1.54   1.86  -0.45  -0.05  -0.22  -0.08  -0.75  -0.85  -1.42   0.50   
1913 0.80   0.75   0.67   0.62  -0.33  -0.36  -0.31  -0.77   2.37   3.17   3.64   4.29   
1914 2.87   2.64   2.88   3.22   3.66   2.50   1.23   2.15   1.40   1.19   1.74   2.49   
1915 2.59  -0.06  -0.14   0.16  -0.46  -0.88  -1.47   1.05  -0.54  -0.90  -1.50  -1.67   
1916 -1.04  -1.85  -2.81  -2.59  -2.06  -2.15  -1.82  -1.62  -1.83  -1.92  -2.04  -2.51   
1917 -2.54  -2.79  -2.87  -2.53  -2.65  -3.02  -2.98  -2.77  -3.02  -3.28  -3.65  -4.48   
1918 -4.57  -5.23  -5.99  -4.62  -4.90  -4.85  -5.56  -5.30  -4.86   0.35   1.43   2.08   
1919 2.36   2.14   1.96   1.51   2.19   3.10   3.44   3.72   3.33   5.11   5.16   4.21   
1920 4.80   3.57   2.93   2.32   2.53   2.50   2.90   3.89   3.37   3.23   3.31   3.33   
1921 2.52   1.94   1.90   2.63  -0.88  -0.19  -0.50  -1.07  -1.35  -2.02  -2.59  -3.05   
1922 -2.83   0.05   1.27   2.01   2.01   2.09   2.09  -0.26  -0.85  -1.17  -1.05  -1.53   
1923 -1.59   1.22   1.69   2.19   1.84   1.76   1.67   1.62   1.85   1.76   1.89   3.27   
1924 3.12   3.01   2.61   2.24   2.50  -0.31  -1.35  -2.29  -2.40  -3.11  -3.84  -3.90   
1925 -3.70  -4.07  -4.61  -5.06  -5.29  -5.62  -5.97  -5.99   0.20   1.73   2.32   1.76   
1926 2.18   1.10   2.44   2.60   2.05   1.76   1.78   2.07   1.38   1.69   1.32   2.14   
1927 1.50   1.14   1.45   2.10   1.43   1.83   1.75  -0.13  -0.52  -0.53  -1.48  -1.25   
1928 -2.02  -1.89  -2.25   0.47   0.02   0.93   1.31   1.38   0.94   0.70   0.80   0.98   
1929 1.15   1.08   0.96   0.74   1.75  -0.43  -0.69  -1.35  -1.53   0.03   0.62   0.52   
1930 1.19  -0.28  -0.45  -1.24   0.70  -0.57  -1.75  -2.23   0.05   1.14   1.51   1.35   
1931 1.02   1.38   1.56  -0.11  -0.60  -1.12  -1.33  -0.96  -2.04  -2.29  -2.23   1.01   
1932 2.68   2.98   2.84  -0.53  -1.12  -1.59  -2.04  -2.42  -2.55  -2.77  -3.05   1.05   
1933 1.04   1.16   1.31  -0.14  -0.30  -1.06   1.50   1.56  -0.55  -1.12  -2.10  -2.06   
1934 0.47   0.44   1.40   1.53  -0.77  -1.66  -2.54  -3.38  -3.04  -3.68   0.80   0.83   
1935 0.66   0.52   0.02   0.30   1.70   1.79   1.73   1.38   1.45   1.24   1.17   1.49   
1936 -0.64  -1.04  -1.92  -2.27  -1.56  -2.17  -1.13  -1.33  -1.73  -1.59  -1.79  -1.75   
1937 0.98  -0.62  -0.07  -0.49  -1.54  -1.74  -2.08  -1.82  -2.03   0.09   0.34   0.67   
1938 1.10  -0.52  -0.53  -0.40  -0.90  -0.82  -0.52  -0.59  -1.01  -1.69  -1.51  -1.71   
1939 0.67   1.53  -0.72  -1.24  -1.49  -1.55  -1.92  -2.08  -3.04  -3.21  -2.98  -2.72   
1940 -2.87  -2.16  -2.55   0.38   0.26   0.94   1.28   2.46   1.95   1.57   3.99   4.77   
1941 3.93   3.76   3.79   3.40   3.11   3.88   4.43   4.35   4.47   4.97   4.45   3.83   
1942 2.96   2.08   1.53   2.28   1.93   2.25   2.18   3.47   3.44  -0.39  -1.03  -1.15   
1943 -1.28  -2.23  -2.16  -2.67  -2.46  -2.65  -2.21  -2.55  -2.36  -2.34  -2.59  -2.50   
1944 0.83   1.25   1.47   1.59   3.11  -0.53  -1.41  -0.49  -0.97  -1.68   0.71   1.92   
1945 1.93   2.13   2.96   2.95   2.53   2.65   3.55   4.13   3.58   3.99   3.07   2.73   
1946 3.48   3.68   3.61   2.97   3.87   3.75   3.39   3.51   2.89   2.37   3.88   3.18   
1947 3.20   2.45   2.90  -0.39   0.46  -0.24  -0.77  -0.99  -1.26  -1.86  -1.65  -1.26   
1948 -1.04  -0.74  -0.98  -1.11  -1.00  -1.56  -2.00  -2.57  -3.18  -3.48  -3.06  -3.44   
1949 0.99   0.88   1.05   1.25  -0.86  -1.01   0.58   0.60   0.57   2.49   1.40   1.59   
1950 1.65   2.10   1.58   1.76   2.04   1.98   2.21   1.85   2.17  -0.72  -1.44  -2.50   
1951 -2.78  -2.90  -2.57  -2.93  -3.27  -3.10  -3.34  -4.08  -2.90  -3.21  -3.38  -3.53   
1952 -3.74  -3.16  -2.93  -1.77  -1.30  -1.93  -1.89  -2.67  -3.36  -3.75   0.52   0.68   
1953 0.21   0.17   0.32   1.07   1.86  -0.41   0.30   0.34  -0.57  -0.88  -1.18  -0.74   
1954 -0.90  -1.80  -2.41  -2.54  -1.76  -2.39  -2.93  -3.69  -4.33   0.88   0.69   0.26   
1955 0.12   0.62  -0.56  -0.40  -0.56  -0.78  -0.71   1.22  -0.33  -0.78  -1.67  -2.51   
1956 -2.76  -2.39  -2.67  -2.78  -2.90  -2.93  -3.44  -3.60  -4.26  -4.45  -4.17  -4.54   
1957 -4.50  -4.27   0.79   2.88   2.41   2.80   2.35   2.12   2.56   3.83   4.79   3.93   
1958 3.72   3.02   2.49   2.84   2.12   2.01   1.74   2.02   3.61  -0.19  -0.43  -1.07   
1959 -1.65  -1.04  -1.36   0.65   0.77   0.85   2.03   2.41   1.88   1.94   1.40   1.74   
1960 1.79   2.01  -0.26  -0.76  -1.40   0.65   0.63   1.19   1.34   1.62   1.57   2.93   
1961 3.19   3.16   3.15   2.17   1.24   2.22   3.04   3.21   3.76   3.02   3.03   3.27   
1962 3.13  -0.53  -0.94  -0.62  -1.34  -0.61  -0.74  -1.23  -0.75  -0.85  -0.81  -1.11   
1963 -1.45  -1.71  -2.34  -2.40  -2.87  -2.97  -2.90  -3.30  -3.10  -3.78  -3.45  -3.37   
1964 -3.24  -3.07  -2.66  -2.23  -2.47  -2.76  -3.37  -3.03  -2.34  -2.65  -2.83  -3.21   
1965 -3.25  -1.96  -1.52  -2.38  -1.54  -1.64  -2.05  -2.11  -1.62  -1.98  -2.51   0.01   
1966 0.14   0.59  -0.72   1.74  -0.09  -0.63  -1.13   0.91   1.00   0.04  -0.92  -1.31   
1967 -2.02  -2.45  -3.00  -2.77  -1.98  -2.25  -1.96  -2.03  -1.65  -1.46  -2.15   0.19   
1968 0.76   0.48   0.41   1.07   1.80   2.73   2.86   2.59   3.29   2.82   3.20   3.13   
1969 2.26   2.52   3.34   3.34   3.40  -0.56  -1.16  -1.71  -1.90  -1.59  -1.56  -1.16   
1970 -1.55  -1.12  -0.75  -0.79  -0.94  -1.20  -1.55  -1.76   0.34   1.29  -0.40  -1.07   
1971 -1.89  -1.97  -2.50  -2.85  -2.77  -3.09  -2.72  -2.15  -2.00  -1.81  -1.90  -1.05   
1972 -0.55  -1.48  -1.63  -1.83  -2.03   0.03   0.37   0.50   0.72   1.35   1.60   1.54   
1973 1.84   1.58   2.36   3.22   2.60   3.86   4.23   4.29   5.44   6.13   5.64   5.38   
1974 5.87   4.57   3.39   2.85   2.19   2.13   1.69   2.80   4.41   4.38   5.03   4.49   
1975 3.69   3.90   3.50   3.33   3.59   3.66   3.47   3.24  -0.29  -0.33  -0.81  -1.41   
1976 -1.88  -2.56   0.53   0.68   1.14   1.71   2.35   2.26   2.63   2.71   2.13   2.16   
1977 1.94   1.72   1.93   1.90  -0.93  -1.06  -1.64  -1.25  -1.48  -1.94  -1.76  -2.25   
1978 -1.63  -1.49  -1.55  -2.21  -2.59  -2.77  -3.17  -3.36  -3.05  -3.31   0.34   0.18   
1979 1.21   1.47   1.96   2.33   2.76   2.46   3.51   3.84   4.74  -0.03  -0.11   0.13   
1980 0.23  -0.34   0.19   0.33   0.47  -0.50  -1.14  -1.93  -1.79  -1.88  -2.04  -2.91   
1981 -3.46  -3.92  -3.84  -4.30   0.73   1.69   2.11   2.02   1.94   2.81  -0.29  -1.11   
1982 -1.24  -1.43  -1.76   0.43   0.50   1.02  -0.06  -0.38  -0.98   0.28   0.95   2.09   
1983 1.32   1.89   2.15   1.23   1.94   2.00   1.88   2.41  -0.11  -0.47  -0.61  -0.41   
1984 -0.71  -0.39  -0.26  -1.04  -1.27  -1.39  -1.64  -1.90  -1.96   2.14   2.14  -0.27   
1985 -0.38   0.38  -0.10  -0.33  -0.69  -1.08  -1.06  -1.73  -1.74   1.06   1.76   1.66   
1986 -0.87  -0.91  -1.73   0.18   0.66   1.63   1.08   0.92   1.01   1.31   1.86   2.01   
1987 1.40   1.96  -0.22  -1.16  -1.29   0.64   0.76   0.36   0.36   0.03   0.92   2.08   
1988 -0.52  -0.79  -0.42  -0.88  -1.73  -2.20  -2.15  -2.11  -2.53   0.03   0.07   0.09   
1989 0.48   0.60   1.30   0.61   1.38   2.78   3.22   3.11  -0.32  -0.57  -1.40  -2.18   
1990 0.68   0.73   1.70   1.68   2.19   1.69   1.40   0.84   0.91   1.11   1.29   1.25   
1991 2.38   2.47   1.86   2.83   2.70   2.66   2.49   3.18   3.25   3.13   2.98   3.88   
1992 3.90   4.30   4.24   3.40   2.94   3.18   3.49   3.18   3.01   2.60   2.84   3.32   
1993 3.45   2.94   3.08   3.00   2.74   3.72   2.73   2.00   1.47   2.26   2.17   1.73   
1994 1.49   1.85   1.55   0.92   1.30   0.93   1.17   1.63   1.18   2.99   2.63   3.42   
1995 3.75   2.83   2.68   3.00   2.63   2.34   2.40  -0.02  -0.02  -0.54  -1.21  -1.33   
1996 -1.87  -2.86  -3.18  -2.96  -3.73  -3.54   0.03   1.43   2.08   1.78   2.08   1.73   
1997 1.54   3.11   2.98   3.74   3.12   3.22   2.73   3.27   2.52   2.75   2.70   2.96   
1998 3.55   3.80  -0.04  -0.61  -1.73  -2.75  -3.81  -3.55   1.13   2.06   2.75   2.93   
1999 3.46  -1.21  -0.86  -1.06  -0.78  -0.30  -0.25  -1.08  -1.36  -1.47  -2.48  -2.71   
2000 -3.15  -3.91  -3.54  -3.04  -2.28  -1.14  -1.44  -2.28  -2.59  -2.64   2.23   2.65   
2001 2.92   3.36   4.48   3.00   2.37   3.34   2.75   2.96   3.78   3.85   3.69   4.20   
2002 3.35   2.77   3.09   2.30   1.68   1.41   1.57   1.30   0.87   1.81   1.87   3.06   
2003 1.96   2.99  -0.51  -1.25  -2.06  -1.42  -1.33  -1.25  -0.83  -1.00  -1.19  -1.64   
2004 -1.54   1.19   0.75   0.72   0.68   2.15   1.86   2.06   1.28   1.41   2.62  -0.30   
2005 -0.32   0.29  -0.36  -0.80  -1.41  -2.21  -2.27  -2.08  -2.11  -2.67  -3.25  -4.09   
2006 -4.11  -3.83  -3.19  -3.47  -3.93  -4.02  -3.87  -4.09  -4.05   1.13   0.79   1.23   
2007 2.47   1.62   1.24   0.85   1.14   1.82   3.77   3.94  -0.26  -0.55  -0.97  -1.19   
2008 -1.41  -1.01  -0.08  -0.28  -0.19  -0.16  -0.81   1.34   1.84  -0.10  -0.05  -0.59   
2009 -1.08  -1.77   0.76   1.15   0.04  -0.69   0.88   0.94   1.97   4.69   3.85   3.83   
2010 3.34   3.45   0.04  -0.79  -1.74  -1.83  -1.53  -2.13  -2.34  -2.49  -2.69  -3.45   
2011 -3.18  -3.37  -4.05  -4.41  -4.54  -4.95  -5.73  -6.44  -6.50  -6.22  -5.92  -4.81   
2012 -4.10  -3.29  -2.26  -2.60  -3.05  -2.98  -2.48  -2.34  -1.67  -1.87  -2.63  -2.95   
2013 -2.50  -2.52 -99.99 -99.99 -99.99 -99.99 -99.99 -99.99 -99.99 -99.99 -99.99 -99.99   
