1895 0.46   0.92   1.22   2.32   3.84   4.81   5.89  -0.28  -1.09   0.07   0.34   0.18   
1896 0.54   1.03   0.95  -0.12  -0.98  -1.34  -0.50  -1.16   0.70   1.56  -0.27  -0.36   
1897 0.39  -0.24  -0.18  -0.53   0.84  -0.13  -0.57  -0.75  -0.79  -0.58  -0.97  -0.78   
1898 -0.95  -1.45  -1.48  -1.09  -1.60   0.72   1.42  -0.09  -1.03  -1.59  -1.39  -1.13   
1899 -1.00  -0.94  -1.44  -1.46  -2.15   0.36   1.24  -1.07  -1.73  -1.67  -1.59  -1.69   
1900 -1.34  -1.55   0.22   1.08   1.09   0.57   1.56   1.77   2.04  -0.10  -0.24  -0.51   
1901 -1.07  -1.03  -1.33  -1.30  -0.98  -1.51  -1.06  -1.54  -1.35  -1.49  -1.34  -1.53   
1902 -1.54  -1.72  -1.67  -2.04  -2.05  -2.88  -1.62  -2.56  -2.34  -2.30   0.52   0.48   
1903 0.41   1.46   2.05   1.94   1.23   2.83   3.30  -0.21  -0.44  -0.57  -1.03  -1.20   
1904 -1.56  -1.59  -2.38  -2.27  -2.11  -2.02  -1.82  -1.89   0.90   1.09   0.80   0.76   
1905 0.62   0.97   2.01   3.45   2.56   2.60   2.86  -1.00  -1.49  -1.61   0.72   1.27   
1906 1.05   1.33   1.49   1.82  -0.35  -1.01   1.39   1.35   1.14   1.18   1.28   1.22   
1907 -0.33  -0.71  -1.19  -0.91  -0.94  -1.33  -0.66  -0.72  -1.62   0.74   1.64  -0.12   
1908 -0.33  -0.20  -0.55   0.50  -0.36  -1.16   0.64   1.06  -0.64  -0.93  -1.07  -1.32   
1909 -1.96  -2.19  -2.24  -2.40  -2.74  -2.68  -2.34  -2.26  -2.90  -2.77  -3.04  -2.47   
1910 -2.56  -2.39  -2.52  -2.32  -2.69  -2.76  -3.51  -3.99  -4.49  -4.44  -4.27  -3.87   
1911 -4.19   0.18  -0.19  -0.16  -0.05  -0.39   1.58   1.01   0.03   0.19   0.13   0.72   
1912 0.31   0.52   0.81  -0.29  -0.57  -0.06  -0.41  -0.60  -1.49  -1.46  -1.47  -1.31   
1913 -1.23  -1.07  -1.03  -0.80  -1.27   1.12  -0.92  -1.46   1.19   1.51   1.59   2.23   
1914 1.65   1.44   1.28   1.85   2.89   2.83   3.60   4.60   3.12   3.29   3.38   3.76   
1915 3.57   2.98   3.16   4.80   4.10   2.94   3.40   4.40  -0.38  -0.81  -0.99  -0.89   
1916 -0.74  -1.22  -1.57  -0.90  -1.32  -2.13  -1.50  -0.82  -1.52  -1.24  -1.37  -1.65   
1917 -1.82  -2.11  -2.38  -2.54  -1.97  -2.89  -3.23  -3.78  -4.03  -4.32  -4.27  -4.33   
1918 -3.97  -3.78  -3.46  -3.32  -3.38  -3.44  -3.28  -3.43  -3.67   0.38   0.95   1.42   
1919 1.64   1.49   2.26   3.05   3.14   3.74   5.22   4.98   5.98   6.33   5.92   5.05   
1920 5.26   4.58   4.08   3.30   2.98   3.42   2.91   3.81  -0.90  -0.59  -0.47  -0.68   
1921 -0.95  -1.01  -1.18  -1.41   0.27   1.63   2.72  -0.49  -0.51  -1.04  -1.41  -1.70   
1922 -1.51  -1.54   0.12   0.71   0.35   0.61  -0.71  -1.52  -1.87  -1.88  -1.71  -2.14   
1923 -2.43   1.13   1.95   2.53  -1.02  -0.93  -1.25   0.14   0.01   0.69   0.93   1.77   
1924 1.47   1.71   2.57   2.63  -0.08  -0.77  -0.57  -1.42  -1.62  -2.01  -2.30  -2.10   
1925 -2.27  -2.69  -2.97  -3.17  -2.89  -2.99   0.23   0.15   0.17   0.58   0.55   0.35   
1926 0.59   0.16   0.93   1.78   2.17   1.82   2.57  -0.36  -1.48  -1.37  -1.44  -0.70   
1927 -1.00  -1.20  -1.39  -1.95  -2.97  -2.14  -1.52  -2.26  -2.21  -2.14  -2.63  -2.23   
1928 -2.38  -1.98  -2.09  -2.36  -1.59  -1.94  -1.76  -1.62  -1.72  -1.75  -1.49  -1.17   
1929 -1.37  -1.55  -1.18  -1.51   0.87  -0.79   0.87  -0.48  -0.94  -1.03  -0.73  -0.79   
1930 -0.92  -1.16  -0.99  -0.96  -1.15  -1.34  -0.60  -1.14  -1.98   0.99   1.30   1.21   
1931 1.99   2.57   3.08   5.48   5.74   5.33   4.97   4.17   2.61   1.28   0.96   1.84   
1932 1.53   2.50   2.85   2.37   2.53   1.70   1.19   2.28   5.27   4.76   4.17   4.27   
1933 -0.26  -0.28  -0.43  -0.47  -0.37  -0.42  -0.76  -0.80  -1.47  -1.58  -1.90  -2.37   
1934 -2.39  -2.73  -2.74  -2.57  -2.99  -3.36  -3.86  -4.09  -4.81  -5.38  -5.23  -5.09   
1935 -5.11  -4.44  -4.54  -4.60  -3.78  -3.36  -3.37  -2.97  -2.48  -2.38  -2.30  -2.02   
1936 -1.98  -2.23  -2.13  -2.31  -1.11  -1.86  -1.77  -2.17   1.54   1.30   1.74  -0.23   
1937 -0.62  -0.71  -0.75  -0.88   0.87  -0.41  -0.70  -0.88  -1.18   0.18   0.27   0.95   
1938 1.44   1.42  -0.04  -0.16  -0.69   1.59   3.39  -0.71  -0.62  -0.96  -1.21   0.03   
1939 0.94   0.73   0.90  -0.24  -0.51  -0.76  -0.28  -0.05  -0.86  -1.10   0.77   0.71   
1940 0.75   0.81   0.91   0.63   1.49   2.92   1.91   2.35   1.27   2.00   2.54   2.08   
1941 2.32   2.59   3.35   5.12   7.72   9.44   8.90   8.20   9.03  10.08   9.16   8.42   
1942 7.37   6.47   5.59   5.32   4.69   4.18   3.32   4.66  -0.29  -0.56  -0.96  -0.45   
1943 -0.55  -1.01  -1.12  -1.63  -0.02   0.65   0.85  -1.25  -1.02  -1.36   0.17   0.57   
1944 0.88   1.12   1.11  -0.50  -0.74  -0.30  -0.68   0.96   1.86   1.22   1.48   1.87   
1945 -0.23  -0.56  -0.29  -0.29  -1.25  -2.13   1.18  -0.50  -1.15   1.57   1.32   0.77   
1946 2.39  -0.19  -0.25  -0.13  -0.40  -0.42  -1.01  -1.62   0.15   0.30  -0.29   0.34   
1947 0.88   0.66   1.07   0.58   1.35  -0.21  -1.01  -1.07  -1.75  -2.40  -1.90  -1.54   
1948 -1.49  -1.53  -1.78  -2.13  -2.47  -2.56  -2.43  -2.89  -3.39  -3.24  -3.16  -2.98   
1949 1.29   1.18   1.01   2.18   2.17   2.00   2.01   1.79   1.92   1.99  -0.54  -0.40   
1950 -0.66  -0.95  -1.38  -1.51  -1.90   0.10   1.37  -0.48  -0.10  -0.60  -1.01  -1.43   
1951 -1.66  -1.75  -1.21  -1.50  -1.48  -1.87  -2.08  -2.52  -3.07  -3.55  -3.56  -3.55   
1952 -3.65  -3.54  -3.40  -2.85  -2.60  -2.62  -1.65  -2.81  -3.41  -3.85  -3.29  -2.89   
1953 -3.19  -3.09  -3.07  -3.06  -3.48  -4.17  -4.10  -4.50  -5.10  -4.38  -4.36  -4.03   
1954 -4.04  -4.22  -4.15  -3.18  -2.71  -2.57  -3.23  -2.17  -3.09  -3.21  -3.34  -3.44   
1955 -2.90  -2.77  -2.95  -3.03  -2.92  -3.15  -2.07  -2.30  -2.53  -2.52  -2.32  -2.58   
1956 -2.53  -2.29  -2.55  -2.65  -3.08  -3.64  -3.94  -4.30  -4.78  -5.02  -4.85  -4.61   
1957 -4.56  -3.69  -3.55  -3.49  -2.82  -3.46  -3.50  -3.49  -3.94   0.68   0.85   0.36   
1958 1.22   1.70   2.63   2.84   2.44   2.37   1.91   1.54   2.71   3.25   0.03  -0.39   
1959 -0.83  -0.95  -1.21  -1.22  -0.67  -0.94  -0.64  -0.62  -1.39  -1.33   0.27   0.24   
1960 0.68   0.67   0.91  -0.36  -0.96  -1.34   1.66   1.78   0.63   0.91   0.66   1.44   
1961 1.79   1.56   1.57   1.16   1.11   1.43  -0.07  -0.49  -1.16  -1.55  -1.00  -1.14   
1962 -1.09  -1.46  -1.56  -1.77  -2.39  -2.34  -1.80  -2.78  -2.30  -2.18  -2.14  -1.85   
1963 -1.89  -1.72  -2.05  -1.97  -1.55  -1.74  -1.99  -1.69  -1.95  -2.16  -1.90  -1.88   
1964 -1.98  -2.00  -1.79  -2.15  -2.33  -2.36  -2.89  -3.17  -2.69  -2.99  -3.12  -2.83   
1965 -3.01  -2.12  -1.69  -2.15  -1.90  -1.58  -2.41  -2.31  -2.37  -2.78  -2.71  -2.46   
1966 -2.21  -1.96  -1.97   0.38  -0.40   1.03  -0.97   1.31   1.22   1.49  -0.56  -0.87   
1967 -1.15  -1.35  -1.56  -1.89  -2.46  -1.64  -1.86  -1.97  -1.94  -2.39  -2.23   0.17   
1968 0.31   0.71   1.68   2.08  -0.61  -1.33   1.40   2.13   1.77   1.00   2.31  -0.21   
1969 -0.54  -0.70  -0.65  -0.30  -0.42  -0.64  -0.59  -1.35  -1.71   0.21   0.91   1.09   
1970 0.78   1.40   2.52   2.45   1.69   2.17   1.35   1.36   2.10   1.98  -0.41  -0.92   
1971 -1.36  -1.67  -2.05  -2.14  -2.57  -2.90  -2.80   1.26   1.14   1.65  -0.46  -0.67   
1972 -0.97  -1.34  -1.87  -2.37   0.53   0.89   0.39   1.42   1.83   1.70   1.48   0.97   
1973 1.04   2.02   2.42   2.13   1.57   0.84   2.51  -0.63  -0.84  -1.21  -1.66  -1.94   
1974 -1.83  -2.00  -2.26  -1.97  -2.46  -3.09  -3.25   1.03   4.45   5.56   5.74   5.57   
1975 5.30   5.26   5.13   5.14   5.53   5.31   6.20   5.67   5.48  -0.55  -0.68  -0.61   
1976 -0.81  -1.31  -1.64  -1.57   0.46   0.19   1.63   0.86   1.29   1.60   1.75   1.68   
1977 0.00  -0.15  -0.17  -0.10  -0.42  -0.60  -0.84  -1.74  -2.67  -2.10  -2.17  -2.39   
1978 -2.30  -1.99  -2.24  -2.46  -2.24  -1.69  -2.01   0.61   2.86   3.33   4.21   3.83   
1979 3.52   3.50   3.46   3.22   3.13   3.53   3.34   3.95  -0.56  -1.42  -1.56  -1.25   
1980 -1.34  -1.46  -1.77  -1.92  -2.07  -2.54  -3.59   0.65   2.32   2.10   2.36   2.04   
1981 2.21   2.03   2.30   3.74   3.56   3.06   2.79   3.16   2.76   3.78  -0.18  -0.75   
1982 -0.82  -0.91  -1.47  -1.36  -0.51  -0.26  -0.66  -1.45  -2.16  -2.65   0.13   1.04   
1983 1.27   1.32   1.61   1.51  -0.27  -0.59  -1.45  -2.12  -2.62  -1.55  -1.20  -1.37   
1984 -1.14  -1.31  -1.63  -2.08   0.16   1.70  -0.60  -0.44  -0.69   0.97   1.60   2.06   
1985 2.24   2.25   2.54  -0.17  -0.43   0.45  -0.08  -0.61   0.61   0.77  -0.37  -0.75   
1986 -0.94  -1.25  -1.65  -2.06  -1.99   1.81   1.40   2.15   2.05   3.63   4.09   5.34   
1987 4.70   4.88   5.02   6.17   7.40   8.35   7.79   8.03  -0.19  -0.74  -0.92  -0.65   
1988 -0.86  -0.99  -1.17  -1.36  -1.21  -1.53   1.16   1.28   1.21  -0.81  -1.26  -1.35   
1989 -1.52  -0.72  -0.64  -1.20  -1.62  -2.12  -2.71  -1.80  -1.98  -2.45  -2.61  -2.52   
1990 -2.66  -2.49  -2.15  -1.93  -2.44  -3.44   1.69   2.72   3.70   4.07   3.75   3.23   
1991 3.28   3.01   2.51   2.15   1.44   1.07   3.12   3.18   4.19   3.25   3.12   4.35   
1992 4.81   5.42   5.41   5.60   8.15   8.29   7.63   7.09  -0.64  -1.26  -0.98  -0.98   
1993 -0.69  -0.64  -0.80  -1.00  -1.26  -1.51  -0.55  -0.55  -0.96  -1.27  -1.43  -1.26   
1994 -1.14  -1.20  -1.23  -1.46  -1.09  -1.86  -2.35  -3.11  -3.31  -3.37  -3.28  -3.08   
1995 -3.07  -3.04  -3.07  -2.82  -2.68  -2.04  -2.86  -3.35  -2.75  -3.14  -3.11  -3.00   
1996 -3.11  -3.42  -3.46  -3.28  -4.06   0.40   0.02   1.00   1.21  -0.76  -0.57  -1.02   
1997 -1.18   0.67   0.83   1.41   1.31   1.55  -0.03  -0.26  -0.88  -1.35   0.06   0.73   
1998 -0.35  -0.50  -0.70  -1.18  -2.23  -3.00  -3.03  -2.48  -3.31  -2.62  -2.44  -2.42   
1999 -2.73  -3.20  -2.92  -3.12  -3.06  -1.95  -1.10  -1.63  -2.19  -2.69  -3.06  -3.02   
2000 -3.34  -3.64  -3.80  -4.06  -5.03  -3.25  -3.81  -4.27  -5.12  -3.57  -2.38  -2.24   
2001 -1.88  -1.59  -1.26  -1.61  -2.19  -2.97  -3.32  -3.42  -3.96  -4.44  -3.74  -3.70   
2002 -3.83  -3.16  -2.98  -3.14  -3.71  -4.09  -3.13  -3.47  -4.01  -2.57  -2.33  -2.05   
2003 -2.32  -1.72  -1.61  -2.07  -2.61  -2.16  -1.88  -2.11  -2.56  -1.67  -1.88  -2.18   
2004 0.20   0.32   1.35   2.29   1.30   1.38   1.99   2.69   3.29   3.27   5.08   4.42   
2005 4.03   4.64   4.64   4.09   4.33   3.60   3.52   4.00   2.73   3.44  -0.40  -0.74   
2006 -1.30  -1.64  -1.87  -2.34  -3.24  -3.77  -3.68   1.87   1.61   1.38   0.66   0.70   
2007 1.88   1.59   2.32   2.76   3.66   3.98   4.36   0.05  -0.15  -0.97  -0.87  -1.03   
2008 -1.23  -1.74  -2.05  -2.44  -2.85  -3.06   0.98   1.56   2.24  -0.16  -0.60  -0.96   
2009 -1.43  -1.89  -1.93  -2.13   0.01   0.84  -0.03  -0.38  -0.75  -0.77  -0.98   0.23   
2010 0.74   1.32   1.65   2.19   1.50   1.35   3.20  -0.08  -0.46  -1.31  -1.69  -2.06   
2011 -2.26  -2.34  -2.97  -3.51  -4.31  -5.24  -5.61  -6.17  -6.32  -6.47  -6.25  -5.47   
2012 -5.00  -4.61  -4.62  -4.62  -3.30  -3.91  -3.38  -3.58  -2.92  -3.26  -3.51  -3.71   
2013 -2.52  -2.39 -99.99 -99.99 -99.99 -99.99 -99.99 -99.99 -99.99 -99.99 -99.99 -99.99   
