1895 -0.19   0.60   0.43   0.29   1.23   2.10  -0.46  -0.40  -1.18  -1.23   0.32  -0.36   
1896 0.24   0.89  -0.17  -0.30  -1.12  -1.93  -2.46  -2.83  -2.60  -2.07  -2.19  -1.99   
1897 -1.66  -1.96  -1.65  -1.83  -1.89  -1.67  -2.23  -1.97  -2.20  -2.11  -2.66  -2.31   
1898 -2.49  -1.95  -1.98  -1.61  -2.28   0.70  -0.62  -0.59   0.63   0.74   1.11   1.22   
1899 1.35  -0.16  -0.86  -0.65  -1.47   1.47  -0.74  -1.18  -1.71  -1.49  -1.37  -1.54   
1900 0.32   0.29   1.41   2.94   3.15   2.81   3.80   4.30   3.91   3.78   3.34   3.17   
1901 -0.45   0.00  -0.28  -0.30  -0.58  -0.98  -0.88  -1.13  -1.12  -1.59  -1.83  -2.14   
1902 -2.75  -3.00  -2.95  -2.90  -3.06  -3.14   0.99   0.18   0.58   0.65   2.04   1.78   
1903 2.00   3.49   4.05   3.13   2.04   2.02   3.33   3.11  -0.47  -0.46  -1.25  -1.44   
1904 -1.97  -2.37  -2.87   0.19   0.48   0.44   0.66   0.75   0.68  -0.43  -0.88  -0.81   
1905 -0.80   1.15   1.85   2.92   2.67   3.40   3.59   3.02   2.66   2.74   2.91   3.78   
1906 -0.45  -0.38  -0.23  -0.46  -0.71  -0.78  -0.37  -0.26  -0.25  -0.03  -0.18  -0.46   
1907 -1.51  -1.81  -2.15  -2.06   1.80  -0.70  -0.76  -1.03  -1.45   0.69   2.05   2.05   
1908 1.49   1.69   1.18   1.64   2.18   1.34   1.75   1.76   1.98  -0.69  -0.78  -0.89   
1909 -1.59  -2.02  -2.42  -2.37  -2.31  -1.83  -1.84  -1.48  -1.60  -1.62  -1.72  -1.21   
1910 -1.49  -1.34  -1.43  -1.20  -0.76  -0.66  -0.64  -1.16  -1.64  -1.50  -2.05  -1.77   
1911 -2.42  -2.81  -2.59  -1.28  -1.48  -1.95  -1.88  -2.37  -2.85  -3.07  -2.99   1.30   
1912 0.98   1.07   1.32   1.29   1.22   1.33  -0.09   0.09  -0.61  -0.66  -1.09   1.14   
1913 -0.24   0.12   0.09   0.06   0.11   0.31   0.33   0.14   2.15   3.09   3.30   4.25   
1914 3.03   2.70   2.98   3.41   4.05   3.22   2.12   2.94   2.07   1.69   2.12   2.58   
1915 2.61   2.52   2.28   2.59  -0.44  -1.11  -1.74  -1.20  -1.39  -1.46  -1.99  -2.18   
1916 -2.55  -3.47  -4.33  -3.92  -3.04  -3.30  -2.52  -2.09  -2.44  -2.74  -2.87  -3.26   
1917 -3.42  -3.46  -3.73  -3.47  -3.48  -3.88  -3.86  -3.98  -4.04  -4.22  -4.40  -4.78   
1918 -5.07  -5.48  -5.72  -4.59  -4.60  -4.47  -4.93  -4.87  -4.87   0.58   1.47   1.86   
1919 2.43   2.49   2.25   1.76   2.39   3.41   4.12   4.31   4.00   5.79   5.64   5.04   
1920 5.28   4.43   3.57   2.67   2.35   2.32   2.45   3.47   2.86   2.74   2.89   2.70   
1921 -0.31  -0.86   0.10   0.79   0.14   0.74  -0.30  -1.24  -1.45  -2.02  -2.65  -2.87   
1922 -2.54  -2.47   0.94   1.84   2.07   2.43  -0.01  -0.12  -0.49  -0.58  -0.55  -1.19   
1923 -1.67   0.89   1.48   1.89   1.34   1.04   0.88   0.83   0.92   0.93   1.33   2.82   
1924 2.88   3.12   2.96   2.48   2.79  -0.15  -1.11  -1.70  -2.24  -2.90  -3.57  -3.60   
1925 -3.29  -3.97  -4.35  -4.56  -4.55  -4.75  -5.38  -5.09   0.15   1.69   2.07   2.02   
1926 2.39   1.42   3.00   3.29   3.05   2.83   2.84   2.58   1.77   2.03   1.72   2.13   
1927 -0.67   0.33   0.48   0.54  -0.49  -0.07  -0.48  -1.46  -1.78  -1.42  -2.14  -1.70   
1928 -2.28  -1.65  -1.72  -1.58  -1.65  -1.13  -0.86  -1.08  -1.06  -1.51   0.04   0.30   
1929 0.43   0.61   0.88   0.67   1.55  -0.41  -0.65  -1.12  -1.18  -0.01   0.79   0.89   
1930 0.90  -0.44  -0.25  -0.66  -0.46  -0.77  -1.61  -1.88   0.06   1.26   1.69   1.80   
1931 1.92   2.37   2.55  -0.31  -0.54  -1.05  -1.13  -1.41  -2.21  -2.49  -2.56   0.67   
1932 1.39   1.38  -0.19   0.26  -0.40  -0.82  -1.45  -0.90  -1.02  -1.28  -1.64  -1.68   
1933 -2.11  -1.76  -1.47  -1.96  -2.19  -2.67   1.46   1.66  -0.33  -0.80  -1.41  -1.53   
1934 1.22   1.52   2.24   2.65  -0.45  -1.21  -1.02  -1.21  -0.76  -1.41   0.85   0.88   
1935 0.41   0.72   0.61   0.72   0.68   1.02   1.17   0.68   1.37   0.98   0.78   1.98   
1936 1.46   1.29   0.75   0.64   2.04  -0.67   0.71  -0.03  -0.35  -0.64  -0.87  -0.72   
1937 -0.67  -1.22   0.85  -0.63  -1.52  -1.75  -2.24  -2.24  -2.37  -1.93  -2.03  -1.36   
1938 -0.97  -1.18  -1.62  -1.12  -0.82  -0.67  -0.57  -0.90  -1.10  -1.37  -1.37  -1.54   
1939 -1.01  -1.22  -1.73  -1.77  -1.96  -2.02  -0.94  -1.02  -1.62  -2.11  -2.21  -2.42   
1940 -2.69  -2.26  -2.30  -1.94  -2.23  -2.01  -2.09  -1.99  -2.29   0.34   1.49   2.31   
1941 1.84   1.73   2.39   2.76   3.48   3.46   4.06   3.77   4.68   5.33   4.68   3.99   
1942 3.22   3.19   2.93   3.22   2.22   2.09   3.54   3.94   3.67  -0.37  -0.54  -0.72   
1943 -0.41  -0.75  -0.27  -0.80  -0.98  -1.43   0.89  -0.53  -0.64  -1.20   0.80   1.20   
1944 2.74   1.88   3.13   2.21   3.33  -0.62  -1.37  -0.94  -0.85  -1.34  -1.12  -0.61   
1945 -0.81  -0.77  -0.83   0.89   0.50   0.51   0.29   2.55   1.75   1.86   1.18   1.90   
1946 2.55   2.41   2.23   1.95   2.84   3.44   3.71   3.89   4.02   3.99   5.59  -0.32   
1947 -0.05  -0.63  -0.28  -0.56   0.81  -0.21  -0.77  -0.28  -1.16  -1.73   0.27   0.36   
1948 0.71   0.86  -0.19  -0.58  -0.76  -1.36  -2.00  -2.35  -2.49  -3.00  -2.72  -3.53   
1949 -3.43   0.48   0.82   2.03  -0.73  -1.23  -0.86  -1.07  -1.51   3.01   2.06   2.93   
1950 -0.54   0.42   0.03   0.68  -0.49  -0.12  -0.20  -0.71  -1.11  -1.85  -2.48  -3.15   
1951 -3.11  -3.68  -3.10  -3.31  -3.17  -3.28  -3.54  -4.14  -2.84  -3.12  -3.30  -3.59   
1952 -4.28  -3.10  -2.80  -1.64  -1.35  -1.70  -1.43  -2.12  -2.32  -2.78  -1.86  -1.42   
1953 -1.92  -1.49  -2.21  -2.56   0.74   0.63   0.18   1.90  -0.78  -0.86  -0.59  -0.10   
1954 -0.57  -1.50  -1.87  -1.85  -1.93  -2.46  -2.93  -3.30  -3.77  -3.19  -3.35  -3.91   
1955 -3.59  -2.93  -3.38  -3.32  -3.30  -3.46  -3.46  -2.62  -2.56  -2.91  -3.35  -3.70   
1956 -3.75  -3.92  -4.00  -3.77  -4.06  -4.04  -4.58  -4.94  -5.45  -5.29  -5.40  -4.87   
1957 -5.30  -5.45   1.47   2.63   2.13   2.28   1.43   0.65   1.16   1.68   2.29   1.52   
1958 1.90   2.06  -0.20  -0.47  -1.07  -1.76  -2.24  -2.45   1.43   1.31   0.81   0.76   
1959 0.39   2.27   1.54   1.99   1.80   1.51   2.05   2.98   2.37   2.92  -0.19   0.28   
1960 -0.29   0.35  -0.17  -0.45  -1.09   1.61   1.43   2.44   1.49   2.48   2.47   3.65   
1961 3.76   3.77   2.72   2.41   1.55   2.80   3.50   3.48   4.46   3.35   4.05  -0.28   
1962 -0.70  -1.51  -1.82  -1.30  -1.67  -1.23  -1.81  -2.26  -2.45  -2.56  -2.45  -2.06   
1963 -2.05  -1.87  -2.43  -3.05  -3.68  -3.39  -3.71  -4.14  -3.68  -4.13  -3.48  -3.15   
1964 -2.74  -2.17  -1.84  -2.20  -2.55  -2.73  -2.84  -2.77  -2.28  -2.38  -2.57  -2.22   
1965 -2.50  -2.14  -2.04  -2.53  -2.55  -2.70  -3.04  -3.14  -3.27  -3.16  -2.91   0.50   
1966 1.12   1.61   1.10   1.77   2.47   2.31   2.01   2.67  -0.51  -0.41  -0.97  -1.43   
1967 -1.73  -1.96  -2.34  -2.52  -2.44  -3.07  -2.85   0.08   0.61   0.73   0.01   0.01   
1968 0.88   0.69   0.62   0.53   1.38   3.22   3.19  -0.32  -0.20  -0.24  -0.30  -0.61   
1969 -1.16   0.73   1.02   1.52   1.68  -0.39  -0.75  -0.98  -1.36  -1.34  -1.69  -1.52   
1970 -1.67  -1.72   0.87   0.68   1.77   1.47   1.18   0.74   1.34   2.44  -0.38  -1.14   
1971 -1.98  -2.12  -2.41  -2.46  -2.56  -2.86  -3.35   0.47   1.42   1.31   0.87   1.42   
1972 1.42  -0.47  -0.74  -1.03   0.88   0.61   0.75   0.55   0.73   0.65   1.29   0.84   
1973 0.97   1.13   1.33   2.75   2.23   3.54   3.34   3.71   4.73   5.39   4.24   3.50   
1974 3.87   2.88   2.71   2.26   2.92   2.35   1.68   2.00   1.87   1.54   2.43   2.41   
1975 1.91   1.22   0.75   0.59   1.20   1.50   1.37   1.80  -0.33  -0.18  -0.39  -0.34   
1976 -0.78  -1.63  -1.77   0.20   0.20   0.58   1.48   1.25   1.34   1.68   2.17   3.06   
1977 2.88  -0.38  -0.60  -0.05  -0.45  -0.32  -0.76  -0.89  -1.08  -1.17   0.73   0.20   
1978 1.01   1.19  -0.47  -0.77  -1.62  -1.40  -1.60  -2.03  -1.68  -2.19  -1.72  -1.90   
1979 0.91   1.15   1.62   2.53   2.62   2.24   4.27   3.97   5.78   5.02   4.22   3.74   
1980 3.91   3.19   3.56  -0.38   0.39  -0.66  -1.25  -1.74  -1.05  -1.03  -1.19  -1.77   
1981 -1.83  -1.83  -1.86  -2.08   0.70   2.18   2.64   3.22   2.62   3.04   2.76   2.58   
1982 1.88   2.20   1.61   1.48   1.92  -0.21  -0.80  -1.35  -2.05  -1.96   1.04   1.57   
1983 1.44   2.09   2.36   1.55   1.53   1.52   2.51   3.57   4.35   3.84   3.53   3.29   
1984 3.36  -0.20  -0.51  -1.22  -1.13  -1.67  -1.85  -1.90   0.07   2.03   1.88   1.29   
1985 1.27   1.80   2.58  -0.05  -0.57  -0.51  -0.58  -0.95  -0.77  -0.31  -0.42  -0.56   
1986 -1.02  -1.35  -1.60  -1.96   0.25   1.02  -0.53  -0.71  -0.83   1.27   2.33   3.04   
1987 2.95   3.25   2.44   1.46   1.36   2.43   2.82  -0.12  -0.20  -0.84  -0.49  -0.39   
1988 -0.60  -0.93  -0.30  -0.30  -0.89  -1.23  -1.33  -1.70  -1.73  -2.08  -2.89  -3.23   
1989 -2.57  -2.93  -2.57  -2.70   0.39   2.17   2.17   2.29  -0.64  -0.82  -1.11  -1.72   
1990 0.09   0.07   0.79   1.10  -0.12  -0.64  -0.51  -1.24  -1.37  -1.37  -1.64  -2.02   
1991 1.72   2.17   1.86   3.04   3.15   3.46   3.22   2.86   2.73   2.12   2.15   3.06   
1992 4.08   5.02   4.87   5.02   5.20   5.10   4.79   4.09   3.10   2.28   3.00   2.90   
1993 3.47   3.19   3.95   4.25   4.70   5.31  -0.50  -1.10  -1.79  -1.18  -0.78  -0.82   
1994 -0.79  -1.13  -1.02  -0.99  -0.44  -0.09  -0.55  -0.21  -0.61   2.02   1.19   1.74   
1995 1.93   1.49   2.03   2.22   2.42   2.48   2.30   0.03  -0.69  -0.68  -0.63   0.83   
1996 -0.31  -1.03  -1.37  -1.54  -2.42  -1.80  -2.36   1.05   1.44  -0.16  -0.42  -0.56   
1997 0.41   0.91   2.25   3.52   3.67   3.18   2.39   1.50   1.91   2.63   2.71   2.83   
1998 3.28   3.54  -0.03  -0.57  -1.66  -2.12  -2.85   0.17   1.59   2.31   2.86   0.01   
1999 -0.28  -0.99  -0.81  -1.42  -1.25  -0.85  -0.66  -1.47  -1.78  -2.17  -2.86  -3.17   
2000 -3.76  -4.63  -4.69  -4.06  -3.22  -3.11  -3.65  -4.12  -4.33  -4.10   1.40   1.17   
2001 1.60   0.61   1.47   0.63   0.29   1.67   1.40   2.45   2.69   2.86   3.08   3.19   
2002 -0.49  -1.02  -1.20  -1.08  -1.46   0.15   0.41   1.07   1.70   3.45   3.62   4.32   
2003 -0.18  -0.03  -0.31  -0.91  -2.05   0.00   0.24   0.05   0.94   1.13   1.16   1.14   
2004 1.47   2.02   1.45   1.69   2.51   4.00   3.43   2.67   1.61   1.51   3.46   2.91   
2005 2.22   2.52   2.62  -0.47  -0.50  -1.25  -0.90  -1.40  -1.71  -1.87  -1.96  -2.32   
2006 -2.87  -3.33  -3.63  -3.88  -3.54   0.51   1.88   1.66   1.45   3.06   2.17   2.12   
2007 3.12   2.27   2.75   3.06   3.13   2.92   4.90   5.11   0.00  -0.27  -0.25  -0.81   
2008 -0.13  -0.31  -0.33  -0.58  -1.17  -1.59  -1.79  -0.98  -0.77  -0.89  -0.89  -1.54   
2009 -2.45  -3.33  -3.26  -1.89  -2.21  -2.85  -3.30  -3.72  -3.52   1.32   1.23   1.99   
2010 1.88   2.08  -0.01  -0.53  -0.78  -0.93   1.31  -0.33   0.40  -0.79  -0.80  -1.03   
2011 -0.92  -1.50  -1.88  -2.67  -3.43  -3.92  -4.16  -4.90  -5.29  -5.02  -5.04  -4.80   
2012 -4.35  -2.94  -2.06  -1.93  -2.01  -2.04  -1.01  -1.02  -1.10  -1.57  -2.28  -2.48   
2013 -1.96  -2.05 -99.99 -99.99 -99.99 -99.99 -99.99 -99.99 -99.99 -99.99 -99.99 -99.99   
