1895 -0.10   0.63   1.06   1.72   3.15   4.02   4.25   3.85   3.27   3.05   2.79   1.94   
1896 2.22   2.42   2.37   2.21  -0.54  -0.97  -1.24   0.08   0.41   0.88   0.51   0.66   
1897 0.67  -0.44  -0.97  -1.14  -0.70  -0.69  -1.22   0.18   0.31   0.43  -0.22  -0.05   
1898 -0.48  -0.80  -1.27  -1.04  -1.49  -0.94  -1.51  -1.51  -2.19  -2.34   0.24   0.35   
1899 0.32   0.34   0.12   0.43  -0.42   1.40  -0.80  -0.52  -0.58  -0.57  -0.87  -1.21   
1900 0.32  -0.30   0.53   1.03   1.53  -0.85   0.67   1.53   1.82  -0.02  -0.15  -0.29   
1901 -0.79  -0.55  -0.62  -0.82  -0.70  -1.00  -0.93  -0.93  -0.77  -0.90  -0.88  -1.27   
1902 -1.32  -1.35  -2.10  -2.08  -2.26  -2.57   0.93   0.18   0.54   0.57   0.63   0.29   
1903 0.46   1.27   1.51   1.43   0.90   0.92   1.99  -0.15  -0.18  -0.07  -0.38  -0.62   
1904 -0.87  -1.03  -1.85   0.18   0.67   0.82   0.54   0.56   0.55   0.76   0.71   0.76   
1905 0.46   1.09   1.74   1.86  -0.03   0.03   0.13  -0.44  -0.78  -0.83   0.11   1.10   
1906 0.88   1.16   1.29   1.28   1.42   1.31   1.52  -0.33  -0.52  -0.22  -0.25  -0.22   
1907 -1.01  -1.17  -1.72  -2.11  -1.76  -1.95  -1.85  -2.07  -2.17   0.57   1.62  -0.08   
1908 -0.33  -0.30  -0.57   0.30   0.41   0.60   0.70   0.58   0.62  -0.31  -0.76  -0.79   
1909 -1.25  -1.67  -1.87  -2.04  -2.40  -2.22  -2.25  -1.56  -2.00  -1.80  -2.52  -1.93   
1910 -1.98  -1.79  -1.49  -1.19  -1.06  -1.68  -1.81  -2.45  -2.48  -2.41  -2.35  -1.81   
1911 -2.21  -2.16  -1.98  -1.72  -1.67  -2.31  -2.25  -2.97  -3.20  -2.94  -2.53  -1.61   
1912 -1.65  -1.25  -0.87  -1.10  -1.51  -1.45  -1.62  -1.54  -1.67  -1.55   0.02   0.67   
1913 -0.31  -0.26  -0.23  -0.51  -0.61  -0.41  -0.69   0.40   0.51   0.92   0.76   1.76   
1914 1.35   1.16   1.21   1.41   3.12   2.79   2.48   2.77   2.12   2.36   2.77   3.41   
1915 3.06   2.42   2.63   3.10  -0.45  -0.41  -0.71  -1.14  -0.82  -1.22  -1.29  -1.14   
1916 -1.71  -2.09  -2.37  -2.09  -1.96  -1.98  -1.49  -1.02  -1.22  -1.25  -1.33  -1.82   
1917 -2.14  -2.33  -2.69  -2.60  -2.28  -2.87  -2.79  -3.35  -3.14  -3.05  -2.97  -3.11   
1918 -3.20  -3.10  -3.13  -2.73  -2.68  -2.66  -3.02  -2.98  -2.93  -2.73   0.45   0.74   
1919 1.21   1.12   1.88   1.46   1.82   2.41   3.07   3.15   3.15   3.19   2.68   2.35   
1920 2.60  -0.09  -0.22  -0.71   0.30   0.26   0.21   0.98  -0.29  -0.25   0.00  -0.59   
1921 -0.77  -1.00  -1.43  -1.19  -1.36   0.90  -0.33  -1.23  -0.84  -0.99  -1.37  -1.54   
1922 -1.23  -1.41  -1.65  -0.96  -0.98  -0.84  -1.36  -1.03  -0.86  -0.75  -1.03  -1.75   
1923 -1.99   0.88   1.26   1.28  -1.06  -1.19  -1.14   0.12   0.34   0.31   0.50   1.80   
1924 1.75   2.01   2.33   2.35   2.93   2.72  -0.56  -0.55  -0.54  -0.76  -1.23  -1.22   
1925 -1.30  -1.91  -2.16  -1.97  -1.75  -2.04  -2.53   0.27   0.34   0.64   0.70   0.72   
1926 1.00   0.44   1.16   1.27   1.26   1.37   1.29  -0.43  -0.65  -0.76  -0.65  -0.07   
1927 -0.30  -0.42  -0.65  -0.94  -1.71  -1.54  -1.97  -2.71  -2.58  -2.28  -2.73  -2.20   
1928 -2.00  -1.44  -1.37  -1.63  -1.44  -1.59  -1.70  -2.10  -1.63  -1.88  -1.82  -1.46   
1929 -1.44  -1.43  -1.57  -1.64   0.93  -0.45  -0.64  -0.68  -0.65  -0.86  -0.43  -0.41   
1930 -0.65  -0.99  -0.63  -0.68  -0.60  -0.40  -0.97  -0.87  -1.25   0.82   1.10   1.11   
1931 2.16   1.90   1.95   1.97   2.35   2.37   3.12   3.07  -0.64  -1.47  -1.68   0.33   
1932 -0.01  -0.36   0.32   0.57  -0.40  -0.48  -0.78   0.07   0.82   1.28   1.26   0.02   
1933 -0.47  -0.58  -0.94  -1.30  -1.03  -1.37   1.69   2.68   4.72   5.07   5.21   4.45   
1934 5.09   4.43   4.48   4.51   3.86   2.89   3.61  -0.43  -0.36  -1.12  -1.33  -1.07   
1935 -1.36  -1.42  -1.88   0.09   0.78   1.72  -0.16  -0.77   0.37   0.23   0.03   0.70   
1936 0.37   0.44   0.35   0.31   1.01  -0.69   0.91   1.95   2.54   2.18   1.85   2.02   
1937 1.94   1.69   1.76   1.24   1.81   0.93   1.85  -0.66  -1.37   0.18   0.10   1.82   
1938 1.59   1.07   1.73   1.75  -0.50  -0.70  -1.40   1.00  -0.66  -1.42  -1.41  -1.42   
1939 -1.51  -1.98  -2.34  -2.11  -2.01  -1.06  -1.52  -1.97  -2.26  -2.74  -2.87  -3.17   
1940 -3.19  -3.45   1.45  -0.46  -0.27  -0.25  -0.14  -0.67  -1.10  -1.35   0.18   2.21   
1941 3.41   3.36   4.96   6.21   7.53   8.90   9.18   8.42  -0.33  -0.04  -0.39  -0.05   
1942 -0.11  -0.02  -0.09  -0.66  -1.01   0.96   0.92  -0.55  -0.99  -1.25  -1.54  -1.91   
1943 -1.49  -1.80  -1.83  -2.19  -1.20  -1.97  -2.41  -3.05   0.37   0.20   0.89   1.37   
1944 0.99   0.30   0.52   0.01   0.60   0.35   0.20   1.58   0.00  -0.27  -0.52  -0.54   
1945 -0.44  -0.39  -1.02  -0.91  -1.57  -2.04  -2.33  -1.29  -1.93  -1.45  -2.16  -2.24   
1946 -1.44  -1.47  -1.75  -1.45  -1.77  -1.38  -1.80  -2.17  -1.65  -1.35  -1.70  -2.02   
1947 -2.01  -1.90  -2.02  -1.85  -1.69  -2.23  -2.60   1.87  -1.02  -1.97   0.46   0.37   
1948 0.21   0.94   1.10  -0.49  -0.67  -1.27  -1.42  -0.04   0.70   0.96  -0.34  -1.01   
1949 -1.04   0.50   0.42   1.13  -0.66  -1.14  -1.36  -1.68  -1.47  -1.67  -2.02  -1.91   
1950 -2.42  -2.70  -2.43  -2.52  -2.38  -2.17  -2.73  -3.19  -3.61  -3.69  -3.66  -3.88   
1951 -4.04  -4.00  -3.49  -3.69  -3.44  -2.95  -3.16  -3.28  -2.56  -2.55  -2.58  -2.99   
1952 -3.44  -3.72  -3.93  -4.06  -3.46  -2.73  -2.54  -3.17  -3.35  -3.71  -2.72  -2.58   
1953 -2.83  -2.78  -3.27  -3.66  -4.22  -4.84  -4.89  -2.59  -3.26  -2.64  -2.57  -2.45   
1954 -2.86  -3.33  -3.47  -2.13  -2.65  -2.25  -2.70  -2.80  -2.85  -1.22  -0.63  -0.98   
1955 -1.18  -1.37  -1.78  -2.29  -2.94  -3.59  -2.79  -2.45  -1.42  -1.27  -1.12  -1.44   
1956 -1.91  -2.08  -2.22  -1.46  -1.91  -2.08  -2.53  -3.04  -3.34  -3.55  -3.48  -3.66   
1957 -3.98  -3.31  -2.37  -1.65  -2.07  -1.16  -1.89  -2.38  -2.96  -3.34   0.92   0.66   
1958 2.28   3.76   3.77   3.50   3.02   2.60   2.35   1.30   1.24   4.31   4.36   4.29   
1959 4.23   4.50   4.25   4.50   3.96   3.91  -0.28  -0.61  -1.56  -1.06  -0.58  -0.83   
1960 -1.10  -0.99  -0.81  -0.36  -0.70  -1.04  -1.55   0.77   0.90   1.03   0.84   1.32   
1961 1.33  -0.25  -0.75  -0.28  -1.12  -0.93  -1.03   0.06   0.85  -0.48  -0.44  -0.77   
1962 -0.93  -1.77  -1.48  -1.67  -2.19  -1.68  -2.36  -2.89  -3.07  -3.43  -3.13  -2.52   
1963 -2.59  -2.46  -2.79  -3.44  -2.79  -2.71  -2.54  -2.82  -2.64  -2.34  -1.74  -1.04   
1964 -1.24  -1.01  -1.15  -1.37  -1.00  -1.49  -1.96  -2.67  -2.68  -3.00  -3.03  -2.60   
1965 -2.78  -2.18  -1.90  -2.49  -2.16  -2.78  -3.13  -3.13  -2.87  -0.02   0.35   1.11   
1966 1.65   1.63   1.76   2.51   4.06   5.15   5.19  -0.22  -1.09   1.14  -0.32  -0.66   
1967 -0.48  -0.45  -0.55  -1.26  -1.64  -1.91  -2.31   1.41   4.65   5.16   5.56   5.49   
1968 5.66   5.35   5.25   5.36   5.78   6.40   6.70  -0.15  -0.52  -0.31  -0.60  -0.96   
1969 -1.34  -0.99  -0.72  -1.38  -1.18  -1.88  -2.54   0.51   0.48  -0.48  -0.01  -0.48   
1970 0.64   0.41   0.40   0.24   1.51   2.00   2.20   1.79   2.00   1.95  -0.41  -1.11   
1971 -1.63  -1.89  -2.45  -2.34  -2.70  -2.41  -2.40   0.25   1.48   1.97   1.69   1.46   
1972 0.82   0.77   1.24   1.01   1.34   2.68   3.25   2.53   1.79   0.93   1.18   0.77   
1973 1.61   2.99   2.82   2.68   2.10   3.74   3.50   4.15   4.08   4.14  -0.21  -0.58   
1974 -0.75  -1.30  -1.42  -1.56  -2.20  -2.27  -2.04  -2.45   0.66   1.62  -0.01  -0.17   
1975 -0.30  -0.62  -1.05  -1.64  -1.54  -1.46   2.08   2.95   3.30  -0.14  -0.48  -0.44   
1976 -0.68  -1.31  -1.45   1.38   1.27   0.63   2.98   3.07   2.59   3.81   4.99   4.99   
1977 4.70   4.68   4.34   4.97   4.42   4.73  -0.10  -0.22  -0.49  -0.82  -0.50  -1.00   
1978 -0.21  -0.08  -0.18  -0.19  -1.14  -1.29  -1.36  -1.44   0.54   1.06  -0.10   0.17   
1979 0.16   0.21  -0.22   0.86   0.37   0.65   0.10   0.68   0.85  -0.71  -0.98  -0.22   
1980 -0.54  -0.40  -0.64  -1.12  -0.94  -1.83  -2.40   1.87   1.11   1.20   1.70   1.49   
1981 1.79   1.51   2.21   2.50   3.14   3.02   3.02   3.32  -0.64  -0.25  -0.68  -1.09   
1982 -1.57   1.00   0.71   0.48   2.10  -0.68  -1.32  -1.82  -2.46  -2.58   0.11   0.24   
1983 0.03   1.41   1.64  -0.38  -0.63  -0.76   1.35  -0.19  -0.26  -0.45  -0.61  -0.67   
1984 0.94  -0.11  -0.35  -0.92  -0.72  -1.11  -1.14  -1.58   1.94   1.81   1.40   1.39   
1985 1.43   1.56   1.76   1.75   2.09   2.34   2.21  -0.36  -0.17  -0.22  -0.74  -0.81   
1986 -1.08  -1.09  -1.53  -1.97  -1.45  -1.25  -1.80  -2.03  -2.52  -0.01   1.06   2.14   
1987 2.36   2.71   2.79   2.84   3.18   4.20   4.74   3.85   3.39   2.72   2.83   2.07   
1988 2.49   2.70   2.79  -0.24  -0.83  -1.18  -1.07  -0.93  -0.60  -0.99  -1.54  -1.92   
1989 -2.08  -2.25  -2.60  -2.14  -3.03  -2.96  -2.67  -2.85  -3.31  -3.49  -3.52  -2.67   
1990 -2.81  -2.63  -2.38  -1.84  -1.96  -2.60  -2.80  -2.90  -2.85  -3.05  -3.08  -3.11   
1991 -3.02  -2.38  -2.62   1.03   1.09   1.04   0.79   0.08   0.44   0.46   0.16   0.37   
1992 1.14   1.35   1.17   2.46   3.65   3.10   2.60   2.19   1.83   1.27   2.02   1.89   
1993 1.50   1.48   2.07   1.71   2.05   3.83  -0.30  -1.05  -1.34  -1.28  -1.06  -0.98   
1994 -0.86  -1.12  -0.85  -1.17  -1.28  -1.05  -1.73  -1.64  -1.61  -1.42  -2.03  -1.75   
1995 -1.95  -2.36  -2.16  -2.21  -2.63  -2.58  -2.97   0.93   0.27   1.19   2.35   2.45   
1996 -0.44  -0.94  -1.01  -1.04  -1.83  -2.13  -2.74   0.57   0.31   0.98  -0.28  -0.72   
1997 -0.91  -1.14   2.17   3.41   3.53   3.06   2.19   1.20   0.69   2.52   2.55   2.14   
1998 1.35   1.92   1.99  -0.33  -1.27  -2.17  -2.73  -3.09   1.09   2.17   3.09  -0.07   
1999 -0.55  -0.86  -0.15  -0.67  -0.92  -1.17   0.59   1.07  -0.22  -0.68  -1.13  -1.44   
2000 -1.79  -2.37  -2.16  -2.56  -2.90  -2.89  -3.39  -3.03  -3.60  -3.13  -3.05  -2.76   
2001 -2.68  -2.59  -2.59  -2.80  -3.53  -3.17  -3.22  -2.84  -2.56  -3.08  -2.50  -2.50   
2002 -2.85  -2.87  -3.13  -3.60  -3.99  -4.02  -3.90  -4.23   0.60   1.95   3.75   3.54   
2003 3.12   2.88   3.16   3.30   2.35   1.87   1.73   1.56   2.56   3.99   3.92   3.27   
2004 2.91   2.53   3.16   3.96   3.71   4.36  -0.21  -0.36  -0.36  -0.88  -0.99  -1.03   
2005 -1.35  -1.35  -1.63  -2.20  -2.65  -3.33  -1.89  -2.28  -2.62  -2.57  -2.55  -2.46   
2006 -2.89  -3.14  -3.53  -4.20  -4.41  -4.42  -3.55  -3.81   0.54   0.77   0.08   0.59   
2007 0.89   0.55   0.51   0.41   0.60   0.37   3.02   2.96  -0.22  -0.75  -1.17  -1.68   
2008 -1.50  -2.10  -2.57  -2.48  -3.13  -3.76   4.32   5.56   5.50   4.94   4.57  -0.30   
2009 -0.81  -1.30  -1.47  -1.95  -2.13  -2.59  -3.15  -3.61   0.29  -0.07  -0.27   1.51   
2010 1.17   2.19   2.18   3.31   3.14   3.37   5.76   4.77   4.99  -0.69  -1.16  -1.57   
2011 -1.31  -1.59  -2.13  -2.93  -3.74  -2.59  -2.65  -3.27  -3.86  -4.25  -4.43  -3.82   
2012 -3.94  -2.76  -2.36  -2.62  -2.85  -3.09  -3.37  -3.76  -3.99  -4.40  -4.21  -4.43   
2013 -4.03  -4.42 -99.99 -99.99 -99.99 -99.99 -99.99 -99.99 -99.99 -99.99 -99.99 -99.99   
