1895 0.88   1.35   1.92   1.75   2.32   2.92   2.85  -0.46  -0.57  -1.01  -0.61  -0.76   
1896 -0.91  -1.36  -1.31   0.48   1.48   1.03   1.46   1.41   1.44  -0.87   0.48   0.08   
1897 0.26   0.86   1.88  -0.19  -0.54  -0.61  -0.73  -1.19   0.41   1.59  -0.06  -0.11   
1898 -0.13  -0.54  -0.20  -0.78   1.29  -0.11  -0.86  -1.30  -1.93  -1.84  -1.55  -1.78   
1899 0.12   0.12   0.82  -0.48  -0.56  -0.59  -1.10  -0.82  -1.59  -0.94  -1.21  -1.33   
1900 -1.62  -2.02  -2.96  -1.77  -2.49  -3.69  -4.46  -4.85  -3.87  -3.46  -2.91  -3.23   
1901 -3.33  -2.63  -2.47  -2.32  -2.46  -2.87  -3.39  -2.24  -2.46  -2.19  -2.58  -2.78   
1902 -2.82  -2.94  -2.52  -2.39  -3.01  -3.79  -4.18  -4.53  -4.44  -4.56  -3.53  -3.45   
1903 -2.74  -2.62  -2.34  -2.10  -1.47  -1.73  -1.93  -2.48  -2.17  -2.11  -2.07  -2.37   
1904 -2.20  -1.85  -0.94  -1.05  -0.80  -1.19  -1.39  -0.70  -0.87  -0.62  -1.34  -1.44   
1905 -1.55   0.06  -0.13   0.03   0.54  -0.70  -1.30  -1.65   1.15   0.69   1.06   0.82   
1906 1.32   0.99   2.16   2.36   3.23   3.54   3.70   4.55   4.59   3.60   3.77   3.76   
1907 4.40   3.82   3.47   2.70   3.04   3.63   3.35   3.48  -0.18  -0.46  -0.86  -0.64   
1908 -0.71  -0.74  -0.89  -1.48   0.82   0.96   0.54   0.49   1.67   2.46   1.82   1.13   
1909 1.95   2.10   1.92   1.61   1.48   1.08   1.04   2.05   2.70   2.03   2.55   2.70   
1910 2.87  -0.02  -0.90  -1.93  -2.60  -3.06  -3.00  -3.32   0.68   0.91   0.42   0.22   
1911 1.13   1.23  -0.19  -0.31  -0.72  -0.60  -1.04  -1.83  -0.85  -0.97  -1.05  -1.23   
1912 -1.61  -2.02   0.80   1.26   0.02  -0.46   0.12   0.05   0.36   1.92  -0.10  -0.48   
1913 -0.62  -0.60  -0.47  -0.69  -1.16   0.79   1.27   1.32   1.66   1.46   1.67   1.01   
1914 1.82  -0.12  -0.72  -0.36  -0.93   0.68   1.07  -0.69  -0.87  -1.04  -1.60  -1.88   
1915 -1.78  -1.38  -1.71  -1.64  -1.11  -1.33  -1.83  -2.61   1.21  -0.73  -0.76  -0.90   
1916 1.18   1.04   1.30  -0.55  -0.83  -0.96  -0.54  -0.60  -0.82   1.46   1.18   1.27   
1917 1.03   0.98   1.11   1.49   2.99   3.14   3.55  -0.33  -0.19  -0.96  -1.24  -2.28   
1918 -1.80  -1.73  -1.59  -1.37  -1.32  -1.78  -1.43  -1.84   1.08   1.22  -0.02  -0.32   
1919 -1.03  -0.77  -0.87  -1.22  -2.07  -3.04  -4.05  -4.22   0.89   1.42   1.35   1.04   
1920 0.67   0.40   1.19   1.88   2.17   2.05   1.69   2.05   1.83   3.07   2.79   2.56   
1921 2.80   2.41   1.90   1.90   2.58  -0.17  -0.45  -0.04  -0.34  -0.71  -1.23   0.61   
1922 0.66   0.83   0.94   1.48   1.78   1.69   1.52   2.32   1.27   0.81   0.81   1.08   
1923 1.29   0.91   0.94   1.39   1.48   1.56   1.61   1.58   2.27   2.68  -0.33  -0.60   
1924 -0.89  -1.65  -0.98  -1.38  -2.18  -2.98  -3.19  -3.58  -3.32  -2.47  -2.29  -1.67   
1925 -1.89  -2.13  -2.35  -2.13  -2.58   0.39   0.22   0.66   1.29   1.37  -0.12  -0.60   
1926 -0.84  -1.02  -1.51  -1.91  -2.28  -3.19  -3.28  -3.22  -2.91  -3.29  -2.94  -2.77   
1927 -2.57   0.20   0.37   0.54   0.56  -0.23  -0.48   0.02   1.02   1.25   0.04  -0.19   
1928 -0.56  -0.87  -0.94  -1.18  -1.84  -2.16  -2.77  -3.23  -3.62  -3.10  -2.89  -2.88   
1929 0.13   0.02   0.37   0.89   0.58   0.56   0.28   0.35   1.62  -0.48  -1.01  -1.54   
1930 -1.17  -1.49  -1.78  -2.43  -2.09  -2.84  -3.34   1.07   2.11   2.29   2.23  -0.51   
1931 -0.89  -0.91  -0.95  -0.95  -1.26  -2.05  -2.42  -2.43  -2.45  -2.61   0.58   1.17   
1932 1.60   2.11   2.29   2.64   2.93   3.92   4.99   5.64   4.71   4.10   3.13   3.10   
1933 3.27   2.83   2.50   2.98   4.08   3.77   3.59  -0.27  -0.75  -1.30  -1.39  -1.16   
1934 -1.23  -1.15  -2.13  -3.24  -4.40  -4.54  -4.54  -4.48  -3.83  -3.97   0.47   0.59   
1935 0.35   0.43   0.63   1.31   2.65   2.50   2.41   0.03  -0.41  -0.88  -0.90  -0.91   
1936 0.35   1.50   1.51  -0.40  -0.83   0.68   1.92   2.43   1.91   2.46   2.15   2.77   
1937 3.07   3.45   3.54   3.41   3.61   3.47   5.67   5.16   4.67   4.11   3.53   3.61   
1938 3.33   3.58   4.60   4.52   5.47   5.86   6.18   5.99   4.95   5.14   4.90   4.44   
1939 4.20   4.04  -0.30  -0.77  -1.01  -0.87  -0.97  -1.27   1.11   1.28  -0.76  -1.28   
1940 1.04   1.90   1.52   1.92  -0.59  -0.88  -1.51  -2.17   1.80   1.81   1.79   2.11   
1941 2.16   2.68   3.23   4.83   5.26   6.64   7.82   8.51   8.22   9.33   8.61   8.88   
1942 8.24   8.13   8.07   7.70   8.10   8.43   8.80   8.50   7.29   6.35   6.48   5.90   
1943 5.52   5.36   4.78   3.88   3.11   3.64   3.35   3.38   2.72   2.40   1.91   1.90   
1944 2.08   1.95   2.36   3.17   3.20   4.13   3.83   2.83   2.03   1.16   2.32   2.00   
1945 1.64   1.74   2.47   2.48   2.28   3.24   3.63   4.09  -0.17   0.07   0.05   0.14   
1946 -0.15  -0.59  -0.60  -0.96  -0.96  -1.77  -1.86  -1.66  -2.14   3.17   4.01   4.22   
1947 3.85   3.30   2.38   2.48   3.00   3.94   3.82   4.21   4.19   3.79   3.64   3.83   
1948 2.99   2.70   2.87   2.41   1.62   1.86   2.14   1.89   1.45   1.16   0.84   1.36   
1949 2.41   2.63   2.79   2.09   2.55   3.02   3.11  -0.44  -0.68  -0.22  -0.88  -0.54   
1950 -0.16  -0.55  -0.69  -0.97  -1.18  -1.56  -1.62  -2.28  -2.26  -2.64  -2.73  -2.73   
1951 -2.42  -2.37  -2.33  -1.94  -1.83  -2.31  -2.36  -1.84  -2.24   0.02   0.33   1.06   
1952 1.35   1.19   1.92  -0.09  -0.21   0.27   0.28  -0.14  -0.77  -1.82  -1.53  -1.63   
1953 -2.09  -2.41  -2.72  -2.36  -2.49  -3.18  -2.63  -2.99  -3.53  -3.16  -3.67  -3.81   
1954 -3.12  -3.40  -2.85  -3.35  -4.12  -4.12  -4.32  -4.41  -4.04  -3.95  -4.00  -3.82   
1955 -3.58  -3.31  -3.56  -3.62  -3.78  -3.60  -3.73  -2.21  -2.34  -2.70  -2.74  -2.77   
1956 -2.40  -2.32  -2.90  -2.93  -3.09  -3.63  -4.03  -4.61  -5.02  -4.89  -4.80  -4.83   
1957 -4.11  -4.42  -4.29  -3.87  -2.44  -2.84  -3.45  -3.80  -4.21  -3.61  -2.47  -2.54   
1958 -2.54  -2.42  -1.39  -1.28  -1.58  -1.99  -2.49  -2.44  -2.41  -3.07  -2.46  -2.86   
1959 -2.95  -2.43  -2.49  -2.89  -2.81  -3.22  -3.74  -3.31  -2.92  -3.24  -3.49  -2.90   
1960 -2.94  -2.66  -2.98  -3.30  -3.99  -4.54  -4.95  -5.21  -4.86  -4.19  -3.62  -3.77   
1961 -3.94  -4.22  -3.68  -3.45  -3.82  -4.61  -4.74   0.32   1.12   1.22   1.30   1.08   
1962 0.89   1.73   1.75  -0.54   0.31   0.60  -0.06  -0.76  -1.10  -1.09  -1.69  -1.97   
1963 -2.20  -2.45  -2.29   0.95   0.35   1.34  -0.83   0.13   0.76   0.05   0.82  -0.37   
1964 -0.66  -1.07   0.29   0.80   1.36   2.19  -0.48  -0.79  -1.16  -1.78   0.39   0.52   
1965 -0.29  -0.45  -0.61   0.28   0.61   0.64   1.19   2.10   2.69  -0.78  -0.57  -0.13   
1966 -0.45  -0.57  -1.09  -1.60  -2.47  -3.07  -3.65  -3.86  -3.67  -3.74  -3.87   0.99   
1967 0.99  -0.60  -1.10   0.51   0.73   2.32   2.25   1.43   2.14  -0.62  -1.18  -1.20   
1968 -1.55  -1.43  -1.72   0.44   0.34   0.33   0.02   1.22  -0.53  -0.57  -1.00  -0.92   
1969 0.17   0.90  -0.21  -0.17  -1.17   0.79   0.90  -0.58  -1.10   0.54  -0.22  -0.37   
1970 -0.61  -1.22  -1.38  -0.94  -1.52  -1.51  -1.33  -1.44  -1.23  -1.32  -1.01  -0.82   
1971 -0.85  -0.60  -1.12   0.80   1.29  -0.14  -0.70   0.21   0.13   0.79   0.70   0.82   
1972 -0.51  -1.13  -2.28  -2.69  -3.78  -3.92  -4.64  -4.35   0.14   1.13   1.28   1.28   
1973 1.03   0.95   1.70   2.03   1.84   1.99   2.75  -0.19  -0.28  -0.52  -0.18  -0.37   
1974 -0.13  -0.38  -1.14  -1.44  -2.45  -3.33  -3.54  -4.02  -4.41  -3.31  -3.28  -3.29   
1975 -3.16  -3.19   0.56   0.94   1.75   1.81   2.26  -0.34  -0.68  -0.43  -0.46  -0.78   
1976 -1.18  -0.87  -0.89  -0.69  -1.22  -1.82  -2.00  -2.21  -2.01  -1.65  -2.14  -2.68   
1977 -2.92  -3.36  -3.32  -4.21  -2.56  -3.17  -3.31  -2.42  -2.42  -2.92  -3.12  -3.24   
1978 0.25   0.47   0.67   1.23   1.23  -0.61  -1.23  -1.41   0.92   0.07   0.97   0.75   
1979 1.27   1.38   1.62  -0.43  -0.37  -0.42  -0.56  -0.49  -1.28  -1.13  -1.04  -1.50   
1980 1.10   1.73   2.24   1.76   3.32   3.73   3.76   3.16   3.59  -0.19  -0.33  -0.72   
1981 -0.97  -1.57   0.26  -0.24   0.63  -0.95  -1.68  -2.30   0.01   1.57  -0.20  -0.14   
1982 -0.22  -0.30  -0.15  -0.40   0.20   0.14   0.64   0.89   5.08   5.52   5.14   4.93   
1983 4.61   4.26   4.16   4.47   4.53   4.97   4.95   6.66   6.72   6.05   5.99   6.25   
1984 5.50   4.96   4.77   4.89   4.27   4.61   6.15   7.43   6.62   6.49  -0.30  -0.26   
1985 -0.58  -0.70  -0.37  -1.13  -1.51  -1.87  -1.18  -2.04   0.75   0.75   1.39  -0.03   
1986 -0.34  -0.41  -0.92  -0.18  -0.15  -0.93  -1.26   0.22   0.83   1.00  -0.57  -1.19   
1987 -1.29  -1.16  -0.94  -1.85  -1.73  -2.35  -1.74  -1.52  -2.05   0.26   0.77   0.66   
1988 1.01  -0.39  -0.66  -0.45  -0.37  -0.88  -1.57  -1.58  -1.54  -2.29  -1.97  -1.80   
1989 -2.03  -1.94  -2.39  -3.45  -3.43  -3.63  -4.14  -3.50  -3.45  -3.41  -3.59  -3.93   
1990 -3.79  -3.52  -3.42  -3.35  -3.83  -4.03  -4.68  -5.01  -4.71  -4.56  -4.29  -4.24   
1991 -4.06  -4.30  -4.25  -3.66  -2.55  -2.81  -3.56  -3.43  -2.82  -2.25  -1.84  -1.93   
1992 -2.04  -2.16  -1.81  -2.96  -3.77  -4.18  -4.16  -4.41  -4.56   0.11  -0.15   0.13   
1993 1.31   1.96   1.77   1.18   0.95   1.32   1.39   1.25   0.84   1.17   1.12  -0.47   
1994 -0.90  -0.84  -1.18  -0.81  -1.31  -2.33  -3.07  -0.02   0.10   0.78   1.55   1.16   
1995 1.32   0.61   0.81   1.16   2.95   4.67   4.45  -0.19  -0.58  -1.24  -2.00  -2.00   
1996 -1.92  -1.69  -1.73  -1.99  -1.96  -2.87  -2.93  -3.63  -3.27  -3.10   0.12   0.47   
1997 1.14   1.08  -1.05  -0.82  -0.99   0.80   0.88   1.09   2.62  -0.31  -0.45  -0.88   
1998 -1.26   0.92   1.10   1.21   1.38   2.31   2.92   2.33   2.94   3.28  -0.32  -0.76   
1999 -1.03  -1.49  -2.22  -1.32  -1.36  -1.48  -2.07  -2.07  -2.32  -2.92  -3.51  -3.75   
2000 -3.24  -2.48  -2.76  -3.39  -3.74  -4.20  -4.94  -4.27  -4.03  -2.17  -2.02  -2.20   
2001 -2.04  -1.96  -1.95  -1.92  -2.95  -3.44  -3.73  -3.88  -4.25  -4.63  -4.24  -3.66   
2002 -3.74  -3.90  -3.95  -3.90  -4.71  -5.47  -5.88  -6.30  -5.48  -4.58  -4.29  -4.33   
2003 -4.64  -4.40  -4.65  -4.09  -4.52  -5.12  -6.08  -5.54  -5.44  -5.77  -5.21  -4.25   
2004 -4.24  -3.07  -3.96  -3.77  -4.06  -4.07  -4.08  -3.95  -3.69   1.33   1.47   1.63   
2005 2.45   2.60   2.64   3.33   4.23   5.16   5.22   4.72   4.07   3.95  -0.49  -0.92   
2006 -0.61  -0.87  -0.11  -0.07  -0.80  -1.24  -1.48  -2.08  -1.72  -0.86  -1.19  -1.32   
2007 -1.66  -1.78  -2.43  -3.05  -4.19  -4.79  -5.33  -5.51  -5.03  -4.85  -5.02  -4.21   
2008 -3.88  -3.51  -3.69  -3.89  -4.15  -4.32  -4.92  -5.28  -5.10  -4.74  -4.52  -4.07   
2009 -3.70  -3.63  -3.87  -3.19  -3.52  -1.92  -2.38  -2.97  -3.18  -2.84  -3.00  -2.58   
2010 -2.18  -2.18  -2.28  -1.74  -0.57  -0.60  -1.13  -1.69  -2.29   0.15   0.63   1.82   
2011 1.30   1.18   0.73   1.52   4.30   4.89   5.78  -0.28  -0.47  -0.58  -0.86  -1.37   
2012 -1.52  -1.56  -2.46  -3.48  -4.69  -5.64  -5.53  -5.50  -4.62  -4.64  -5.07  -3.51   
2013 -3.33  -3.45 -99.99 -99.99 -99.99 -99.99 -99.99 -99.99 -99.99 -99.99 -99.99 -99.99   
