1895 0.82   1.09   1.39  -0.36  -0.29  -0.36  -0.38  -0.99  -0.96  -1.47  -1.24  -1.47   
1896 -1.49  -1.90  -2.36   0.07   0.91   0.65   1.02   1.14   1.18  -0.87  -0.34  -0.76   
1897 -1.02   0.43   1.44  -0.16  -1.03  -1.48  -1.78  -2.41  -2.30   0.63   0.63   0.70   
1898 -0.19  -0.56  -0.32  -0.92   1.52  -0.01  -0.02  -0.50  -1.12  -1.00  -0.91  -1.34   
1899 -1.25   0.13   1.10  -0.32  -0.16  -0.30  -0.50  -0.24  -1.01   0.56  -0.53  -0.74   
1900 -1.15  -1.62  -2.96  -2.35  -3.01  -3.91  -4.58  -4.79  -4.05  -3.75  -3.35  -3.68   
1901 -3.97  -3.76  -4.12  -4.15  -4.19  -4.35  -4.82  -4.13  -4.06  -3.94  -4.36  -4.28   
1902 -4.64  -4.95  -4.83  -4.49  -4.57  -4.86  -4.84  -5.10  -4.81  -5.01  -4.27  -4.00   
1903 -3.02  -2.85  -2.53  -2.26  -1.45  -1.70  -1.71  -2.04  -1.69  -1.64  -1.55  -1.93   
1904 -2.01  -1.90   1.08   0.78   0.97  -0.17  -0.12  -0.11  -0.54  -0.69  -1.57  -1.88   
1905 -2.75  -3.18  -4.34  -4.77  -4.01  -4.37  -4.82  -4.92  -3.82  -3.62  -3.56  -3.75   
1906 0.32  -0.39   0.95   1.13   2.05   2.20   2.64   3.69   3.80   2.96   3.03   3.12   
1907 3.91   4.01   4.06   3.24   3.48   3.95   4.12   4.54  -0.02  -0.44  -1.01  -0.80   
1908 -1.06  -1.28  -1.52  -2.26   1.10   1.87   2.33   2.43   3.03   3.93   3.21   2.80   
1909 4.26   4.76   4.13   3.79   3.69   3.11   2.85   3.57   4.09   3.15   3.70   3.90   
1910 4.22   4.25  -0.57  -1.29  -1.72  -2.35  -2.76  -3.18   0.57   0.87   0.44   0.17   
1911 0.97   1.07  -0.09  -0.30  -0.38  -0.05  -0.18  -0.74  -0.32  -0.41  -0.43  -0.73   
1912 -1.06  -1.48   0.12   0.32   0.35   0.04   0.31   0.76   1.46   2.98   2.82   2.54   
1913 2.57   2.68   2.66   1.96   1.32   1.71   2.38   2.50   2.71   2.68   2.65   2.13   
1914 3.14   3.12   2.30   2.39   1.54   2.05   2.32  -0.50  -0.52  -0.65  -1.42  -2.14   
1915 -2.80  -2.89  -3.66  -4.15  -3.13  -2.84  -2.78  -3.23   1.46   0.81   0.66   0.54   
1916 1.45   1.63   2.11  -0.60  -0.73  -0.73  -0.59  -0.59  -0.96   0.98   0.86   1.23   
1917 1.03   1.17   1.42   1.86   2.84   2.49   2.40  -0.50  -0.38  -0.97  -1.30  -1.64   
1918 -1.42  -1.53  -1.63  -1.62  -1.39  -1.65  -1.55  -1.69   1.09   1.10  -0.28  -0.82   
1919 -1.75  -1.92  -2.39  -2.90  -3.55  -4.45  -5.37  -5.54   0.42   1.15   0.98   0.76   
1920 0.24   0.03   1.06   1.87   1.86   1.42   0.96   1.28   1.23   2.44   2.42   2.47   
1921 3.15   3.11   2.79   3.15   3.35  -0.44  -0.82  -0.65  -0.83  -1.04  -1.40   0.48   
1922 0.31   0.46   0.51   1.03   1.04  -0.27  -0.50   0.94  -0.80  -0.94   0.01   0.35   
1923 0.81   0.59   0.39   0.94   1.01   1.13   1.48   1.47   2.36   2.66  -0.48  -0.74   
1924 -1.13  -1.91  -1.96  -2.53  -2.86  -3.43  -3.87  -4.03   0.02   0.62   0.54   0.92   
1925 0.87   0.77   0.62   0.43   0.09   0.76   1.35   1.97   2.32   2.39  -0.09  -0.32   
1926 -0.66  -0.68  -1.75  -2.37  -2.41  -3.01  -3.18  -2.67  -2.44  -2.78   0.16  -0.24   
1927 -0.27   0.22   0.41   0.48   0.72   0.51   0.45   0.52   1.42   1.62   1.83  -0.01   
1928 -0.21  -0.52  -0.22  -0.46  -0.66  -0.51  -0.51  -0.90  -1.37  -1.09  -1.08  -1.37   
1929 0.01  -0.10   0.33   1.02  -0.54  -0.33  -0.49  -0.58   1.05  -0.39  -0.99  -1.47   
1930 -1.58  -1.97  -2.65  -3.25  -3.02  -3.43  -3.91  -2.35  -1.38  -0.80  -0.78  -1.36   
1931 -1.90  -2.41  -2.79  -3.12  -3.28  -4.10  -4.48  -4.56  -4.48  -4.42   0.28   0.54   
1932 0.83   1.08   1.36   1.72   1.12   1.27   1.28   1.99  -0.66  -0.97  -1.51  -1.54   
1933 -1.34  -1.60  -1.89  -1.70  -0.80  -1.22  -1.58  -2.03  -2.32  -2.88  -3.48  -3.71   
1934 -4.05  -4.14  -5.34  -6.42  -7.72  -8.07  -8.32  -8.08  -7.53  -7.18  -5.91  -5.17   
1935 -5.11  -4.92  -4.56  -3.58  -2.24  -2.35  -2.40  -2.57  -2.85  -3.17  -2.99  -3.10   
1936 0.38   1.57   1.67  -0.54  -1.12  -1.20  -0.95  -0.77  -1.16   0.29   0.08   0.45   
1937 0.80   1.48   1.54   1.60  -0.27  -0.72  -0.35  -0.79  -0.77  -0.57  -0.85  -0.81   
1938 -1.36  -1.52   0.90   0.72   1.22  -0.11   0.00  -0.21  -0.82   0.52   0.79   0.76   
1939 0.91   0.93  -0.27  -0.67  -0.93  -0.89  -1.13  -1.55  -1.17  -0.98  -2.02  -2.67   
1940 -1.98  -1.56  -1.73  -1.58  -2.46  -2.98  -3.64  -4.28   0.62   0.52   0.58   0.74   
1941 0.67   0.98   1.26   2.07   1.85   2.13   2.67   2.96   2.64   3.48   3.27   3.65   
1942 3.99   4.24   4.22   3.80   4.12   3.73   3.64  -0.36  -0.66  -0.98  -0.58  -0.64   
1943 -0.86  -0.71  -0.87  -1.47  -1.71   0.91   0.93   0.96  -0.74  -0.26  -0.97  -1.29   
1944 -1.40  -1.71   0.34   1.70   1.61   2.76   2.99  -0.49  -0.87  -1.56  -0.98  -1.12   
1945 -1.64   0.25   0.62   0.67   0.70   2.04   2.69   4.01   3.91   3.16   3.42   3.51   
1946 3.27  -0.30  -0.06  -0.34   0.52  -0.38  -0.54  -0.56  -0.98   1.98   2.43   2.96   
1947 3.16   2.95   2.41   2.51   2.16   2.96   2.90   3.40   3.38   3.36   3.44  -0.11   
1948 -0.44  -0.58  -0.06  -0.08  -0.47   0.57  -0.11  -0.27  -0.69  -0.90   0.18   0.70   
1949 1.31   1.34   1.78   0.91   1.60   1.63   0.04  -0.32  -0.74   0.85   0.39   0.68   
1950 1.11  -0.01   0.10  -0.37   0.43   0.21   0.46  -0.45  -0.23  -0.86   0.37   0.35   
1951 0.46   0.29   0.20   0.67   0.56   0.24   0.59   1.43   0.73   0.86   1.10   1.93   
1952 2.76   3.04   4.12  -0.22  -0.49  -0.42  -0.51  -0.54  -1.27  -2.21  -2.22  -2.47   
1953 -1.92  -2.31  -2.72  -1.92  -1.54  -1.40  -1.16  -1.14  -1.76  -2.10  -2.62  -2.90   
1954 -3.19  -3.85  -3.84  -4.50  -4.97  -4.79  -5.00  -4.96  -4.36  -4.35  -4.08  -4.13   
1955 -3.77  -3.26  -3.44  -3.18  -3.12   0.27   0.33   0.41   0.46  -0.43   0.27   0.41   
1956 1.12   1.10  -0.74  -1.00  -0.73  -1.09  -1.46  -2.06  -2.60  -2.37  -2.63  -2.58   
1957 -2.61  -3.00  -2.83   0.74   1.98   2.21   2.30   0.04  -0.47  -0.70  -0.50  -0.44   
1958 -0.65   0.16   0.69   0.72  -0.79  -1.47  -2.21  -2.53  -2.74  -3.43  -3.03  -3.32   
1959 -3.26  -2.95  -3.10  -3.13  -2.72  -2.56  -2.87  -2.14  -1.10  -1.64  -2.43  -2.48   
1960 -2.68  -2.38  -2.21  -2.37  -2.69  -3.18  -3.80  -3.89  -3.87  -3.47  -2.91  -3.25   
1961 -4.05  -4.27  -4.21  -4.46  -4.96  -5.66  -6.01  -5.48   0.72   1.07   1.01   0.93   
1962 0.69   1.23   1.67   1.55   2.01   1.84   2.18  -0.33  -0.75  -1.22  -1.95  -2.74   
1963 -3.22  -4.04  -4.41  -3.00  -3.50  -2.58  -2.69  -2.64  -1.96  -1.96  -1.42  -1.67   
1964 -1.80  -2.34  -0.03   0.51   1.29   2.80   3.31   2.98   2.25   1.43   1.42   2.44   
1965 2.76   2.65   2.04   2.01   2.05   2.39   3.03   3.94   4.55  -0.68   0.30   0.58   
1966 -0.35  -0.27  -0.60  -0.90  -1.19  -1.73  -2.28  -2.60  -2.47  -2.34  -2.56  -2.19   
1967 -1.74  -2.08  -2.13   0.42   0.98   2.22   3.22  -0.01  -0.05  -0.34  -0.96  -0.84   
1968 -1.42   0.10   0.11   0.79   1.05   1.77   2.17   3.97   3.29   3.22   2.83   2.69   
1969 3.36   4.21  -0.25  -0.34  -1.31  -0.31  -0.22  -0.50  -0.98  -0.30  -0.71  -0.86   
1970 -0.58  -1.06  -1.32   0.41   0.27   0.79   1.26   1.01   1.68   1.98   2.57   2.95   
1971 3.16   3.48   3.05   3.23   2.87   2.76   2.35   2.63   2.67   3.61   3.49   3.84   
1972 3.69  -0.22  -0.76  -0.11  -0.92  -1.14  -1.72  -1.98   0.28   1.17   1.39   1.60   
1973 1.90   2.11   2.63   2.53   2.10   1.83   2.14   2.02   3.25   2.60   2.63   2.63   
1974 2.62   2.41   1.66   2.15  -0.59  -1.12  -1.58  -2.11  -2.65  -1.75  -2.00  -1.89   
1975 -1.85  -1.95   0.76   1.20   1.78   2.38   3.13   2.63   1.86   2.25   2.20   1.78   
1976 1.23   1.55   1.65   1.77  -0.48  -0.41  -0.23  -0.21  -0.51  -0.70  -1.55  -2.49   
1977 -3.31  -4.21  -4.60  -5.39  -3.78  -4.41  -4.23   0.95   1.03  -0.38  -0.94  -1.18   
1978 0.17   0.48   1.17   1.93  -0.09  -0.51  -1.04   0.12   1.05  -0.92   0.62   0.57   
1979 0.83   1.14   1.17  -0.48  -0.69  -1.04  -1.21  -1.06  -1.77  -1.49  -1.47  -2.08   
1980 0.87   1.75   2.34   1.62   2.77   2.83   3.10   2.80   2.57   2.49  -0.12  -0.56   
1981 -0.88  -1.43  -1.34  -1.94   1.30  -0.03  -0.07  -0.53  -0.73   1.87   1.54   2.13   
1982 2.62   2.69   3.71   3.33   3.21   2.89   3.64   3.48   6.88   7.20   7.24   7.49   
1983 7.36   7.46   7.73   7.52   7.78   7.28   7.60   9.30   9.30   8.62   8.84  10.48   
1984 9.67   9.15   8.46   8.52   7.38   7.64   8.17   8.13   8.01   8.16   7.86   7.20   
1985 6.55   6.18   6.05   4.65   4.40   3.89   3.96   2.96   3.53   3.32   4.02   3.81   
1986 3.56   4.27   4.21   5.20   4.96   4.15   3.86   3.81   5.03  -0.15  -0.50  -1.37   
1987 -1.57  -1.86  -2.16  -3.06  -2.40  -2.91  -2.73  -2.37  -2.76  -2.75  -2.35  -2.29   
1988 -2.36  -2.99  -3.38  -3.34  -3.06  -3.73  -4.51  -4.73  -4.66  -5.19  -4.15  -3.85   
1989 -3.91  -3.56  -3.36  -3.82  -3.79  -3.96  -4.20  -4.10  -3.77  -3.43  -3.53  -4.14   
1990 -4.47  -4.83  -5.28  -5.40  -5.31  -5.40  -5.80  -5.83  -5.70  -5.35  -4.90  -4.80   
1991 -4.79  -4.95  -4.95   0.33   1.19   1.24   1.30   1.39   1.99   2.11   2.47  -0.35   
1992 -0.69  -0.66  -1.32  -2.40  -3.02  -3.48  -3.49  -3.78  -3.71   0.17   0.59   0.67   
1993 1.53   2.17   2.39   2.15   2.60   3.14   4.15   4.36   3.81   4.06  -0.25  -0.54   
1994 -0.94  -0.64  -0.79  -0.49  -0.81  -1.47  -2.33  -2.53  -2.52   0.90   1.98   2.02   
1995 3.01   2.81   3.58   3.42   5.04   5.46   5.92   5.44   4.74   3.73   2.66   2.27   
1996 2.47   2.49   2.69   2.46   2.72   2.05   1.69   0.75   0.72   0.95   1.23   1.73   
1997 3.07   3.30   2.40   2.44   2.31   2.56   2.89   3.17   3.39   3.24   2.58   2.14   
1998 2.27   3.52   3.68   3.67   3.91   5.40   6.31   6.33   5.74   5.41   4.55   3.71   
1999 3.58   3.23   2.22   3.07   3.52   3.68   3.92   3.63  -0.38  -1.24  -2.07  -2.39   
2000 -2.27  -1.82  -1.95  -2.49  -2.66  -3.24  -3.95  -3.23  -2.85  -1.94  -1.83  -1.98   
2001 -2.32  -2.42  -2.79  -2.43  -3.17  -3.54  -3.69  -3.92  -4.31  -4.40  -3.25  -2.65   
2002 -2.55  -2.84  -2.53  -2.12  -2.33  -2.65  -3.20  -3.80  -2.61  -2.37  -2.40  -2.74   
2003 -3.43  -3.67  -4.22  -4.30  -4.18  -4.45  -5.23  -5.30  -5.24  -5.57   0.25   1.21   
2004 0.95   1.96  -0.65  -0.69  -0.76  -0.78  -0.98  -1.16  -1.07   1.78   1.70   1.57   
2005 2.78   3.24   3.64   4.16   5.01   5.31   5.22   4.33   3.48   3.24   2.46   2.23   
2006 2.51   2.06   2.76   2.81  -0.48  -0.85  -1.46  -1.72   0.78   1.09  -0.35  -0.74   
2007 -1.39  -1.43  -2.00  -2.65  -3.32  -3.69  -4.36  -4.69  -4.10  -3.47  -4.00  -2.90   
2008 -2.55  -2.05  -2.09  -2.31  -1.88  -1.72  -1.97  -2.33  -2.19  -2.19  -2.25  -0.02   
2009 0.37   0.35   0.30   1.00   0.74   1.71   1.74  -0.15  -0.35  -0.25  -1.02  -1.13   
2010 -1.55  -2.17  -2.76   0.01   0.69   0.73  -0.21  -0.14  -0.78   0.44   1.05   2.58   
2011 2.72   3.03   3.29   4.22   5.99   5.62   5.72   5.84  -0.22   0.13   0.20  -0.79   
2012 -0.48  -0.70  -1.19  -1.43  -1.80  -2.57  -2.93  -3.34  -3.28  -3.08  -3.23  -2.13   
2013 -1.82  -1.95 -99.99 -99.99 -99.99 -99.99 -99.99 -99.99 -99.99 -99.99 -99.99 -99.99   
