1895 1.28   1.58   1.79  -0.46  -0.23  -0.23  -0.39  -0.94  -1.03  -1.28  -0.63  -0.78   
1896 -0.97  -1.44  -1.61  -1.39  -1.10  -1.69  -1.33  -1.36  -1.20  -1.43  -1.14  -1.54   
1897 0.44   0.85   1.58  -0.11  -0.40  -0.50  -0.66  -1.15   1.14   1.83  -0.22  -0.30   
1898 -0.23  -0.75  -0.59  -1.08   1.07   1.17  -0.38  -0.98  -1.62  -1.73  -1.64  -1.92   
1899 -2.08  -1.83  -1.26  -1.63  -1.74  -1.68  -1.87  -1.76  -2.45  -1.91  -2.24  -2.34   
1900 -2.80  -3.35  -4.40  -3.32  -4.02  -4.92  -5.96  -6.35  -5.11  -4.85  -4.24  -4.62   
1901 -4.58  -4.03  -4.03  -3.94  -3.81  -4.10  -4.54  -3.79  -4.01  -3.71  -4.24  -4.37   
1902 -4.35  -4.70  -4.41  -4.22  -4.43  -5.00  -5.47  -5.50  -5.44  -5.53  -4.40  -4.23   
1903 -3.56  -3.50  -3.22  -2.98  -2.38  -2.20  -2.45  -3.02  -2.59  -2.60  -2.86  -3.30   
1904 -3.48  -3.58  -3.15  -3.23  -2.76  -2.93  -3.02  -2.78  -3.05  -2.81  -3.31  -3.49   
1905 -3.60  -3.15  -2.64  -2.16  -1.42  -1.62  -2.04  -2.35   1.46   0.83   1.43   0.98   
1906 1.24   0.84   2.02   2.47   2.88   3.14   3.42   4.12   4.18   3.21   3.54   3.49   
1907 4.34   4.26   4.18   3.52   4.10   4.56   4.66   5.09   4.29   4.09   3.18   3.02   
1908 2.54   2.17   1.69   0.92   1.59   1.63   1.69   1.76   2.85   3.37   2.89   2.58   
1909 3.89   4.35   4.33   4.01   3.86   3.62   3.65   5.12   5.32   4.24   4.48   4.85   
1910 5.00   4.67  -0.45  -1.11  -1.48  -1.54  -1.43  -1.58  -1.09  -0.82  -1.24  -1.25   
1911 0.73   0.73  -0.09  -0.30  -0.73  -0.54  -0.25  -0.83   1.16   1.12  -0.24  -0.58   
1912 -1.29  -1.88   0.83   1.04   0.86   0.76   1.05   0.91   0.56   2.08  -0.15  -0.52   
1913 -0.86  -0.67  -0.73  -0.93  -1.49   0.25   0.40   0.34   0.68   0.42   0.74   0.68   
1914 1.99   1.90   1.34   1.48   1.12   2.16   3.28  -0.18  -0.43  -0.24  -1.00  -1.36   
1915 -1.31  -0.97  -1.34  -1.10  -0.56  -0.64  -0.97  -1.69  -0.97  -1.64  -0.04  -0.09   
1916 1.72   1.73   1.91   1.38   1.12   1.01   1.64   2.02   1.85   3.09   2.60   2.83   
1917 2.79   2.76   2.67   3.08   4.03   4.03   5.00   4.49   4.47  -0.75  -1.12  -1.99   
1918 -1.50  -1.67  -1.43  -1.52  -1.48  -1.50  -1.04  -1.32  -0.96  -0.84  -0.61  -0.72   
1919 -1.42  -1.38  -1.62  -1.89  -2.29  -2.91  -2.87  -2.92   1.07   1.46   1.89   1.63   
1920 1.38   1.42   2.15   2.69   2.87   3.06   2.92   3.35   3.18   4.19   3.80   3.59   
1921 3.89   3.53   3.03   3.29   3.44   3.37   3.61   4.43   3.88   3.37   2.30   3.00   
1922 3.08   3.07   3.13   3.39   3.40   3.51   3.24   3.83   3.05   2.42   2.66   2.98   
1923 3.21   2.82   2.78   3.07   3.00   3.01   3.29   3.64   3.34   3.30  -0.21  -0.43   
1924 -0.91  -1.78  -1.23  -1.47  -1.64  -2.19  -2.24  -2.75  -2.65  -2.25  -2.32  -1.43   
1925 -1.76  -1.96  -2.07  -2.12  -2.53   0.59   0.64   1.31   1.89   2.02   1.89  -0.44   
1926 -0.99  -1.11  -1.56  -1.25  -1.03  -1.78  -1.96  -2.10  -1.61  -2.16  -2.18  -2.05   
1927 -2.04   0.11   0.36   0.25   0.05   0.43   0.39   0.63   1.92   1.83  -0.05  -0.10   
1928 -0.71  -1.05  -1.20  -1.44  -1.41  -1.79  -2.44  -2.85  -3.14   0.24   0.40  -0.38   
1929 0.18   0.14   0.26   0.77   0.50   0.58   0.92   1.52   2.74  -0.43  -0.96  -1.70   
1930 -1.14  -1.50  -1.65  -2.12  -1.84  -2.15  -2.00   1.10   2.13   1.96   1.98  -0.60   
1931 -1.17  -1.53  -2.08  -2.28  -2.61  -3.31  -3.88  -4.44  -4.66  -4.59   0.71   0.96   
1932 0.97   1.87   1.78   1.51   1.34   1.66   2.32   2.71  -0.48  -0.76  -1.52  -1.35   
1933 -0.97  -1.38  -1.70   0.14   1.02  -0.39  -0.47  -1.00  -1.53  -2.02  -2.23  -2.05   
1934 -2.27  -2.53  -3.65  -4.56  -5.40  -5.84  -6.36  -6.14  -6.23  -6.24  -5.49  -5.09   
1935 -4.92  -4.71  -4.17  -3.41  -2.20  -2.33  -2.56  -2.62  -3.06  -3.41  -3.39  -3.16   
1936 -3.35  -2.20  -2.12  -2.58  -2.98   0.38   1.97   2.43   1.92   2.25   1.60   2.43   
1937 3.05   3.27   3.81   3.24   3.22   3.08   3.62   2.95   2.92   2.22   1.31   1.50   
1938 1.38   1.58   2.50   2.25   2.81   3.20   2.93   2.79   2.33   2.21   2.22   1.83   
1939 1.92   2.03  -0.26  -0.76  -1.07  -1.24  -1.53  -1.98   2.38   2.48  -0.67  -1.43   
1940 -1.06  -0.33  -0.53  -0.51  -1.26  -1.65  -2.39  -2.77   1.57   1.43   1.44   1.67   
1941 1.66   1.63   1.98   3.29   3.49   4.34   4.92   4.64   4.59   6.19   5.74   5.98   
1942 5.42   5.39   5.34   5.21   4.77   4.42   4.15  -0.46  -0.93  -0.96  -0.81  -1.18   
1943 -0.89  -0.98  -0.96  -1.57  -1.87   0.40   0.23   0.38   0.07   0.49  -0.39  -0.47   
1944 0.57   0.89   1.39   2.32   2.26   3.16   3.04  -0.52  -1.16  -1.66  -1.28  -1.46   
1945 -1.65  -0.05   0.89   1.34   1.26   1.91   2.29   3.15   2.74   2.82  -0.09  -0.01   
1946 -0.19  -0.73  -0.79  -1.16  -0.70  -1.29  -1.46  -0.85  -1.43   2.13   3.19   3.45   
1947 3.45   3.27   2.50   2.50   2.76   3.68   3.69   4.69   3.68   3.77   3.75   3.88   
1948 3.10   3.22   3.45   3.18   2.46   3.11   2.70   2.43   1.49   1.37   0.91   1.25   
1949 1.79   1.66   1.85   1.13   1.42   2.36   2.36  -0.47  -0.33  -0.12  -1.00  -0.55   
1950 -0.35  -0.68  -1.14  -1.64  -1.98  -2.49  -1.92  -2.45  -2.57  -3.24  -3.33  -3.49   
1951 -3.56  -3.85  -4.15  -3.51  -3.11  -3.61  -3.72   0.39  -0.48   0.08   0.34   1.28   
1952 1.87   1.70   2.55   2.56   2.32   2.92   3.04   2.94  -0.29  -1.24  -1.03  -0.98   
1953 -1.27  -1.39  -1.86  -1.59  -1.39  -1.85  -1.25  -0.94  -1.58  -1.52  -1.78  -1.97   
1954 -1.64  -2.08  -1.64  -2.17  -2.30  -2.40  -2.57  -3.03  -2.25  -2.24  -2.31  -2.30   
1955 -1.94  -1.61  -2.12  -2.41  -2.69  -2.82  -2.70  -1.78  -2.07  -2.62  -2.29  -2.41   
1956 -2.08  -2.26  -3.03  -2.91  -3.23  -3.63  -3.77  -4.16  -4.62  -4.47  -4.55  -4.78   
1957 -3.68  -3.86  -3.75   0.85   1.84   2.14   2.22   2.22   1.29   2.32   2.99   2.81   
1958 2.63   2.96   3.52   3.27   3.04  -0.06  -0.52  -0.99  -0.42  -1.10  -1.21  -1.95   
1959 -2.51  -2.02  -2.58  -2.91  -3.42  -4.13  -4.70  -4.25  -3.98  -3.99  -4.08  -3.64   
1960 -3.68  -3.35  -3.59  -3.63  -3.93  -4.37  -5.01  -5.53  -4.82  -3.79  -3.18  -3.40   
1961 -3.66  -4.10  -3.36  -2.98  -2.97  -3.47  -3.51   0.98   2.12   1.74   1.70   1.33   
1962 1.14   2.29   2.44   1.75   1.99   2.11  -0.08  -0.91  -0.61  -0.86  -1.58  -1.96   
1963 -2.34  -2.82  -3.04  -2.34  -3.14  -3.23  -3.96  -2.49  -1.95  -2.40  -2.09  -2.49   
1964 -2.84  -3.42  -3.21  -2.30  -1.78  -1.70  -2.02  -1.89  -1.84  -2.54   0.47   0.76   
1965 0.57   0.48   0.55   1.39   2.35   2.89   3.83   4.17   4.69   3.62   3.81   4.30   
1966 3.81   3.62  -0.48  -0.81  -1.02  -1.26  -1.40  -1.49  -1.52  -1.30  -1.65   1.30   
1967 1.51  -0.36  -0.80   0.37   1.02   1.75   2.32   2.19   3.80   2.79   2.28   2.62   
1968 2.11   1.89   1.50   2.15   2.06   2.03   2.24   3.03   2.42   1.67   1.08   0.84   
1969 1.89   2.80   2.86   2.45   2.10   2.77   3.27   2.95   2.65   2.59  -0.14  -0.47   
1970 -0.92  -1.60  -1.54  -1.23  -1.79   0.10   0.55   0.66   0.57   0.33   0.72  -0.06   
1971 -0.56  -0.44  -1.08  -1.07  -0.80  -1.19  -1.66   0.70   0.20   1.35   1.19   1.81   
1972 -0.39  -1.00  -2.12  -2.32  -3.03  -2.70  -3.38  -3.14   0.60   2.38   3.03   3.56   
1973 3.76   3.98   4.75   5.03   4.95   5.21   5.04  -0.06  -0.42  -0.82  -0.52  -0.73   
1974 -0.02  -0.37  -0.90  -0.71  -1.46  -2.17  -2.20  -2.70  -3.01  -2.24  -2.17  -2.41   
1975 -2.58  -2.68   0.27   0.61   1.34   1.56   2.28  -0.13  -0.35  -0.53  -0.49  -0.82   
1976 -1.44  -1.00  -1.03  -0.63  -0.75  -1.13  -1.09  -1.77  -1.70  -1.69  -2.15  -2.80   
1977 -3.25  -3.93  -4.16  -4.72  -4.21  -4.90  -4.85  -4.70  -4.76  -4.63  -4.81  -4.75   
1978 0.50   1.04   1.61   1.96   2.06   2.00   1.54   0.74   1.14   0.59   2.41   2.81   
1979 3.71   4.18   4.90   4.15   4.34   3.98   3.18   2.84   1.70   1.17   1.27   0.82   
1980 2.33   3.84   4.39   3.80   4.56   4.48   4.36   3.80   4.59   4.34  -0.40  -1.24   
1981 -1.90  -2.61  -2.06  -2.18  -1.28  -1.80  -2.11   0.11   0.51   1.51  -0.18  -0.44   
1982 0.41   0.14   0.43  -0.39   0.01   0.01   0.28   0.77   2.53   2.61   3.00   3.23   
1983 3.36   3.42   4.30   4.37   4.57   4.76   4.93   5.52   5.54   4.68   5.08   5.40   
1984 4.78   4.47   4.42   4.37   3.68   4.34   5.31   5.79   4.99   5.33   4.63   4.66   
1985 4.15   3.56   3.74   3.57   3.44   3.49   4.24   3.00   2.74   2.85   3.62  -0.05   
1986 -0.48  -0.48  -0.74  -0.34  -0.39  -0.61  -0.70   0.15   0.96   1.01  -0.40  -0.96   
1987 -1.23  -1.28  -1.13  -1.82  -1.63  -2.02   0.07   0.52  -0.50   0.37   1.07   1.02   
1988 1.29   0.87   0.70   1.50   1.58   1.78  -0.24   0.25  -0.32  -0.94  -0.95  -0.86   
1989 -0.92  -1.04  -1.59  -2.43  -2.88  -3.31  -3.65  -3.45  -3.58  -3.47  -3.72  -4.18   
1990 -4.41  -4.17  -4.38  -4.17  -4.42  -4.66  -4.94  -5.11  -4.45  -4.14  -3.91  -3.63   
1991 -3.67  -4.06  -3.58  -3.28  -2.53  -2.65  -2.99  -2.59  -2.01  -1.73  -1.33  -1.60   
1992 -1.78  -1.60  -1.12  -1.89   0.45  -0.23  -0.46  -0.03  -0.46   0.24   0.08   0.44   
1993 2.44   4.23   4.07   3.33   3.36   3.53   3.06   2.96   2.27   2.64   2.53  -0.21   
1994 -0.65  -0.07  -0.69  -0.19  -0.57  -1.14  -1.88  -1.85   0.14   1.04   1.79   1.68   
1995 2.55   2.26   3.00   3.59   4.80   5.58   5.91   5.46  -0.16  -0.89  -1.56  -1.64   
1996 -1.59  -1.14  -1.26  -1.50  -1.62  -2.11  -2.31  -3.03   0.13   0.38   1.04   1.13   
1997 2.32   2.57   1.66   2.14   2.17   2.77   2.79   3.74   5.76   5.27   4.71   3.96   
1998 3.68   4.44   4.53   4.57   4.26   5.08   6.08   5.58   6.54   6.85   6.33   5.56   
1999 4.78   4.12   2.80   3.73   3.77   3.94   4.72   4.98   4.61  -0.73  -1.51  -1.88   
2000 -1.62  -0.91  -0.86  -1.47  -1.71  -1.77  -2.41   0.50   0.19   1.81   1.79   1.45   
2001 1.74   2.23   2.12   2.28   2.07   2.13   2.07   2.16  -0.72  -1.27  -0.84  -0.83   
2002 -1.32  -1.83  -2.05  -2.52  -3.30  -4.10  -4.77  -5.57  -3.93  -2.99  -2.60  -2.28   
2003 -2.74  -2.01  -1.82  -1.65  -1.58  -1.78  -2.20  -2.11  -2.40  -2.94   0.27   0.86   
2004 0.65   1.53  -0.93  -0.53  -0.73  -0.73  -0.69  -0.92  -0.86   2.14   2.99   3.36   
2005 5.30   5.85   6.12   6.01   6.21   7.14   6.94   6.87   6.18   6.15  -0.58  -0.77   
2006 -0.73  -1.07   1.12  -0.04  -0.58  -0.88  -0.56  -1.05   0.20   1.76  -0.35  -0.26   
2007 -0.53  -0.69  -1.32  -1.46  -2.01  -2.75  -3.24  -3.26  -2.73  -2.90  -3.38   1.08   
2008 1.64   2.06  -0.33  -0.80  -0.50  -0.26  -0.39  -0.84  -1.26  -1.43  -1.59  -0.90   
2009 -0.77  -0.73  -1.13  -1.08  -1.28  -1.18  -1.66  -2.58  -2.78  -2.84  -3.02   0.31   
2010 0.83   0.97   1.07   1.22   1.39   1.63   1.64  -0.12  -0.98   1.35   1.53   3.40   
2011 3.01   3.40   3.21   3.54   4.42   4.78   5.59   5.13   4.80   4.54  -0.13  -0.52   
2012 -0.63  -0.50  -1.05  -1.45  -2.45  -3.36  -2.90  -2.43  -2.29  -2.22  -2.49  -2.09   
2013 -2.04  -2.33 -99.99 -99.99 -99.99 -99.99 -99.99 -99.99 -99.99 -99.99 -99.99 -99.99   
