1895 0.55   1.07   1.12   0.92   1.69   2.52   2.98  -0.07  -0.49  -0.83  -0.66  -0.78   
1896 -1.06  -1.27  -1.50  -1.21  -1.17  -2.21  -2.22  -2.34  -1.99  -2.39  -2.21  -2.50   
1897 -2.06  -1.48  -0.81  -1.02  -1.64  -1.85  -1.97  -1.98   0.98   1.56  -0.07  -0.07   
1898 -0.16  -0.51  -0.30  -0.93  -0.06  -0.05  -0.79  -1.27  -1.89  -1.79  -1.62  -1.94   
1899 -1.92  -1.73  -1.23  -1.71  -2.07  -2.30  -2.75  -2.78  -3.47  -2.53  -2.39  -2.30   
1900 -2.46  -2.58  -3.43  -3.23  -4.40  -5.07  -5.56  -5.77  -4.64  -4.43  -3.97  -4.19   
1901 -4.22  -3.82  -3.70  -3.78  -4.31  -4.76  -5.48  -5.22  -5.47  -5.36  -5.37  -5.20   
1902 -4.86  -4.79  -4.32  -4.32  -5.03  -5.57  -5.49  -5.70  -5.34  -5.45  -4.59  -4.39   
1903 -3.71  -3.35  -3.04  -2.86  -2.43  -2.23  -2.26  -2.58  -2.37  -2.23  -2.33  -2.74   
1904 -2.59  -2.62  -2.35  -2.76  -2.79  -2.77  -3.22  -3.28  -3.27  -3.32  -3.51  -3.65   
1905 -3.75  -3.44  -3.32  -3.14  -3.03  -3.93  -4.19  -4.06   1.24  -0.17  -0.18  -0.76   
1906 -0.49  -0.81   0.79   1.12   1.40   1.10   0.62   1.64   2.41   1.86   2.25   1.92   
1907 2.46   2.33   1.74   1.08   1.55   1.93   1.58   1.87  -0.46  -0.57  -0.89  -0.46   
1908 -0.56  -0.59  -0.75  -1.14   0.45   0.52  -0.51   0.46   1.33   2.59   2.50   2.15   
1909 3.34   3.42   3.27   3.33   3.60   3.55   3.88   5.19   5.77   4.57   4.74   5.17   
1910 5.09  -0.03  -0.94  -1.97  -2.38  -2.50  -2.54  -2.58  -2.08  -1.40  -1.95  -1.75   
1911 -0.93  -0.64  -0.69  -0.81  -1.50  -1.35  -1.85  -2.15   1.10   1.35  -0.15  -0.42   
1912 -0.86  -1.13   0.71   0.88  -0.21  -0.28  -0.48  -0.24  -0.53   1.62  -0.03  -0.53   
1913 -0.80  -0.66  -0.63  -0.86  -1.47   0.54   0.52   0.39   0.97   0.99   1.13   1.37   
1914 2.36   2.02   1.51   1.63   1.22   2.57   3.00  -0.19  -0.79  -0.46  -0.96  -1.51   
1915 -1.45  -1.10  -1.41  -1.52  -1.57  -1.61  -2.37  -2.42   0.67  -0.61  -0.59  -0.61   
1916 1.02  -0.16   0.21  -0.29  -0.66  -1.06   0.28   0.54   0.20   1.51   1.18   1.68   
1917 1.40   1.22   1.16   1.60   2.79   2.56   2.49   2.06   2.16  -0.64  -0.82  -1.38   
1918 0.46  -0.15  -0.20  -0.01  -0.07  -0.45  -0.15  -0.56   0.28   0.38   0.46  -0.20   
1919 -0.72  -0.76  -1.00  -1.16  -1.82  -2.84  -3.73  -3.64   0.96   1.58   1.65   1.31   
1920 0.96   0.96   1.66   2.31   2.85   2.93   2.94   3.16   2.90   4.22   3.89   3.74   
1921 3.97   3.57   3.08   3.19   3.66   3.84   3.17   3.67   2.87   2.57   1.66   2.66   
1922 2.56   2.50   2.59   3.02   3.40   3.19   2.90   3.30   2.20   1.66   1.98   2.59   
1923 2.78   2.48   2.41   2.86   3.01   3.10   3.11   3.30   2.42   2.96  -0.27  -0.65   
1924 -0.89  -1.30  -0.81  -0.80  -0.97  -1.77  -1.89  -2.28  -2.29   0.25   0.11   1.07   
1925 -0.36  -0.52  -0.62  -0.72  -1.21   1.07   0.90   1.28   1.71   1.89   1.85  -0.39   
1926 -0.72  -0.71  -1.00  -0.87  -1.02  -1.79  -1.93  -1.72  -1.55  -1.88  -1.90  -1.85   
1927 0.01  -0.07   0.25   0.40   0.16   0.81   0.60   1.14   2.68  -0.02   0.06  -0.06   
1928 -0.49  -0.62  -0.63  -0.79  -1.08  -1.15  -1.66  -1.90  -2.47   0.57   1.08   0.55   
1929 0.80   0.85   0.94   1.40   1.32   1.15   0.99   1.22   2.78  -0.21  -0.55  -1.14   
1930 -0.64  -0.83  -0.94  -1.75  -1.78  -2.34  -2.65   1.73   2.43   2.42   2.26  -0.62   
1931 -1.09  -1.39  -1.40   0.71  -0.13  -0.93  -1.50  -1.75  -2.17  -2.34   0.26   0.35   
1932 0.15   0.50   0.85   1.32   1.09   1.08   1.97   2.72  -0.68  -0.65  -1.08  -1.24   
1933 -1.10  -1.40  -1.62   1.00   1.73  -0.85  -1.12  -1.64  -1.74  -2.19  -2.09  -1.99   
1934 -1.99  -1.91  -2.88  -3.85  -4.74  -4.82  -4.98  -4.74  -4.99  -5.36  -4.49  -4.37   
1935 -4.14  -3.65  -3.24  -1.78  -0.71  -1.11  -1.49  -1.09  -1.79  -2.16  -2.37  -2.66   
1936 -2.92  -2.78  -2.13  -2.47  -3.11  -3.04   0.55   1.26   1.04   1.17   0.70   1.48   
1937 1.88   2.58   2.81   2.31   3.29   3.32   4.69   5.42   4.69   3.65   2.60   2.72   
1938 2.14   1.94   2.55   2.02   2.56   3.16   2.77   2.42   3.46   3.49   3.47   2.98   
1939 2.71   2.66   2.81  -0.47  -0.69  -0.99  -1.37  -1.68   2.04   1.94  -0.61  -1.05   
1940 0.45   0.73  -0.05  -0.11  -1.02  -1.84  -2.31  -2.69   1.67   1.24   1.34   1.18   
1941 1.28   0.96   0.86   2.01   2.28   2.89   2.80   3.59   4.63   6.32   5.71   5.22   
1942 4.56   3.99   3.76   3.75   0.05  -0.22   0.29  -0.41  -0.44  -0.56  -0.74  -1.03   
1943 -1.36  -1.36  -1.43  -2.16  -2.56   0.58   0.10   0.73  -0.77  -0.78  -0.58  -0.65   
1944 0.96   1.37   1.82   2.74   3.08   3.93   3.86  -0.46  -1.03  -1.01  -0.81  -1.26   
1945 -1.40   0.06   0.28   0.44   0.25   0.83  -0.34  -0.32  -0.86  -0.91  -1.12  -1.21   
1946 -1.57  -1.96  -2.29  -2.38  -2.87  -3.66  -4.24  -3.87  -4.30   0.98   1.86   1.84   
1947 1.79   1.55   0.72   0.37   0.17   2.02   3.47   4.58  -0.64   0.15   0.30   0.68   
1948 0.26   0.51   0.78  -0.39  -1.00  -0.73  -0.69  -0.73  -1.22  -1.16  -1.23   0.55   
1949 1.51  -0.13   0.00  -0.60   0.89   1.77   2.41   1.70   1.39   2.25   1.49   2.25   
1950 2.52  -0.21  -0.37  -0.26  -0.10  -0.51  -0.15  -0.95  -0.80  -1.77  -1.89  -1.95   
1951 -2.20  -2.16  -2.37  -2.09  -2.39  -2.48  -2.83  -2.15  -2.71   1.30   1.17   2.72   
1952 2.87   2.37   3.03   2.97   3.26   4.23   5.88   6.93  -0.47  -1.36  -1.51  -1.01   
1953 -1.08  -1.26  -1.53  -1.35  -1.03  -1.44  -1.81  -1.69  -2.42  -2.48  -1.85  -2.12   
1954 -2.00  -2.48  -2.09  -2.47  -3.12  -3.17  -3.42  -3.51  -1.25  -0.86  -1.08  -1.30   
1955 -1.20  -0.59  -0.79  -0.86  -1.56  -1.92  -2.09  -0.95  -1.28  -2.02  -1.68  -1.69   
1956 -1.00  -1.07  -1.58  -1.72  -2.17  -2.69  -3.10  -3.63  -4.07  -3.73  -3.75  -3.58   
1957 0.45  -0.34  -0.43   0.50   1.79   1.83   1.43   2.60   1.56   1.69   3.21  -0.04   
1958 -0.37  -0.41   0.63  -0.03  -0.27  -0.60  -1.07  -1.62  -1.41  -2.21  -2.24  -2.54   
1959 -2.59  -1.86  -1.92  -2.18  -2.71  -2.63  -2.85  -2.17  -1.31  -1.25  -1.64  -1.50   
1960 -1.33  -0.81  -1.10  -1.39  -1.87  -2.45  -2.89  -3.25  -2.89  -2.32  -2.07  -2.30   
1961 -2.64  -2.94  -2.54  -2.41  -3.26  -4.22  -4.58  -4.22   1.77   2.54   2.57   2.20   
1962 2.49   3.32   3.19  -0.59  -0.60  -0.63  -0.80  -1.41  -1.18  -1.39  -1.77  -2.18   
1963 -2.42  -2.79  -2.93  -2.69  -3.83  -4.15  -4.68  -3.74  -3.37  -3.82  -3.73  -3.88   
1964 -4.04  -4.06  -3.52  -2.72  -2.35  -2.52  -3.13  -3.22  -3.25  -3.85   1.11   2.37   
1965 2.37   2.24   2.23   2.50   3.76   6.13   8.13   8.43   8.96   7.81   7.06   6.92   
1966 5.79   5.27   4.21   3.35   3.03   2.31   1.94   1.60   1.40   1.13   0.66   2.01   
1967 2.26   1.88   1.60   1.24   1.67   3.08   3.02  -0.33  -0.63  -1.28  -1.52   0.59   
1968 0.16   0.65   0.49   1.80   2.32   2.36  -0.30   0.33  -0.53  -0.95  -1.09  -1.15   
1969 0.92   1.59   1.59   1.57   0.88   2.50   2.09   1.67   1.81   2.49  -0.05  -0.16   
1970 -0.23  -0.54  -0.52  -0.33  -0.74   1.49   1.45  -0.59  -0.74  -0.55  -0.64  -0.82   
1971 -0.96  -0.63  -1.14   0.55   1.25  -0.87  -1.54  -2.18  -2.27   1.44   1.15   1.51   
1972 -0.39  -0.80  -1.80  -2.18  -2.58  -2.37  -2.89  -3.03   0.08   1.21   1.56   1.87   
1973 1.86   1.72   2.30   3.04   3.49   4.34   5.05   4.68  -0.21  -0.60   0.60   0.51   
1974 0.64  -0.32  -1.03  -1.24  -2.13  -2.69  -2.99  -3.63  -4.08  -3.44  -3.58  -3.76   
1975 -3.37  -3.16   0.71   0.83   2.09   2.77   3.30  -0.49  -1.01  -1.18  -1.00  -1.38   
1976 -1.77  -1.45  -1.21  -0.77  -0.71  -1.09  -1.65  -2.02  -1.89  -2.33  -2.67  -3.05   
1977 -3.04  -2.99  -3.06  -3.42  -3.28  -4.18  -3.32  -2.71  -3.04  -3.28  -3.00  -3.02   
1978 0.78   0.67   1.09   1.58   1.72  -0.28  -0.78  -0.52  -0.91  -1.52   1.14   1.35   
1979 1.51   1.37   2.82   2.52   2.91   2.78   2.64   2.84   1.63   1.71   1.45   1.05   
1980 1.97   2.37   2.23   1.87   2.63   2.10   1.78   1.80   2.39   2.35  -0.12  -0.66   
1981 -1.08  -1.31  -1.31  -1.90  -1.74  -2.69  -3.09  -3.24   0.16   2.52   2.14   1.78   
1982 1.85   1.42   1.73   1.37   1.50   1.16   1.34   1.56   3.60   3.30   3.59   3.28   
1983 2.95   3.22   2.87   3.32   4.49   4.79   5.06   5.04   4.70   3.91   4.39   4.49   
1984 3.83   3.48   3.24   3.24   2.66   3.08   3.78   3.56   3.27   3.26   2.79   2.96   
1985 2.80  -0.35   0.34  -0.58  -0.71  -0.74   0.91  -0.94   0.92   0.82   1.15  -0.09   
1986 -0.43  -0.39  -1.02   0.73   0.92   0.43   1.01   0.69   1.35   1.83  -0.40  -0.80   
1987 -0.83  -0.64  -0.25  -0.87  -0.37  -1.09   1.12   1.77   0.80   0.88   1.20   1.09   
1988 1.46  -0.39  -0.30  -0.04  -0.07  -0.63  -1.35  -1.73  -1.39  -2.27  -2.18  -2.08   
1989 -2.22  -1.69  -2.07  -3.02  -3.71  -3.98  -4.27  -3.77  -3.50  -3.60  -3.71  -3.96   
1990 -3.94  -3.13  -3.16  -3.65  -4.06  -3.79  -3.88  -4.26  -3.63  -3.08  -2.84  -2.65   
1991 -2.72  -2.82  -2.64  -2.12  -2.22  -2.38  -2.63  -2.49  -2.02  -2.09  -1.80  -1.98   
1992 -2.04  -1.80  -2.07  -3.16  -2.83  -3.13   0.71  -0.27  -0.61  -0.63  -0.66   0.03   
1993 0.72   1.17   2.23   2.23   2.76   2.78   2.52   3.11   2.56   3.19   2.96  -0.49   
1994 -0.90  -0.72  -1.49  -1.66  -2.43  -3.11  -3.74  -3.77   0.11   2.43   2.69   2.15   
1995 1.96   1.74   0.96   1.19   3.36   4.14   4.38   4.29  -0.15  -0.86  -1.43  -1.84   
1996 -1.23  -1.03  -1.32  -1.49  -1.35  -1.57  -1.75  -2.52   0.33   0.29   0.54   0.36   
1997 1.27   1.38   0.76   1.72   2.10   2.48   2.30   3.78   5.84   4.99   4.79   4.04   
1998 3.49   3.51   3.08   2.62   1.86   2.89   3.18   0.03  -0.31  -0.03  -0.06  -0.32   
1999 -0.34  -0.57  -1.54   1.22   1.60   0.91   0.64   1.32   1.51  -0.92  -1.52  -1.83   
2000 -1.79  -1.34  -1.61  -1.89  -2.65  -3.14  -3.92  -3.95  -2.90  -2.07  -1.91  -2.21   
2001 -2.02  -1.62  -2.11  -1.96  -2.39  -3.05  -2.98  -3.13  -3.50  -3.78  -3.38  -3.38   
2002 -3.58  -3.78  -3.60  -4.12  -5.09  -5.81  -6.30  -6.48  -4.47  -3.67  -2.99  -2.82   
2003 -2.84  -2.21  -2.02  -2.15  -2.03  -1.51  -2.33  -2.70  -3.10  -3.69  -2.81  -2.12   
2004 -2.29  -1.74  -2.72  -2.88  -3.44  -3.29  -3.57  -3.73   0.60   2.42   2.93   2.59   
2005 3.68   3.68   3.44   3.33   3.72   4.29   3.95   3.45   3.79  -0.16  -0.27  -0.74   
2006 -0.59  -1.06  -0.43  -0.69  -1.51  -2.07  -2.25  -2.25   0.69   2.56  -0.07  -0.19   
2007 -0.11  -0.21  -1.05  -1.76  -1.91  -2.53  -3.05  -3.29  -2.45  -2.58  -2.89   1.26   
2008 1.17   1.72   1.87   1.68   1.79   2.30  -0.05  -0.34  -0.10  -0.47  -0.79  -0.54   
2009 -0.33  -0.62  -1.21  -0.91  -1.15  -0.60  -1.12  -1.51  -1.49  -1.66  -1.87  -1.41   
2010 -1.07  -1.29  -1.40  -1.10  -1.02  -0.95  -1.18  -0.90  -1.57   0.31   0.38   2.20   
2011 1.75   1.86   1.47   1.52   3.41   3.86   5.46  -0.20  -0.75  -0.23  -0.42  -0.66   
2012 -0.94  -0.98  -1.98  -3.16  -4.27  -5.10  -5.37  -5.59  -4.85  -4.80  -4.89  -3.85   
2013 -3.49  -3.51 -99.99 -99.99 -99.99 -99.99 -99.99 -99.99 -99.99 -99.99 -99.99 -99.99   
