1895 0.12  -0.47  -0.78  -0.89  -1.30  -1.73  -1.87  -1.51  -1.86  -2.23   0.32   0.70   
1896 -0.65   1.32   3.29  -1.13  -1.77  -2.16  -2.04  -2.03  -1.40  -1.07  -1.06  -1.86   
1897 0.24   0.07   0.52   0.33   0.52   1.54   3.24   2.94   2.21   1.10   2.39   3.00   
1898 3.67   3.71   2.52   2.61   2.62   2.31   1.68   2.86   3.12   4.08   4.11   3.37   
1899 2.89   2.77   4.21  -0.89  -1.62  -1.99  -1.67  -2.06  -1.58  -1.96  -2.37  -2.40   
1900 0.40   2.20   3.12  -0.95  -1.07  -1.34  -1.42   0.38   0.32   0.13   1.24  -0.39   
1901 -0.92  -1.83   0.84   1.91   2.62  -0.55  -0.38  -0.04  -0.07  -0.35  -0.87   1.21   
1902 0.74   0.98   1.81   1.91   1.50   1.86   2.59   2.97   3.53   3.93   2.53   2.90   
1903 2.71   2.99   3.88   2.78   1.20   2.38   2.35   3.10  -0.42   0.45  -0.72  -0.82   
1904 -0.61  -0.87  -0.92   1.13   0.69   0.42   0.35   0.75   1.50  -0.03  -0.87  -1.20   
1905 -0.94  -1.52  -1.49  -1.87  -2.43   0.56   0.94   1.87   3.31  -0.32  -0.85  -0.71   
1906 -0.95  -1.02  -0.55  -1.12   0.55   1.10   1.13  -0.16  -0.63  -0.49  -0.82  -0.71   
1907 -0.97  -1.64  -2.00  -1.52  -1.36  -1.11  -1.12  -1.79   1.64   2.39   2.53   2.57   
1908 2.05   2.45  -0.28  -0.50  -0.15  -0.76  -0.98  -0.41  -1.22  -1.61  -2.67  -2.81   
1909 0.31   1.31   1.09   1.15   1.09  -0.21  -0.76  -0.56  -0.69  -1.26  -2.28  -2.61   
1910 0.64   1.58  -1.02  -1.37  -1.29  -1.15  -1.79  -1.44  -0.96  -1.35  -1.24  -1.56   
1911 -1.77  -1.62  -1.28  -1.99  -2.88  -2.93  -2.95   0.44   0.68   1.28  -0.35  -0.50   
1912 -0.81  -1.12   0.86   0.73   1.33  -0.67  -1.02   0.33   0.78   0.71   0.57   0.69   
1913 0.95   0.67   2.28  -0.44  -0.37  -1.13  -1.59  -2.16  -2.29  -1.17  -1.66  -1.72   
1914 -1.77  -1.87   0.62   1.92  -0.66  -1.00  -0.96   0.72  -0.58  -1.37  -1.73  -1.84   
1915 0.60   1.31  -1.42  -2.16  -2.55  -2.73   1.98   3.11   2.33   1.93   1.38   1.79   
1916 1.10   1.64   1.55   1.47   1.37   2.31   2.12   1.50   2.20  -0.53  -0.43  -0.72   
1917 -0.64  -1.06  -0.85  -1.07   0.25   1.29  -0.56  -0.22  -0.81   1.17  -1.03  -1.31   
1918 -1.37  -1.30  -1.62  -1.92  -2.01  -1.56  -1.89   0.23   1.71   0.04  -0.34  -0.47   
1919 -0.80  -1.10   0.82   0.38   0.89  -0.53  -0.80   0.46   1.07   1.32   1.82  -0.71   
1920 -1.03   0.37   0.73   2.32   1.75   1.81   2.00   1.97   2.71   1.88   2.35   3.14   
1921 -0.64  -0.70  -0.44  -0.41  -0.80  -0.85  -0.38  -0.48  -0.80  -1.13   1.24  -0.49   
1922 -0.81   0.15   1.18   1.28   1.18   3.23   2.49   2.98  -0.12  -0.34  -1.09  -1.19   
1923 -0.44  -0.94  -1.07   0.94  -0.46  -0.75  -0.88  -1.11  -1.07   0.35   1.09   1.24   
1924 1.42  -0.15  -1.17   1.06   1.08  -0.34  -0.58   0.26   1.71  -0.98  -0.81  -1.35   
1925 0.00   0.07   0.94   0.31   0.09   0.49   1.00   0.57   0.86   1.58   0.05  -0.37   
1926 -0.60   0.61   0.26   0.50  -0.65   0.15   0.23   0.43   0.28   1.20   1.40  -0.41   
1927 -0.64  -0.40  -1.06  -1.91   0.20  -0.26   0.56   1.44   1.24   2.08   5.12   5.54   
1928 4.95   4.60   3.98   4.02   3.51   3.79   3.65   4.25   4.08   3.40   2.72   1.75   
1929 1.78   2.07   2.29   3.43   3.29   3.22  -0.62  -0.65  -0.85  -0.91  -1.14  -0.75   
1930 -0.66  -1.21   0.73  -0.78  -0.64  -0.43  -0.29  -0.56  -1.12  -1.32  -1.42  -1.92   
1931 -2.01  -2.20  -2.00  -2.06   0.62   1.42   3.11  -0.32   0.00  -0.23  -1.11  -1.01   
1932 -0.40  -0.57  -0.37  -0.35  -0.94  -1.16  -1.24   0.13  -0.22   0.42   1.76  -0.77   
1933 -1.02   0.07   0.45   1.54  -0.80  -1.48  -1.93   1.14   1.31   1.27  -0.62  -0.62   
1934 -0.54  -0.93  -1.16   0.94   0.36   0.95   0.86   0.34   1.23   0.89   0.58   0.68   
1935 1.55  -0.17  -0.95  -1.27  -1.53   0.65   1.54   1.17   1.67  -0.67  -0.30  -1.20   
1936 0.95   0.60   2.82   3.03  -0.76  -1.24  -1.16  -0.59  -1.31   0.56   0.18   1.13   
1937 1.62   1.50   1.50   1.36   1.70   1.77   1.62   1.35   0.90   1.70   2.45   1.97   
1938 2.45  -0.40  -0.95  -1.21  -1.12  -1.19   1.44   1.50   4.06   3.26   2.68   2.75   
1939 2.54   2.46   2.25   2.72  -0.69  -1.02  -1.38  -1.09  -1.19  -0.81  -1.61  -1.94   
1940 -2.23   0.69   1.11   1.81   2.15   2.47   2.28  -0.58  -0.21  -0.82   0.49   0.73   
1941 -0.49  -0.82  -1.26  -2.83  -3.11  -3.05  -2.31  -2.79  -2.75  -2.46  -2.40   0.19   
1942 -0.29  -0.26   0.67   0.01   0.00   0.22   0.64   0.09   0.42   0.25   0.58   0.96   
1943 -0.20  -0.57  -0.81   0.55   1.46   1.22   1.35   2.12   1.62   2.27   2.79  -1.05   
1944 -1.57  -1.53  -1.16  -0.93  -1.57   0.93  -0.26  -1.34  -0.89  -0.85  -1.10  -1.35   
1945 0.25   0.57  -0.84   0.48   1.43   1.85   2.89   1.73   1.67   2.01   2.65  -0.24   
1946 -0.42  -0.36  -1.42  -1.67   0.40   0.33   0.33   0.71   0.85  -0.06  -0.72   0.44   
1947 0.61   0.36   0.57   0.21   0.60   1.36   1.61  -0.52  -1.39  -2.50  -1.85  -1.94   
1948 -1.76  -1.83  -1.75  -1.63  -0.82  -0.63  -0.59  -0.93  -1.82  -2.12  -1.56  -0.91   
1949 -0.56  -0.58  -1.04  -1.14  -1.21  -1.72  -1.70  -1.86  -1.39  -1.72  -1.91  -2.27   
1950 -1.46  -1.08  -0.82  -1.08  -1.41  -1.55  -1.82  -1.56  -1.63  -2.09  -1.62  -1.66   
1951 -1.73   0.76   1.25   1.36   0.94   0.83   1.30   1.63   1.68   2.14   2.61   2.86   
1952 2.62   2.63   2.04   1.98   2.13   2.75  -0.29  -0.73  -0.87  -1.34  -1.91   0.35   
1953 1.12   0.73   2.20   2.38   2.75  -0.94  -1.82  -1.81  -2.43  -2.37  -3.09   0.18   
1954 -0.22   0.21   0.53   0.67   1.44  -0.09  -0.60  -0.66   0.92   0.30   0.93  -0.02   
1955 -0.94  -0.49  -0.06  -0.33  -0.93  -1.15  -1.91   1.81   1.36   2.94   2.70  -1.00   
1956 -0.91   0.15   0.85   0.98  -0.28  -0.52  -0.32  -1.00   0.68  -0.58  -0.67  -0.31   
1957 -0.81  -1.57  -2.20  -2.69  -2.50  -2.35  -2.11  -2.69  -2.88  -3.20  -3.00  -1.90   
1958 -0.69  -0.76  -1.10  -0.88  -1.04  -1.31  -1.13  -1.61  -1.55  -1.40  -1.40  -2.12   
1959 -1.51  -1.59  -1.35  -1.67  -2.25  -2.19  -2.53  -1.96  -2.35   1.14   1.92   1.88   
1960 1.59   2.07   1.38   1.93   1.70   1.82   2.35   1.94   3.05  -0.11  -0.50  -1.10   
1961 -1.61  -1.35  -1.47  -0.63  -0.59  -0.85  -1.00  -0.73  -1.44  -2.15  -2.48  -2.52   
1962 -2.30  -1.52  -2.03  -1.73  -1.81  -2.23  -2.16  -2.04  -1.98  -1.08  -1.31  -1.15   
1963 -1.17  -1.31  -1.15  -1.75  -1.58  -1.92  -2.65  -2.49  -2.67  -3.75  -2.96  -3.16   
1964 -2.06  -2.27  -1.64  -1.72  -2.36  -3.14  -3.15  -2.67  -3.60  -4.20  -4.71  -4.45   
1965 -4.45  -3.90  -4.31  -4.27  -4.87  -5.11  -4.96  -4.72  -3.97  -3.40  -3.08  -3.36   
1966 -3.25  -2.94  -2.69  -3.35  -3.16  -3.17  -3.09  -2.75  -2.10  -1.68  -1.90  -1.89   
1967 -2.40  -2.12  -2.44  -1.75  -0.74  -0.94  -0.68  -0.84  -1.30  -1.25  -1.47  -0.98   
1968 -1.57  -2.44   0.37  -0.46   0.35   1.32  -1.06  -1.74  -1.50  -1.73   0.93   1.68   
1969 -0.57  -0.38  -0.81  -0.55  -0.83   0.54   1.12   0.05  -0.51  -0.82   0.94   2.01   
1970 -1.01  -0.59  -0.79  -0.43  -0.52  -0.80  -1.51  -1.55  -1.52  -1.89  -2.38  -2.02   
1971 -2.25  -1.42  -1.10  -1.68  -1.66  -2.18  -1.93  -1.12  -1.50  -1.90  -1.61  -1.35   
1972 -1.65   0.51   0.94   0.95   1.46   2.28   2.38   1.75   0.92   0.91   2.20   3.08   
1973 3.10   2.47   1.86   2.28   2.74   3.65   3.22   2.78   2.24   1.72   0.95   2.85   
1974 2.52   1.99   2.10   1.71   2.08   1.69   1.41   1.30   2.14  -0.36  -0.32  -0.40   
1975 0.43   0.58  -0.10  -0.20  -0.98   0.22   1.00   2.24   3.02   3.81   3.71   3.50   
1976 3.51   3.52   3.18   2.55   2.88   2.00   2.70   4.02   3.84   4.52   3.28   2.45   
1977 1.92   1.49   2.28   2.26   1.44   1.61   0.85   0.68   1.15   2.23   2.09   2.62   
1978 3.98  -0.89  -1.14  -1.62  -1.89  -1.35  -1.70  -1.33  -1.71  -1.57  -2.02   0.07   
1979 1.96   1.33   0.83   1.14   1.75  -0.84  -0.86  -1.04   0.21   0.59  -0.20  -0.75   
1980 -1.57  -2.33  -1.07  -0.65  -1.44  -1.23  -1.56  -2.07  -2.41  -2.32  -2.23  -2.82   
1981 -3.57   2.96  -1.10  -1.58  -1.69  -1.88  -1.30  -1.76   0.31   0.80  -0.76   0.28   
1982 0.48   0.72   0.57   0.75  -0.69   1.27  -0.67  -1.12  -1.44  -2.07  -2.59  -3.12   
1983 0.40   0.27   1.05   2.20   2.93  -0.53  -1.41  -1.31  -2.15  -2.24   0.75   1.92   
1984 1.17   2.04   2.36   2.36   4.52  -0.75  -0.11  -0.69  -1.33  -1.73  -2.21  -1.89   
1985 -2.43  -2.53  -2.29  -3.00  -3.10  -2.83  -3.13   0.48   1.14   0.88   1.50   0.79   
1986 1.29   0.99   1.40  -1.13  -1.53   0.86   1.84   2.10   1.88   1.62   2.16   2.45   
1987 2.49  -1.34  -1.69   0.84  -0.87   0.65   0.35   0.37   1.67   2.73  -0.31  -0.76   
1988 -1.12  -0.62  -1.09  -0.94  -1.12  -1.77   0.83   1.08  -0.43  -0.62   0.71  -0.76   
1989 -1.31  -1.50  -1.66   0.05   0.88   1.65   1.78   2.19   2.14   3.01   2.85   1.69   
1990 2.15   2.27   1.93   1.99   3.00   2.41   1.36   3.17   2.52   3.27   2.71   3.03   
1991 -0.21  -0.88  -0.80  -1.18  -1.47  -1.52  -1.92   1.15   1.62   2.07  -0.15  -0.13   
1992 -0.39  -1.02  -0.82  -1.22  -1.49   0.53   0.76   0.88   0.79   0.62   0.89   0.43   
1993 0.12   0.15   0.80   1.12  -0.93  -1.01  -1.61  -2.32  -2.09  -2.14   0.13   0.16   
1994 0.67  -0.68   0.65   0.24   0.41   0.14   0.24   0.36   0.65  -0.82  -0.92  -0.72   
1995 -0.73  -0.88  -1.43  -1.88  -2.20  -2.97  -3.08  -3.21  -3.40   1.78   2.24   1.65   
1996 2.44   1.94   1.25   2.57   2.70   2.23   3.05   1.71   1.82   2.14   1.90   2.87   
1997 2.73   2.34   2.46   2.83   2.74   1.40   0.95   2.17   1.95   1.69   2.61   2.09   
1998 2.66  -0.21  -0.08  -0.90  -1.22   2.39  -0.49  -1.04  -1.70  -2.23  -2.63  -3.03   
1999 -1.59  -1.90  -1.02  -2.33  -1.76  -2.85  -3.48  -3.61   1.13   1.33  -0.26  -1.09   
2000 0.34   0.60   0.59   1.19   1.16   1.45   2.89   2.96   2.33   2.16   1.54   1.85   
2001 0.75   0.69   2.09  -1.15  -1.48   0.62   0.86  -1.06   0.58  -0.63  -1.37  -1.87   
2002 -2.25   0.18   0.42   0.23   0.69   1.78  -0.83  -1.64  -1.75  -1.36  -0.73  -0.69   
2003 -0.94  -1.32  -1.48  -1.25  -1.17  -1.56  -1.49   0.93   1.70   2.51   2.41   3.03   
2004 -0.92  -1.58  -2.32  -2.13   0.33  -0.40   0.51   0.44   0.87   0.28   0.26   0.68   
2005 -0.14  -0.38  -0.54   0.92   0.84   0.85  -0.76  -1.23  -1.74   2.70   3.17   2.66   
2006 2.98   2.40   1.18   0.68   2.12   3.83   4.14   3.83   3.29   4.55   0.03  -0.18   
2007 -0.11  -0.52   0.01   0.80  -0.38  -0.68  -0.03  -0.81  -1.22   0.26   0.17   0.52   
2008 0.13   2.18   2.89   2.39   1.19   1.31   1.35   1.61   1.83   2.19   2.01   2.94   
2009 -0.14  -0.70  -0.96  -1.64  -1.62   0.27   1.83   2.21   1.60   2.41  -0.40  -0.14   
2010 -0.52   0.54   0.63  -0.80  -1.38  -1.23  -1.50  -1.71  -2.39   2.45   2.08   2.34   
2011 1.75   1.65   2.22   2.36   2.24   2.92   2.43   5.40   6.28   6.26  -0.55  -0.51   
2012 -0.33  -1.28  -2.07  -2.33  -1.90  -1.88  -2.06  -2.81  -2.52  -1.94  -2.63  -1.46   
2013 -1.87  -2.06 -99.99 -99.99 -99.99 -99.99 -99.99 -99.99 -99.99 -99.99 -99.99 -99.99   
