1895 0.90   0.53   0.47   1.42   1.64   1.42   1.44  -0.55  -1.57  -1.80  -1.99  -2.14   
1896 -2.23   0.48   0.84  -0.81  -0.83   0.40   1.05  -0.33   0.40  -0.42  -0.29  -0.78   
1897 -1.05   1.09  -0.23  -0.52  -0.24  -0.44  -0.06  -0.38  -1.06   0.46   0.53   0.62   
1898 -0.41  -1.14  -1.27   0.22   0.46  -0.44  -0.27  -0.16  -0.34   0.67   0.86   0.97   
1899 1.03   2.13   2.80  -0.35  -0.56  -0.86  -0.82  -0.80  -0.77  -0.58  -1.06  -1.44   
1900 -1.35   0.62   0.73   0.54   0.04   0.70  -0.58  -1.50  -1.79  -2.31  -2.32  -2.36   
1901 -2.36  -2.77   0.07   1.27   1.83   1.77   2.16   3.04   3.07   2.63   2.22   3.39   
1902 2.91   3.46  -0.40  -0.61  -1.14  -0.91  -1.37  -1.75   0.46   1.18   1.32   1.71   
1903 1.76   2.30   2.77   2.91   1.94   2.72   2.51   2.70   2.26   2.43  -0.23  -0.36   
1904 -0.54  -0.45  -0.74  -0.98  -1.30   0.52   1.01   0.93   0.98   0.77   0.66   0.96   
1905 0.77   1.13  -0.57  -0.62   0.08   0.24   1.61   1.99  -0.07  -0.51  -1.05   0.84   
1906 0.97   0.63   1.17  -0.49  -0.82   0.68   1.62   3.21   2.57   3.35   2.85   2.69   
1907 1.59   1.31   0.60   1.06   1.23   2.29   1.81   1.71   2.01   1.57   2.27   2.56   
1908 2.62   2.83   1.95   1.45   1.64   1.70   2.17   2.96   2.67   2.93   2.32   2.43   
1909 1.80   1.57   1.48   1.40   1.46   2.19  -0.35  -0.23  -0.41  -0.79  -1.62  -1.72   
1910 -1.60  -1.40  -1.92   0.32   0.30   1.48   1.27   1.31  -0.34  -0.05  -0.29  -0.17   
1911 -0.25  -0.62  -0.59  -0.06  -1.19  -1.40  -2.14  -1.51  -2.00  -2.06   0.30   0.41   
1912 0.17   0.33   1.71   1.44   1.53   1.73  -0.19  -0.70  -0.18  -0.67  -0.94  -0.92   
1913 -1.03  -1.29   0.33   0.19   0.34   0.33   0.11   0.12   0.21   0.35  -0.42  -0.55   
1914 -0.55  -0.21  -0.25  -0.33  -1.19  -1.42  -1.58  -1.97  -2.16  -2.27  -2.32   0.61   
1915 1.44   0.04  -0.60  -1.40   0.18   0.83   0.57   1.22  -0.36  -0.25  -0.67  -0.53   
1916 -1.22  -0.86  -1.23  -1.37  -1.32   1.18   2.28  -0.26  -0.30  -0.54  -0.99  -0.96   
1917 -0.97  -1.02   0.60   0.42   0.11   0.56   1.50   1.20   1.55   2.18  -0.45  -0.61   
1918 0.71  -0.90  -1.00   1.20  -0.35   0.13   0.14   0.07   0.33  -0.65  -1.19   0.15   
1919 0.37   0.20   0.18   0.10   0.55   0.70   2.26  -0.01  -0.62  -1.39  -1.70  -1.91   
1920 -1.94   0.68   0.57   0.95   0.35   0.98   1.37   2.29   2.16   1.37   1.90   2.09   
1921 1.94  -0.08  -1.12  -1.29  -0.59  -1.03  -1.08  -1.67  -2.17  -2.71  -2.72  -3.04   
1922 0.26   0.77   1.10   0.57   0.52   1.11   2.09   2.19  -0.44  -0.41  -1.14   0.12   
1923 0.20   0.20   0.73   0.90  -0.45  -0.96  -0.58  -0.69  -0.63  -0.89  -1.04  -1.47   
1924 0.26   0.20   0.57   0.89   1.69   2.03   1.83   1.73   3.08   2.49   1.98   1.90   
1925 2.47  -0.74  -1.41  -1.68  -1.95  -2.36  -2.75  -3.00  -3.63  -3.59  -3.50  -3.48   
1926 -2.76  -2.22  -2.28  -2.45  -2.90  -2.91  -2.54  -2.28  -2.50  -2.66  -2.12  -1.57   
1927 -2.17  -2.01  -2.72   0.65   0.23   0.45   0.65   0.90   0.30   0.76   0.59   1.25   
1928 -0.45  -0.53  -0.95   0.81   0.60   1.09   0.89   2.21   3.66   2.70   1.87   1.16   
1929 0.88   1.44   1.07   1.07   1.12   1.94   1.64   1.20   1.30   2.21   2.05  -0.18   
1930 -0.16  -1.01  -1.62  -1.80  -2.32  -2.13  -3.02  -3.70  -4.24  -4.62  -4.91  -4.83   
1931 -5.27  -5.41  -4.75  -4.06  -3.05  -2.65  -2.39  -1.43  -1.42  -1.80  -2.79  -3.39   
1932 -2.94  -3.29  -2.51  -2.38  -2.20  -2.16  -2.43  -3.37  -3.82   0.63   0.75   1.13   
1933 1.04  -0.22  -0.84  -0.31  -0.22  -0.88   0.17   1.85  -0.54  -1.14  -1.63  -2.07   
1934 -2.61   0.71   1.34   0.82   1.70   1.27   1.83   1.65   2.85   2.00   1.93   1.46   
1935 1.61   1.22   0.71   1.49   1.43   1.33   1.83   2.05   3.30   2.62   2.71   2.44   
1936 3.76   3.86   3.58   3.53  -1.06  -0.94  -1.21  -1.83  -2.08  -2.20  -2.81   0.44   
1937 2.37   1.91   1.26   2.31   1.98   2.21   2.42   2.73   2.56   3.16   3.67   2.84   
1938 2.37   1.54   1.15   1.08   1.20   2.65   3.72   2.58   3.42   2.97   2.72   2.23   
1939 1.94   2.46   2.23   2.29   1.14   1.16   1.92   2.62  -0.86  -0.20  -0.01  -0.53   
1940 -0.77  -0.85  -1.14   0.83  -0.10  -0.75  -0.87   0.66   0.30   0.06   0.74  -0.52   
1941 -0.78  -1.17  -1.45  -1.39  -2.22  -2.07  -1.75  -2.19  -3.11  -3.97  -4.78  -5.03   
1942 -5.17  -5.24  -4.00  -4.71  -5.14  -5.03  -4.90   1.01   1.21   2.36  -0.51  -0.15   
1943 -0.46  -0.74  -0.72  -0.72  -0.56  -0.79  -0.86  -1.79  -1.69  -1.16  -1.46  -1.81   
1944 0.16   0.90   1.81   1.88  -1.18  -2.14  -2.38  -2.51  -1.80  -1.72  -1.27  -1.25   
1945 -1.45  -0.94  -2.29  -2.47   0.11   0.73   3.70   3.11   3.23   2.66   2.51   3.70   
1946 2.93   2.46   1.36   1.20   2.25   2.32   2.22   2.37  -0.04  -0.25  -0.56  -1.06   
1947 -0.68  -1.28  -1.45  -1.61  -1.85  -1.30  -1.35  -2.02  -1.62  -2.06   0.62   0.27   
1948 0.56   0.39   0.05   0.65   1.59   1.44   1.00   1.46   1.16   1.08   2.11   2.62   
1949 -0.55  -0.44  -0.95  -1.27   0.42   0.31   0.28   1.19   0.01  -0.19  -0.06  -0.43   
1950 -1.15  -1.77  -1.70  -1.93  -1.74  -2.12   1.03   1.01   1.26  -0.32  -0.63  -0.66   
1951 -1.37  -1.81  -1.81  -1.76  -1.93  -1.02  -1.15  -1.05  -1.71  -1.89   0.74   0.87   
1952 1.50   1.65   1.91   1.79  -0.25  -0.94  -1.62  -1.57  -1.95  -2.13  -1.41  -1.10   
1953 -1.39  -1.37  -1.27  -0.90  -1.15  -1.05  -1.96  -1.49  -1.29  -1.89  -2.16  -2.27   
1954 -1.48  -2.08  -1.88  -2.13  -1.32  -2.17  -2.35  -2.48  -3.03  -3.29  -3.58  -3.58   
1955 -4.03  -3.58  -3.36  -3.42  -3.69  -2.88  -3.18   1.56   2.42   0.01  -0.05  -0.50   
1956 -0.85  -0.33  -0.50  -0.31  -0.48  -0.79   0.84   0.65   0.75   1.79   1.68   1.49   
1957 1.46   1.88   1.99  -0.56  -1.16  -1.22  -2.18   0.22   0.32   0.99   1.83   2.61   
1958 2.54   2.61   3.34   3.48   3.91   4.29   3.70   4.81   3.62   3.79   3.23   3.44   
1959 -0.65  -1.15  -1.12  -0.43  -1.25  -1.86   1.10  -0.76  -0.98   0.94   1.27  -0.11   
1960 -0.29   0.44  -0.04  -0.56   0.75   0.48   1.15   1.51   2.55   2.70   1.93   1.69   
1961 1.60   2.28   2.15   1.89   2.77   3.45   2.54   2.12   1.24   1.88   1.29   2.03   
1962 2.55   2.38   2.44   2.64   1.83   2.36   2.53   2.00   1.90   1.31   2.18   2.21   
1963 1.83   1.68   1.79  -1.04  -1.20   1.63  -0.89  -1.58  -1.08  -1.92   0.54   0.57   
1964 0.79   1.49  -0.50  -0.28  -1.07  -1.33  -1.45   0.04   0.92   1.71  -0.33  -0.07   
1965 -0.44  -0.84  -0.68  -0.76  -1.81  -1.29  -0.62  -1.21  -1.79  -2.39  -3.42  -4.60   
1966 -4.51  -3.83  -4.29  -4.16  -3.33  -2.85  -3.03  -3.05  -2.45  -2.38  -2.90  -2.77   
1967 -2.78  -2.27  -2.65  -3.22  -2.74  -2.88  -2.57  -1.38  -1.46  -1.82  -1.97  -0.80   
1968 -0.85  -1.62  -1.27  -1.40  -1.37  -1.16  -1.16  -1.70  -2.20  -2.33  -2.23  -2.25   
1969 -2.26  -2.03  -1.46  -1.60  -1.95  -1.91   0.57   1.29   1.18   0.79   0.59   1.51   
1970 -0.43   0.05   0.32   0.50  -0.63  -0.82  -0.44  -1.18  -1.84  -2.49  -2.44  -2.55   
1971 0.00   0.36  -0.07  -0.34   1.01  -0.53  -0.92  -0.68  -0.90   1.46   0.03  -0.74   
1972 -0.92   0.65   0.28   0.30   0.98   2.36   2.23   1.47   1.82   2.34   3.24   3.16   
1973 2.55   2.44   2.18   2.36   2.12   2.27  -0.53  -0.15  -0.75  -1.15  -1.83   0.79   
1974 0.78   0.57   0.75   0.20   0.14   0.40   0.16   0.42   0.66  -0.42  -1.05   0.14   
1975 0.76   0.91   2.41   2.39   1.87   1.36   2.42   1.62   3.39   3.39   2.91   2.87   
1976 2.87  -0.89  -1.48  -2.36  -2.08  -1.98  -2.18  -2.48   0.48   1.55   1.35   1.43   
1977 -0.03  -0.46  -0.65  -1.10  -0.99  -1.36  -1.96  -2.47  -2.93   0.83   1.35   2.07   
1978 3.27   2.15   3.09   3.19   3.75   3.70   3.29   2.93   1.88   1.02   1.13   1.14   
1979 2.27   2.97   2.73   2.97   3.74   3.77   3.71   3.40   5.36   4.95   5.51  -0.54   
1980 -0.04  -0.44   0.57   0.60  -0.13  -1.15  -1.86  -2.84  -3.63  -2.75  -2.63  -2.87   
1981 -3.58  -3.30  -3.58  -3.44  -2.73  -2.50  -2.17  -1.98  -1.94  -1.67  -2.17   0.69   
1982 1.01   1.69   1.54   1.41   0.90   1.30   1.63   2.09   1.76   1.69   1.90   2.00   
1983 1.27   1.71   2.17   3.39   3.15   2.93  -1.29  -2.19   0.01   0.14   0.67   1.68   
1984 1.75   1.81   3.04   3.53   3.74  -0.60   0.58  -0.68  -1.25  -2.20  -2.34  -2.96   
1985 -2.69  -2.13  -2.59  -3.64  -3.55  -3.27  -3.02  -0.04   0.78   1.29   2.26  -0.63   
1986 -0.80  -0.98  -1.93  -2.41  -2.80  -3.56  -3.91  -2.88  -3.56  -3.81  -4.01   0.49   
1987 2.17   1.79   1.21   1.78  -0.44  -0.10  -1.08  -1.82  -1.57  -1.80  -1.74  -1.64   
1988 -1.58  -1.25  -1.61  -1.43  -0.72  -0.74  -0.99  -1.31  -1.58  -1.45  -0.99  -1.65   
1989 -2.02   0.74   2.11   2.80   2.78   3.21   3.24   3.70   3.81   3.85   3.99   3.66   
1990 3.25   2.62   2.16   1.86   2.77  -0.84  -1.14  -0.27  -0.68  -0.57  -1.01  -0.98   
1991 0.42  -1.02   0.43  -0.30  -1.52  -1.63  -1.60  -1.98  -1.96  -1.76  -2.45  -2.47   
1992 -2.50  -2.49  -2.10  -2.27   0.51   0.23   0.18   1.83   2.00   1.94   2.10   2.31   
1993 2.54   1.97   3.27   3.32   3.19  -0.29  -1.75  -2.60  -2.73  -2.60  -2.84   0.04   
1994 0.31   0.94   3.01  -0.95  -0.94  -1.58  -1.02  -1.29  -1.35  -1.58  -1.49  -2.19   
1995 -2.15  -2.39  -2.44  -2.63  -2.15  -1.71  -2.07  -3.03  -2.85   0.56   0.73   0.46   
1996 1.31   1.12   1.06   1.15   1.21   1.65   2.95   3.20   3.51   4.19   4.19   4.64   
1997 -0.41  -0.35  -0.40   0.39  -0.54  -0.90  -0.48  -1.32  -1.95   0.09   1.14   1.15   
1998 2.19   3.70   4.16   3.91   3.84   0.01  -0.68  -1.30  -1.64  -2.24  -2.96  -2.50   
1999 -1.62  -1.94  -1.42  -1.36  -2.00  -2.19  -2.25  -2.34   3.95   4.59   3.65   2.94   
2000 3.11   2.06   1.76   2.28   1.96   2.59   3.36   3.94   4.16  -0.82  -1.01  -1.13   
2001 -1.52  -1.72  -1.27  -1.67  -1.60   0.58   0.76   0.81  -0.42  -1.10  -2.27  -3.08   
2002 -2.87  -3.54  -3.15  -2.79  -2.67  -3.03  -3.52  -3.77  -3.68   0.89   1.67   2.22   
2003 1.79   2.64   2.68   3.53   4.08   4.01   4.44   4.44   5.98   5.76   5.24   5.80   
2004 4.68   3.74   2.56   2.76   2.08   2.92   4.16   5.97   5.74   5.34   5.18   0.03   
2005 -0.12  -0.54  -0.53  -0.67  -0.20  -0.33  -0.21  -0.45  -1.31   0.81   0.93   1.47   
2006 -0.27  -1.10  -2.35   0.04  -0.12   2.04   1.77   1.06   3.24   4.60   5.61  -0.34   
2007 -0.57  -0.83  -1.50  -0.92  -1.33  -1.23  -1.85  -2.08  -2.98  -2.66  -3.38  -3.20   
2008 -3.69  -3.30  -3.24   1.42   1.56  -0.59  -0.78  -1.48  -0.61  -1.02  -0.54  -0.03   
2009 -0.57  -1.62   0.81   0.32   0.63   1.15   1.04   1.36   1.84   1.78   4.02   5.59   
2010 5.34   5.10   5.23  -1.06  -1.06  -1.72  -2.75  -3.28  -1.75  -0.78  -1.28  -0.92   
2011 -1.19  -2.02  -1.82  -2.44  -2.85   0.03   0.41   2.27   3.36   3.18   2.92  -0.48   
2012 -1.12  -1.45  -2.10  -1.99  -1.95  -1.77  -2.21   0.38   0.12   1.48   0.83   1.00   
2013 1.16   1.39 -99.99 -99.99 -99.99 -99.99 -99.99 -99.99 -99.99 -99.99 -99.99 -99.99   
