1895 0.95   0.47   0.38   1.68   1.93  -0.29  -0.02  -0.72  -1.74  -1.96  -2.26  -2.36   
1896 -2.45   0.69   1.09   0.06   0.03   0.83   1.15   0.74   1.22  -0.82  -0.77  -1.39   
1897 -1.61   1.24  -0.11  -0.77  -0.57  -0.74  -0.61  -1.15  -1.84   0.81   0.82   0.92   
1898 -0.40  -1.18  -1.15   0.31   0.88   0.46   0.64   0.68   0.34   1.12   1.13   1.18   
1899 1.26   2.31   3.22  -0.48  -0.71  -0.66  -0.68  -0.67  -0.45  -0.37  -0.89  -1.23   
1900 -0.01   0.65   0.76   0.58   0.14   0.56  -0.59  -1.63  -1.75  -1.91  -1.98  -2.07   
1901 -2.08  -2.72  -0.01   1.39   1.90   2.36   2.75   3.88   3.76   3.12   2.61   3.85   
1902 3.43   4.05  -0.39  -0.55  -1.00  -0.83  -1.25  -1.67   0.15   0.57   0.56   0.91   
1903 1.17   1.70   2.22   2.48   1.56   2.56   2.41   2.51  -0.33  -0.28  -0.66  -0.85   
1904 -0.99  -1.11  -1.25  -1.47  -1.63   0.85   1.40  -0.09  -0.27  -0.78  -1.00  -0.50   
1905 -0.48  -0.16  -0.68  -0.74   0.18   0.24   1.35   1.66  -0.05  -0.67  -1.34   0.86   
1906 0.93   0.45   1.04  -0.41  -0.63   0.49   1.26   3.13   2.49   3.82   3.09   2.84   
1907 1.87   1.51   0.86   1.40   1.16   2.49   1.66   1.48   2.09   1.39   2.08   2.27   
1908 2.45   2.68   2.11   1.34   1.39   1.81   2.00   2.75   2.47   2.64   1.88   2.13   
1909 1.64   1.39   1.27   1.01   1.12   2.11  -0.57  -0.54  -0.60  -1.05  -1.96  -2.14   
1910 -1.93  -1.94  -2.65   0.68   0.51   1.88   0.03   0.07  -0.44   0.44   0.17   0.18   
1911 0.36  -0.32  -0.30  -0.01  -1.19  -1.28  -1.69  -1.16  -1.65  -1.75   0.21   0.39   
1912 0.06   0.18   1.54  -0.53  -0.19  -0.03  -0.65  -1.36  -0.77  -1.39  -1.64  -1.58   
1913 -1.65  -2.00   0.40   0.44   1.01   1.24  -0.13  -0.15  -0.16  -0.42  -0.80  -1.05   
1914 -0.81  -0.61  -0.61  -0.83  -1.63  -2.02  -1.98  -2.41  -2.88  -3.00  -3.04   0.74   
1915 1.65   1.76  -0.73  -1.47  -1.62   0.57   0.24   0.74  -0.27  -0.43  -1.12  -1.14   
1916 -1.84  -1.50  -1.82  -1.85  -1.80   1.25   2.02  -0.26  -0.25  -0.64  -1.11  -1.04   
1917 -1.07  -1.29   0.88   0.64   0.43   0.66   1.54  -0.28   0.06   0.29  -0.61  -0.85   
1918 0.87  -1.07  -1.15   1.51   0.84   1.40   1.24   1.28   1.55  -0.79  -1.31   0.21   
1919 0.48   0.23   0.12   0.13   0.56   1.06   2.34  -0.33  -0.94  -1.85  -2.26  -2.48   
1920 -2.59   0.95   0.82   0.92   0.29   1.20   1.47   2.48   2.36   1.30   1.95   1.96   
1921 1.85  -0.06  -1.13  -1.31  -0.78  -1.16  -1.18  -1.85  -2.20  -2.65  -2.71  -2.93   
1922 0.38   0.78   1.28   0.44   0.45   1.11   2.18   2.28  -0.50  -0.64  -1.49   0.16   
1923 0.31   0.27   0.75   0.93  -0.76  -1.19  -0.81  -0.69  -0.55  -1.01  -1.16  -1.53   
1924 0.31   0.21   0.44   0.86   2.14   2.44   1.97   1.86   2.97   2.44   1.97   1.92   
1925 2.53  -0.78  -1.46  -1.70  -1.95  -2.33  -2.88  -3.22  -3.89  -3.96  -3.97  -3.85   
1926 -3.14  -2.52  -2.59  -2.77  -3.03  -3.29  -3.10  -2.64  -2.63  -2.73  -2.07  -1.05   
1927 -1.68  -1.38  -2.13   0.68   0.23   0.19   0.37   0.64  -0.55  -0.46  -0.65   0.77   
1928 -0.33  -0.59  -0.99   0.87   0.37   0.46   0.00   1.44   2.63  -0.71  -1.27  -1.73   
1929 -1.76   0.54   0.31   0.51   0.74   1.62  -0.17  -0.59  -0.79   0.91   0.84  -0.30   
1930 -0.32  -1.08  -1.68  -1.80  -2.34  -2.14  -3.04  -3.78  -4.62  -4.88  -5.19  -5.09   
1931 -5.43  -5.30  -4.53  -3.82  -2.35  -2.19  -2.08  -1.05  -1.32  -2.00  -3.01  -3.26   
1932 -2.60  -2.89  -1.55  -1.82  -1.47  -1.78  -2.53  -3.45  -3.95   1.12   1.83   2.30   
1933 2.07   1.77   1.37   1.87   2.03  -0.57   0.34   0.59  -0.72  -1.45  -2.20  -2.46   
1934 -3.15   0.63   1.18   0.88   1.31   1.05   0.75   0.54   1.38   0.74   1.16   0.96   
1935 1.39   1.08   1.16   1.70   1.65   1.59   1.38   0.92   2.16   1.70   1.74   1.47   
1936 3.18   3.35   3.40   3.32  -1.25  -1.20  -1.69  -1.81  -2.28  -2.62  -3.28   0.05   
1937 2.23   1.94   1.03   3.01   2.32   2.72   2.96   3.82   3.70   4.42  -0.09  -0.78   
1938 -0.78  -1.32  -1.39  -1.80  -0.05   2.04   3.30  -0.74  -0.57  -1.11  -1.07  -0.97   
1939 -1.00  -0.31  -0.06  -0.29  -1.13   0.22   0.57   0.89  -0.85  -0.76  -0.81  -1.17   
1940 -0.83  -0.85  -1.23   0.74   0.49   0.68   1.16   3.14  -0.38  -0.80  -0.06  -0.48   
1941 -0.73  -1.34  -1.51  -1.38  -2.29  -1.71  -0.93  -1.42  -2.05  -3.08  -3.91  -3.99   
1942 -3.95  -4.06  -3.34  -4.10  -4.31   0.13   0.36   1.42   1.66   2.49  -0.35   0.34   
1943 -0.04  -0.50  -0.31  -0.42  -0.72  -0.78  -0.71  -1.74  -1.75  -2.21  -2.41  -2.65   
1944 -2.79   0.66   1.68   1.74  -0.80  -1.73  -1.53  -1.54   1.37  -0.07   0.13  -0.06   
1945 -0.26  -0.14  -1.50  -1.74  -1.03  -1.59   2.42   1.89   2.89   2.14   1.94   2.82   
1946 2.23   1.89   1.23   1.04   2.04   1.87   2.29  -0.14  -0.09  -0.38  -0.87  -1.20   
1947 -0.71  -0.95  -1.12  -1.27  -1.35  -1.30  -1.36  -2.05   0.40  -0.44   0.78   0.05   
1948 0.43   0.25   0.53   1.10   1.53   1.18   0.79   1.56   1.51   1.57   2.41   3.21   
1949 2.88   2.29   1.64   1.40   1.40   1.56   1.58   2.38   2.28   2.30  -0.18  -0.57   
1950 -1.07  -1.44  -1.36  -1.87   0.60   0.07   0.68   0.42   1.13  -0.20  -0.54  -0.33   
1951 -1.05  -1.25  -1.22  -0.95  -1.45   0.96  -0.17  -0.33  -0.65  -1.22   0.56   1.01   
1952 1.60   1.18   1.60   2.00  -0.09  -0.50  -1.05   0.47  -0.17  -0.64   0.89   0.73   
1953 0.66   0.40   0.57   0.62  -0.64  -0.93  -2.03  -2.99  -3.10  -3.32  -3.92  -3.79   
1954 -3.34  -3.73  -3.49  -3.56  -2.59  -2.97  -3.35  -3.48  -4.23  -3.65  -3.49  -3.22   
1955 -3.65   0.20  -0.08  -0.05  -0.27   0.18   0.11   2.27   2.25   2.23  -0.29  -0.99   
1956 -1.55  -1.06  -1.22  -1.14  -1.55  -1.47   0.98   0.67   0.97   1.37   1.46   1.16   
1957 1.03   1.47  -0.51  -0.64  -1.14  -1.18  -2.08   0.01   0.25   0.37   0.88   1.73   
1958 1.69   1.94   2.23   2.35   2.28   2.62   2.03   2.64  -0.28  -0.17  -0.57   0.65   
1959 -0.49  -1.01  -1.20  -0.70  -1.14  -1.58   1.06  -0.35  -0.64   0.31   0.77   0.60   
1960 0.23   1.06   1.13   0.86   1.33  -0.58   0.01   0.05   0.72  -0.19  -0.76  -0.86   
1961 -1.11   0.92   0.91   0.95   1.40   2.41   1.64   1.78   1.20   1.82   1.28   2.05   
1962 2.46   2.39   2.63   2.68   2.14   3.16   3.11  -0.21   0.27  -0.82   0.92  -0.01   
1963 -0.52  -0.67  -0.19  -1.15  -1.72  -1.58  -2.27  -2.92  -2.85  -3.69  -2.65  -2.57   
1964 -2.05  -1.19  -1.68  -1.59  -2.34  -2.72  -2.42  -2.25  -2.36  -1.92  -2.22  -2.03   
1965 -2.04  -1.78  -1.23  -1.36  -2.17  -1.98  -2.06  -2.22  -2.26  -2.46  -3.26  -4.42   
1966 -4.01  -3.25  -3.76  -3.60  -3.18  -2.85  -2.88  -3.24  -2.00  -1.36  -1.71  -1.31   
1967 -1.92  -1.73  -1.88  -2.51  -1.87  -1.76  -1.85  -1.13  -1.38  -1.53  -1.76  -0.72   
1968 -0.85  -1.61  -1.56  -1.94  -1.47  -1.36  -1.76  -1.93  -2.54  -2.73  -2.39  -2.48   
1969 -2.47  -2.13  -1.62  -1.90  -2.26   0.06   0.78   1.61   1.53  -0.46  -0.86   1.10   
1970 -0.64  -0.58  -0.47  -0.35  -1.04  -1.81  -1.51  -2.05  -2.88  -2.88  -2.48  -2.51   
1971 -2.51   0.98   0.73   0.30   2.22   1.80   1.23   1.45   1.17   2.91   2.89   1.74   
1972 1.17   1.93   1.25   1.10   2.05   4.10   4.04   3.46   3.33   4.94   5.74   5.42   
1973 4.61   4.41   4.01   4.47  -0.04  -0.47  -0.94  -0.80  -1.22  -1.33  -1.88   1.16   
1974 0.00  -0.27  -0.30  -0.79   0.37   0.68   0.56   0.78   1.64  -0.62  -1.04   0.42   
1975 0.87   0.72   2.40   1.93   1.48   1.78   3.36   2.80   4.53  -0.31  -0.56   0.23   
1976 0.69  -0.85  -1.42  -2.10  -1.91  -1.88  -2.18  -2.70   0.40   2.35  -0.16  -0.15   
1977 -0.40  -1.21  -1.61  -2.01  -2.06  -2.29  -3.11  -3.02  -3.12   0.89   1.35   1.96   
1978 3.75   2.40   2.87   3.16   3.24   3.30   3.12   3.32   2.65   1.76   1.58   1.82   
1979 2.63   3.64   2.97   2.75   2.34   2.35   1.89   1.88   3.57   4.18   4.22   3.16   
1980 3.63  -0.64   0.51   0.43   0.57  -0.89  -1.14  -2.15  -2.86  -2.22  -2.11  -2.78   
1981 -3.45  -3.19  -3.55  -3.60  -2.95  -3.11  -2.45  -2.32  -2.26  -1.89  -2.42   0.40   
1982 0.57   1.11   0.73   0.49   0.34   1.22   1.55   1.78   1.58   1.61   1.50   1.44   
1983 0.65   0.96   1.52   2.68   2.76  -0.02  -1.18  -2.15  -2.54   0.27   0.84   1.67   
1984 1.55   2.20   3.80   4.24   4.27  -0.65  -0.16  -0.38  -0.92  -1.23  -1.10  -1.59   
1985 -1.19  -0.84  -1.74  -2.81  -2.77  -2.78   0.11   1.18   0.94   1.18   3.28  -0.59   
1986 -0.86  -0.92  -1.48  -2.14  -2.21  -3.09  -3.50  -2.34  -2.87  -2.94  -2.86   0.61   
1987 1.43   1.01   0.67   2.18  -0.35  -0.23  -1.06  -1.78   0.77   0.49   0.86   0.83   
1988 -0.05  -0.39  -1.02  -1.04   0.10   0.02   0.27  -0.38  -0.67   0.00   0.56  -0.77   
1989 -1.36   0.47   1.03   1.45   1.84   2.60   2.92   2.71   3.05   3.08   3.00   2.51   
1990 2.38   1.84   1.34   1.42   2.46  -0.81  -1.33  -1.06  -1.77  -1.52  -1.96  -1.81   
1991 -1.35  -1.78  -1.18  -1.85  -2.72  -2.69  -2.16  -2.52  -2.42  -2.69  -3.33  -2.99   
1992 -3.04  -2.92  -2.38  -2.59   0.50  -0.13  -0.53  -0.20  -0.15  -0.35  -0.35   0.30   
1993 0.67   0.55   2.13   2.63   2.51  -0.31  -1.27  -1.97  -2.02  -2.14   0.55   1.20   
1994 1.27   1.86   3.46  -0.38  -0.56  -0.86   0.47   0.55   0.75  -0.34  -0.44  -1.25   
1995 -0.76  -1.19  -1.49  -1.88   0.52   1.78   0.04  -0.87  -0.96   1.15   1.43   1.04   
1996 1.82   1.70   1.55   1.18   1.28   0.91   1.31   1.42   2.60   3.08   3.20   3.67   
1997 -0.26  -0.29  -0.28   0.34  -0.68  -0.61  -0.28  -0.80  -1.01  -0.97   0.45   0.30   
1998 1.51   2.66   3.43   3.53   3.27   3.01  -0.91  -1.78  -2.35  -2.93  -3.65  -3.82   
1999 -3.30  -3.48  -3.05  -2.99  -3.18  -3.46  -3.41  -3.51   2.57   2.23   1.60   1.13   
2000 1.24   0.48   0.10   0.90   0.74   1.40   1.46   1.28   1.52  -0.95  -1.33  -1.57   
2001 -1.72  -1.98   0.69  -0.75   0.08   0.89   1.10  -0.19  -0.57  -1.35  -2.43  -2.99   
2002 -3.18  -3.78  -3.31  -3.40  -3.09  -3.43  -3.82  -3.76  -3.78   0.86   1.49   1.91   
2003 1.37   2.34   2.72   2.93   4.35   4.82   5.12   4.89   6.70   6.03   5.71   5.76   
2004 4.62   3.68   2.60   2.37   2.04   2.83   3.45   4.59   5.18   4.48   4.56  -0.14   
2005 -0.09  -0.70  -0.44  -0.79  -0.57  -1.20  -1.07  -1.64  -2.67  -1.80  -1.68  -0.76   
2006 -1.01  -1.37  -2.54  -2.88  -2.88   0.71   0.87   0.59   1.87   3.06   4.04  -0.57   
2007 -0.45  -0.78  -1.12  -0.93  -1.31  -1.05  -1.57  -1.66  -2.45  -2.03  -2.69  -2.51   
2008 -3.10  -3.06  -3.01  -1.48  -1.07  -1.66  -1.95  -1.84  -1.10  -1.53  -1.40  -0.91   
2009 -1.18  -2.13   0.40   0.05   0.31   0.95  -0.22  -0.46  -0.62  -0.69   1.85   3.85   
2010 3.65   3.42   3.53  -0.91  -0.92  -2.01  -3.29  -3.37  -2.94  -2.62  -2.94  -2.80   
2011 -3.12  -3.62  -2.89  -2.86  -2.62  -2.58  -2.58   0.31   1.30   1.53   1.77  -0.01   
2012 -0.60  -0.80  -1.24  -1.45  -1.72  -1.90  -2.27  -2.30  -2.07  -2.00  -2.70  -2.95   
2013 -1.95  -2.02 -99.99 -99.99 -99.99 -99.99 -99.99 -99.99 -99.99 -99.99 -99.99 -99.99   
