1895,0.89,0.36,0.40,1.35,1.65,-0.33,-0.02,-0.58,-1.66,-2.12,-2.41,-2.50
1896,-2.67,0.61,1.03,0.20,0.07,0.86,1.45,-0.44,0.51,-0.62,-0.43,-1.04
1897,-1.35,1.22,1.30,-0.67,-0.58,-0.78,-1.13,-1.77,-2.47,-2.24,-2.40,-2.10
1898,-2.19,-2.87,-2.71,0.49,0.96,0.54,0.79,0.95,0.81,1.75,1.50,1.40
1899,1.38,2.49,3.57,-0.42,-0.72,-0.73,-0.79,-0.98,-0.95,-1.09,-1.71,-2.07
1900,-2.02,-1.13,-0.81,-0.73,-1.08,-0.73,-1.18,-2.19,-2.04,-2.14,-2.06,-2.01
1901,-1.94,-2.60,-0.03,1.41,2.12,2.58,2.37,4.10,3.90,2.93,2.20,3.45
1902,3.01,3.59,-0.32,-0.55,-1.03,-0.86,-1.54,-1.89,-1.94,-1.86,-1.78,0.05
1903,0.32,1.12,1.81,2.15,1.36,2.22,-0.38,-0.27,-0.67,-0.79,-1.07,-1.36
1904,-1.48,-1.49,-1.56,-1.59,-1.60,0.64,0.81,-0.10,-0.56,-1.32,-1.44,0.26
1905,0.22,0.54,-0.59,-0.68,0.29,0.17,0.82,1.19,-0.10,-0.16,-0.93,1.02
1906,1.12,0.59,1.09,-0.39,-0.58,0.52,1.22,2.94,2.29,3.11,-0.28,-0.29
1907,-1.32,-1.35,-1.63,0.76,0.60,1.96,1.29,1.02,1.60,1.03,1.70,1.91
1908,2.07,2.39,1.89,1.39,1.40,1.80,1.90,2.78,2.59,2.66,1.90,2.19
1909,1.55,1.50,1.32,1.18,1.38,2.30,-0.11,-0.07,-0.20,-0.50,-1.43,-1.69
1910,-1.45,-1.38,-2.16,0.53,0.47,1.80,2.13,2.02,-0.50,-0.36,-0.74,-0.62
1911,-0.44,-0.78,-0.66,-0.03,-1.21,-1.29,-1.79,-1.43,-2.23,0.18,0.36,0.40
1912,0.09,0.24,1.58,1.26,1.43,-0.01,-0.70,-1.46,-0.96,-1.64,-1.77,-1.77
1913,-1.87,-2.10,0.47,0.33,1.08,1.23,-0.03,-0.20,-0.24,-0.11,-0.39,-0.51
1914,-0.48,-0.23,-0.19,-0.49,-1.30,-1.88,-1.88,-2.26,-2.73,-2.60,-2.47,1.11
1915,1.99,1.90,-0.73,-1.43,-1.79,0.55,0.34,0.90,-0.29,-0.14,-0.63,-0.57
1916,-1.22,-0.94,-1.51,-1.59,-1.50,1.10,1.58,-0.11,-0.27,-0.56,-1.05,-1.05
1917,-1.04,-1.20,1.16,0.99,0.80,0.91,1.38,-0.30,-0.36,-0.15,-0.83,-1.09
1918,0.87,-1.07,-1.22,1.42,0.70,1.17,0.98,0.94,1.24,1.06,0.58,0.94
1919,1.19,0.85,0.74,0.59,0.99,1.40,1.98,-0.33,-1.11,-1.22,-1.78,-1.96
1920,-2.06,0.81,0.77,0.93,0.28,0.92,1.06,2.19,2.00,0.93,1.74,1.75
1921,-0.03,-0.06,-1.08,-1.21,-0.72,-1.18,-1.54,-2.12,-2.66,-2.91,-3.08,-3.19
1922,0.43,0.90,1.56,0.92,0.98,1.38,2.08,2.18,-0.74,-0.76,-1.59,0.25
1923,0.35,0.34,0.97,1.06,-0.63,-0.97,-0.77,-0.51,-0.32,-0.93,-1.00,-1.25
1924,0.36,0.25,0.33,0.54,1.96,2.25,2.05,1.83,2.71,-0.55,-0.85,0.11
1925,0.86,-0.73,-1.49,-1.63,-1.84,-2.13,-2.94,-3.46,-4.12,-3.41,-3.31,-2.94
1926,-2.35,-1.89,-1.97,-2.12,-2.43,-2.87,-3.08,-2.57,-3.09,-2.94,0.48,1.33
1927,-0.95,-0.78,-1.44,-0.41,-0.93,-0.97,-0.70,-0.31,-0.81,-0.73,-0.88,0.94
1928,-0.41,-0.64,-0.99,0.73,0.29,0.80,0.28,1.65,2.99,-0.47,-1.06,-1.43
1929,-1.48,0.65,0.66,0.57,0.86,1.55,1.50,-0.43,-0.90,1.26,1.39,-0.34
1930,-0.38,-1.20,-1.69,-1.90,-2.32,-2.26,-3.19,-3.91,-4.67,-5.03,-5.05,-4.73
1931,-4.96,-5.11,-4.34,-3.76,-2.92,-2.70,-2.34,-1.22,-1.58,-2.29,-3.25,-3.38
1932,-2.70,-3.01,-1.81,-2.05,-2.12,-2.08,-2.88,-3.66,-3.78,1.18,2.03,2.39
1933,-0.35,-0.51,-0.51,0.39,0.67,-0.77,-0.79,-0.75,-1.70,-2.34,-2.93,-3.25
1934,-3.77,-3.51,0.72,0.70,0.65,0.71,-0.37,-0.63,1.13,0.77,1.46,1.23
1935,1.66,1.27,1.58,1.62,1.33,1.22,1.63,1.05,1.40,0.83,0.97,0.80
1936,2.32,2.49,2.75,2.82,-1.22,-1.43,-2.10,-2.39,-2.33,-2.28,-2.83,0.69
1937,2.63,2.36,1.32,2.12,1.56,1.68,2.35,3.67,3.33,5.03,-0.02,-0.64
1938,-0.59,-1.35,-2.00,-2.43,-0.05,1.28,2.30,-0.48,-0.84,-1.59,0.16,0.30
1939,0.12,1.28,-0.43,-0.63,-1.40,0.08,0.60,1.23,-0.84,-1.20,-1.48,-1.72
1940,-1.65,-1.57,-1.83,0.33,0.61,0.31,0.74,2.66,-0.50,-1.12,-0.43,-0.48
1941,-0.79,-1.50,-1.86,-1.88,-2.92,-2.61,-1.31,-1.94,-2.51,-3.37,-3.90,-3.66
1942,-3.52,-3.45,-3.29,-4.18,0.51,1.17,0.66,2.49,2.69,3.14,2.35,2.62
1943,2.36,1.63,1.72,1.59,1.33,1.85,1.80,-0.66,-1.11,-1.74,-2.37,-2.63
1944,-2.78,-1.82,-0.73,-0.75,-1.11,-1.57,-1.85,-2.22,2.11,2.00,-0.09,-0.22
1945,-0.41,-0.28,-1.47,-1.58,-1.21,-1.63,0.89,0.35,1.70,1.12,1.18,1.88
1946,1.81,-0.17,-0.77,-1.08,0.78,-0.43,-0.03,-0.50,-0.59,-1.00,-1.47,-1.92
1947,-1.11,-1.51,-1.51,-1.55,-1.66,0.14,0.21,0.08,0.51,0.68,1.45,-0.67
1948,0.17,0.03,0.50,0.80,1.28,1.48,0.97,1.39,1.43,1.41,2.44,3.21
1949,3.08,2.33,1.83,2.05,2.26,2.59,2.65,3.48,3.21,3.11,-0.35,-0.66
1950,-1.11,-1.35,-1.39,-1.88,1.05,1.12,1.66,1.46,2.30,-0.17,-0.41,0.42
1951,-0.61,-0.68,0.06,0.56,-0.60,1.23,0.03,-0.39,-1.01,-1.70,0.35,1.07
1952,1.20,1.06,1.78,2.05,1.93,1.19,0.77,1.49,1.32,0.72,1.21,1.08
1953,1.12,1.14,1.52,-0.10,-0.72,-0.48,-1.34,-1.92,-2.38,-2.91,-3.48,-3.09
1954,-2.32,-2.63,-2.17,-2.56,-2.09,-2.11,-2.11,-2.40,-3.04,0.73,1.21,1.42
1955,0.52,0.78,0.93,1.15,0.81,1.01,0.63,1.68,-0.29,-0.74,-1.09,-1.81
1956,-2.45,-1.84,-1.91,-1.47,-1.96,-2.28,-2.02,-2.38,-1.76,-1.32,-1.34,-1.69
1957,-1.53,-0.90,-1.27,-0.74,-1.26,-0.76,-1.46,-1.68,1.21,1.08,1.69,1.52
1958,1.64,1.74,1.90,2.11,2.14,2.04,-0.14,-0.01,-0.56,-0.91,-1.43,-0.87
1959,-1.16,-1.70,-1.74,-1.18,-1.84,-2.31,0.06,-0.08,0.31,0.99,0.72,0.62
1960,0.29,1.35,1.62,1.18,1.62,-0.62,-0.87,-0.89,-0.62,-1.05,-1.71,-2.20
1961,-2.32,0.73,0.85,1.20,0.94,1.85,1.25,1.74,1.15,1.06,0.83,1.55
1962,1.85,1.79,1.73,1.66,1.14,1.84,1.80,-0.36,-0.20,-0.83,0.97,0.98
1963,-0.56,-0.77,-0.25,-1.18,-1.81,-2.37,-2.84,-3.49,-3.31,-4.08,-3.05,-3.24
1964,-2.36,-1.48,-1.86,-1.73,-2.28,-2.91,0.56,0.52,0.41,0.53,0.39,0.43
1965,0.20,0.65,0.90,-0.38,-1.14,-1.35,-1.25,-1.46,-1.80,-1.65,-2.25,-3.22
1966,-2.77,-1.99,-2.46,-2.57,-2.24,-2.58,-3.03,-3.17,-2.23,-1.68,-1.84,-1.69
1967,-1.98,-1.96,-2.10,-2.77,-2.23,-2.64,-2.64,1.11,0.92,0.74,0.24,1.32
1968,0.05,-0.98,-1.02,-1.20,-0.95,-1.18,-1.04,-1.23,-1.68,-1.40,-1.17,-1.37
1969,-1.53,-1.41,-0.96,-1.42,-1.57,0.46,0.91,1.19,1.12,-0.41,-0.77,0.89
1970,-0.56,-0.60,-0.81,-0.82,-1.20,-1.65,-1.14,-0.84,-1.57,0.52,0.77,0.41
1971,0.09,0.81,0.48,0.07,1.91,1.41,1.22,1.25,1.30,2.36,2.21,1.14
1972,0.81,1.50,0.76,0.77,1.79,3.64,3.81,3.04,2.87,3.43,4.18,4.31
1973,3.86,3.71,3.76,4.02,3.72,3.15,2.49,2.26,1.48,1.37,0.66,1.83
1974,1.89,1.52,1.06,0.90,1.22,1.25,0.91,1.21,1.76,-0.58,-0.93,0.33
1975,0.67,0.59,2.69,1.94,1.98,1.91,2.65,2.35,3.40,-0.08,-0.35,0.03
1976,0.38,-0.67,-1.18,-1.88,-1.23,-0.77,-1.50,-2.06,0.00,2.19,-0.13,0.20
1977,-0.48,-1.23,-1.56,-1.63,-2.13,-2.11,-3.22,-3.38,-3.49,0.63,1.23,1.47
1978,3.19,1.94,2.28,2.94,3.37,2.95,3.16,2.89,1.98,1.07,0.83,1.01
1979,2.24,3.13,2.83,2.75,2.36,2.96,2.37,2.01,3.73,3.89,3.71,-0.74
1980,-0.24,-0.89,0.73,1.15,-0.07,-0.43,-0.43,-1.45,-2.14,-2.19,-2.19,-3.04
1981,-3.84,-3.37,-3.55,-3.69,-3.46,-3.47,0.37,-0.34,0.29,0.66,-0.64,0.33
1982,0.77,1.44,0.94,0.78,0.63,1.61,1.50,1.39,-0.32,-0.31,-0.16,-0.32
1983,-0.92,0.40,0.90,2.58,-0.04,-0.05,-1.04,-1.75,-2.40,0.60,1.24,2.09
1984,1.67,2.22,3.04,3.23,3.30,2.18,2.91,3.21,-0.48,-0.75,-0.83,-1.40
1985,-1.24,-0.83,-1.79,-2.63,-2.12,-2.43,0.21,1.91,1.03,0.98,2.87,-0.59
1986,-1.25,-1.33,-2.03,-2.82,-3.18,-3.96,-4.47,-3.67,-3.74,-3.81,0.12,0.70
1987,1.24,0.98,1.09,3.13,-0.71,-0.85,-1.34,-2.28,1.55,-0.35,0.37,0.39
1988,-0.20,-0.79,-1.38,-1.26,-1.00,-1.23,-0.72,-0.80,-0.98,-1.19,-0.63,-1.21
1989,-1.74,0.17,0.35,0.53,1.56,2.79,4.09,3.83,4.44,4.34,3.78,3.16
1990,2.98,2.94,2.51,2.24,3.40,2.47,2.07,1.58,0.73,2.53,1.83,2.03
1991,2.05,1.33,2.15,-0.30,-0.88,-1.14,-0.66,-1.26,-1.80,-2.56,-2.79,0.21
1992,0.29,-0.10,-0.37,0.40,0.91,0.97,0.86,0.66,0.81,0.62,1.46,1.41
1993,1.86,1.81,3.27,3.43,-0.29,-0.55,-0.97,-1.57,-1.74,-2.09,0.15,0.66
1994,1.12,1.53,2.87,-0.77,-1.30,-1.29,1.36,1.51,-0.17,-0.50,-0.71,-1.27
1995,0.83,-0.25,-1.01,-1.76,0.39,2.61,2.24,1.19,0.84,1.67,1.84,1.17
1996,1.88,1.68,1.64,1.07,1.47,1.41,1.15,1.66,3.84,3.50,3.48,3.90
1997,3.47,3.09,2.91,3.08,2.04,2.03,1.79,1.21,1.22,0.89,1.16,1.08
1998,2.58,3.63,3.74,4.01,4.35,-0.29,-1.20,-1.32,-2.13,-2.70,-3.32,-3.25
1999,-2.56,-2.69,-2.68,-2.59,-2.96,-3.51,-3.56,-3.79,1.95,-0.21,-0.47,-0.62
2000,-0.31,-0.96,-1.22,0.64,0.11,0.54,0.49,0.45,0.86,-0.88,-1.21,-1.55
2001,-1.66,-2.15,-1.51,-2.23,-1.45,-1.21,-1.06,-1.33,-1.49,-2.08,-2.96,-3.18
2002,-3.27,-3.81,-3.21,-3.69,-3.30,-3.64,-3.68,-3.90,-3.82,0.50,1.12,1.51
2003,1.05,2.23,2.40,2.82,4.45,5.56,6.05,6.09,6.77,6.02,5.73,5.47
2004,4.37,3.67,2.52,2.33,1.68,2.08,2.15,2.32,3.19,2.62,2.94,-0.16
2005,-0.07,-0.63,-0.53,-0.79,-0.93,-1.16,-0.81,-1.21,-2.07,0.63,0.85,0.99
2006,-0.22,-0.75,-1.88,-2.46,-2.87,0.86,0.59,0.22,0.98,2.01,2.55,-0.52
2007,-0.22,-0.43,-0.51,-0.39,-0.97,-0.95,-1.14,-2.08,-2.55,-1.90,-2.51,-2.48
2008,-3.02,-3.06,-3.08,-2.08,-1.75,-2.19,-2.38,-1.98,-1.65,-1.89,-1.67,-1.18
2009,-1.02,-1.75,0.04,-0.12,0.75,1.24,-0.07,-0.23,-0.35,-0.40,1.64,2.82
2010,3.38,3.07,3.13,-0.73,-0.69,-1.34,-2.23,-1.80,-1.41,-1.26,-1.36,-1.18
2011,-1.77,-2.28,-1.45,-0.95,-0.59,-0.88,-1.45,-1.83,0.64,0.89,1.33,1.75
2012,-0.31,-0.86,-0.68,-0.88,-0.79,-0.92,-1.18,-1.33,-1.15,-1.26,-1.86,-1.90
2013,1.57,1.08,-99.99,-99.99,-99.99,-99.99,-99.99,-99.99,-99.99,-99.99,-99.99,-99.99
