1895 0.76   0.28   0.28   0.80   0.98   0.52   0.85  -0.62  -1.64  -2.07  -2.54  -2.75   
1896 -2.94   0.44   0.92  -0.76  -1.01   0.88   2.10   1.47   1.89  -0.50  -0.32  -0.90   
1897 -1.28   1.31  -0.12  -0.81  -0.65  -0.76  -1.12  -1.89  -2.49  -2.54  -2.94  -2.78   
1898 -2.67  -3.19  -2.92   0.39   0.84   0.60   0.90   1.42   1.11   2.00   1.63   1.62   
1899 1.63   2.47   3.46  -0.66  -0.89  -0.82  -1.00  -1.27  -1.05  -1.32  -2.05  -2.48   
1900 -2.46  -1.68  -1.19  -1.43  -1.70  -0.90  -1.23  -2.17  -2.28  -2.31  -2.28  -2.38   
1901 -2.19  -2.86  -2.63   1.55   2.28   2.73   1.98   3.42   3.30   2.31   1.66   2.93   
1902 2.69   3.21  -0.16  -0.36  -0.86  -0.65  -1.43  -1.96  -2.18  -2.23  -2.29   0.03   
1903 0.39   1.11   1.60   1.91   1.08   1.92  -0.58  -0.63  -1.04  -1.21  -1.36  -1.61   
1904 -1.67  -1.68  -1.69  -1.56  -1.62  -0.71  -0.74  -0.89  -1.42  -2.09  -2.33   0.18   
1905 0.23   0.39  -0.38  -0.63   0.25   0.48   0.96   1.23  -0.12   0.19  -0.75   0.86   
1906 0.94   0.34   0.87   0.54   0.14   0.29   0.77   2.51   1.79   2.50   2.12   2.02   
1907 1.46   1.13   0.94   1.50   1.26   2.43   2.11   1.99   2.53   2.00   2.57   2.61   
1908 2.74   2.85   2.73   2.20   2.27   2.72   2.62   3.20   2.82   2.66   1.94   2.25   
1909 1.90   1.68   1.43   1.37   1.42   2.23  -0.08  -0.07  -0.19  -0.33  -1.30  -1.57   
1910 -0.87  -0.92  -1.95   0.41   0.34   1.59   2.12   0.00  -0.37  -0.45  -0.81   0.04   
1911 0.85   0.44   0.51   0.95  -1.23  -1.12  -1.64  -1.17  -1.61   0.47   0.56   0.61   
1912 0.23   0.30   1.44  -0.22   0.21  -0.05  -0.23  -0.96  -0.55  -1.25  -1.51  -1.57   
1913 -1.60  -1.86   0.29   0.20   0.88   1.02   1.23  -0.16  -0.21   0.21  -0.04  -0.19   
1914 0.21   0.36   0.35  -0.18  -1.05  -1.65  -1.55  -1.93  -2.55  -2.50  -2.56   0.86   
1915 1.67   1.60  -0.73  -1.49  -1.82   0.53   0.42   0.78   0.51   0.67  -0.41  -0.28   
1916 -0.71  -0.34  -0.48  -0.60  -0.68   1.11   1.15  -0.07  -0.12  -0.38  -0.93  -0.85   
1917 -0.75  -0.88   1.30   1.01   0.95   1.00   1.33  -0.42  -0.53  -0.26  -0.97  -1.22   
1918 0.90  -0.93   0.03   1.31   0.70   1.46   1.04   1.07   1.26   1.24   0.75   1.05   
1919 1.36  -0.29  -0.52  -0.62   0.44   1.00   1.33  -0.46  -1.13  -0.89  -1.39  -1.35   
1920 -1.41   0.83   0.68   0.82   0.15   0.94   1.02   1.93   1.77   0.72   1.67   0.01   
1921 0.02  -0.11  -1.22  -1.60  -1.09  -1.37  -1.82  -2.31  -2.70  -2.83  -3.04  -3.04   
1922 0.41   0.77   1.34   0.65   0.59   0.92   1.48   1.64  -0.60  -0.66  -1.49   0.24   
1923 0.45   0.51   0.84   0.86  -0.71  -0.81  -0.62  -0.35  -0.18  -0.83  -0.90  -1.00   
1924 0.44   0.26   0.51   0.62   2.05   2.24   2.06   1.98   2.93  -0.59  -0.80   0.10   
1925 0.81  -0.68  -1.25  -1.43  -1.61  -1.97  -2.69  -3.34  -4.02  -2.85  -2.77  -2.38   
1926 -1.84  -1.34  -1.42  -1.65  -2.04  -2.37  -2.75   0.33  -0.33   0.06   0.66   1.69   
1927 -0.56  -0.29  -1.13   1.10  -0.45  -0.46   0.31   0.66   0.11   0.18   0.08   0.88   
1928 -0.23  -0.56  -0.68   0.74   0.23   1.02  -0.55   1.38   2.53  -0.37  -0.88  -1.15   
1929 -1.29   0.46   0.38   0.53   0.85   1.49   1.48  -0.44  -1.03   1.35   1.72  -0.30   
1930 -0.62  -1.31  -1.59  -1.85  -2.39  -2.54  -3.76  -4.58  -5.46  -5.70  -5.81  -5.73   
1931 -5.89  -5.75  -5.08  -4.47  -3.67  -3.34  -2.70  -1.22  -1.32  -1.91  -2.88  -3.18   
1932 -2.67  -2.53  -1.51  -1.73  -1.52  -1.38  -1.91  -2.69  -3.19   1.70   2.29   2.37   
1933 2.11   1.86   1.75   2.42   2.45  -0.79  -0.02  -0.19  -1.18  -1.82  -2.49  -2.81   
1934 -3.43  -3.13  -2.19  -2.22  -2.65  -2.46   0.20   0.36   0.87   0.45   1.49   1.70   
1935 2.69   2.30   2.59   2.81   2.30   2.11   1.78   1.70   2.05   1.60   1.82   1.60   
1936 2.91   3.18   4.11   0.04  -0.82  -1.02  -1.61  -2.19  -2.27  -1.85  -2.52   0.57   
1937 2.17   1.96   1.01   1.58   0.93   0.96   1.19   2.52   2.27   3.82   0.03  -0.55   
1938 -0.74  -1.54  -2.02  -2.38   0.02   1.10   1.74  -0.17  -0.46  -1.26   0.27   0.25   
1939 0.42   1.06  -0.53  -0.67  -1.41  -1.61   0.82   1.13  -0.65  -1.06  -1.26  -1.75   
1940 -1.72  -1.61  -1.91   0.40   1.34   1.67   2.41   4.93  -0.43  -0.97  -0.57  -0.49   
1941 -0.77  -1.60  -1.88  -2.07  -2.96  -2.45  -1.48  -1.83  -2.42  -3.16  -3.62  -3.35   
1942 -3.37  -3.45  -3.34  -4.08   1.19   2.14   1.37   2.69   3.05   3.55   2.92   3.02   
1943 2.63   1.70   1.85   1.86   2.06   2.07   2.62  -0.58  -1.12  -1.39  -1.85  -2.09   
1944 -2.15  -1.42  -0.76  -0.97  -1.01  -1.26  -1.77  -2.14   1.15   1.30  -0.26  -0.20   
1945 -0.42  -0.32  -1.06  -1.44  -1.22  -1.42   0.51  -0.61   1.44  -0.62   0.30   0.71   
1946 0.70  -0.14  -0.60  -0.85  -0.41  -0.45  -0.02  -0.34  -0.77  -0.87  -1.50  -1.78   
1947 -0.74  -1.08  -1.16  -1.42  -1.68   0.36   0.70   0.84   0.95   1.03   1.66   0.87   
1948 0.79   0.60   0.86   1.17   1.88   2.08   1.73   2.41   2.80   2.77   3.70   4.55   
1949 4.54   3.59   2.76   3.14   3.01   3.79   4.28   5.03   4.54   4.07   3.36   2.84   
1950 2.17   1.88   1.46   0.80   1.73   1.38   1.82   1.40   2.68   1.94   1.69   2.25   
1951 1.60   1.48   1.67   1.97   1.26   2.20   2.05  -0.55  -1.07  -1.97   0.13   0.90   
1952 1.54   1.36   1.81   2.21   2.16  -0.71  -1.51   0.78   0.92   0.34   0.67   0.81   
1953 0.84   0.86   1.41  -0.06  -0.26  -0.06  -0.92  -1.62  -2.13  -2.86  -3.50  -3.52   
1954 -3.13  -3.16  -2.31  -2.78  -2.53  -2.41  -2.16  -2.04  -2.52   1.18   1.68   2.05   
1955 1.14   1.39   2.03  -0.28  -0.88   0.37   0.02   1.02  -0.37  -0.92  -1.27  -1.93   
1956 -2.39  -1.63  -1.61  -1.49  -2.08  -2.16  -1.74  -1.98   0.56   0.93  -0.41  -0.81   
1957 0.23   0.86   0.16   0.78   0.29   0.91  -0.86  -1.72   0.89   0.74   0.76   0.75   
1958 1.04   1.21   1.62   1.66   1.62   1.18   1.40   1.39  -0.48  -1.10  -1.69  -1.81   
1959 -1.88  -2.44  -2.27   0.40  -0.30  -0.36   0.34   0.23   0.67   1.43   1.24   1.08   
1960 0.63   1.82   1.95   1.34   2.17  -0.44  -1.19  -1.27  -1.18  -1.61  -2.36  -2.98   
1961 -3.29   0.56   0.44   0.98   0.82   1.20   0.88   1.10   0.93   1.26   1.24   1.89   
1962 1.57   1.56   1.96   1.83  -0.41  -0.18  -0.16  -0.56  -0.73  -1.21   0.58   0.82   
1963 -0.60  -0.80  -0.16  -1.12  -1.98  -2.43  -2.90  -3.41  -3.37  -4.22  -3.51  -3.63   
1964 -2.69  -1.71  -2.03  -1.78  -2.58  -3.12  -3.39  -3.53  -3.41  -3.39  -3.31  -3.10   
1965 -2.31  -1.58  -1.19  -1.11  -1.46  -1.71  -1.78  -2.29  -2.57  -2.33  -2.94  -3.97   
1966 -3.50  -2.48  -3.16  -2.64  -2.52  -3.03  -3.59  -3.54   1.26   1.48   1.34   1.47   
1967 -0.57  -0.79  -0.12  -0.84  -0.34  -0.81   0.07   1.16   1.26   1.33   0.82   1.50   
1968 -0.02  -0.93  -0.95  -1.14  -1.00  -1.13  -1.32  -1.34  -1.84  -0.96  -0.68  -0.92   
1969 -1.08  -1.13  -1.25  -1.73  -2.23   0.16   1.30   2.37   2.56   1.90   1.49   2.40   
1970 -0.52  -0.52  -0.77  -0.56  -1.29  -1.29  -1.18  -0.99  -1.60   0.39   0.86   0.60   
1971 0.41   1.15  -0.38  -0.73   1.44   1.29   1.50   1.05   1.33   1.64  -0.17  -0.96   
1972 -1.10   0.92   0.11   0.23   0.88   2.98   3.68   2.80   2.51   3.10   4.01   4.32   
1973 3.84   3.73   3.82   4.18   4.36   3.80   3.23   2.83   2.01   2.04   1.49   2.91   
1974 2.94   2.16   1.71   1.04   1.24   1.75   1.73   1.85   1.92   1.40   0.86   1.11   
1975 1.19   1.25   2.39   1.98   2.03   1.67   1.72   1.32   2.37   0.04  -0.40  -0.29   
1976 -0.06  -0.83  -1.35  -2.08   0.39   0.72  -0.37  -0.89   0.45   2.47  -0.29  -0.32   
1977 -0.89  -1.56  -1.89  -1.77  -2.62  -2.72  -3.61  -3.63  -3.74   0.24   1.07   1.00   
1978 2.40  -0.85   0.55   0.53   0.86   0.37   0.48   0.65  -0.81  -1.47  -1.71   0.17   
1979 1.43   2.06   1.75   1.55   1.50   2.41   2.10   1.93   3.26   3.71   3.68   2.77   
1980 2.93   1.92   2.42   3.08  -0.36  -1.11  -0.94  -1.39  -1.82  -2.19  -2.17  -3.03   
1981 -3.90  -3.81  -4.08  -4.31  -3.28  -3.19  -2.93  -3.39  -3.19  -2.57  -3.01  -2.81   
1982 0.33   0.96   1.03   0.91   0.45   1.28   1.38  -0.10  -0.18  -0.20   0.27  -0.14   
1983 -0.68   0.25   0.44   1.73   1.87  -0.16  -0.85  -1.48  -2.15   0.56   0.80   1.92   
1984 1.26   2.03   2.50   3.08   2.60   1.39   1.50   2.68  -0.24  -0.27   0.39  -0.38   
1985 -0.54  -0.20  -0.89  -1.58   0.37  -0.47   0.34   0.63  -0.91  -0.95   2.93  -0.63   
1986 -1.20  -1.14  -1.56  -2.08  -2.35  -2.86  -3.36  -3.46  -3.69  -4.08   0.16   0.51   
1987 1.03   0.93   0.74   2.87  -0.33  -0.90  -1.63  -2.53  -0.85  -1.13  -0.75  -0.83   
1988 -0.93  -1.44  -2.16  -2.27  -1.79  -2.21  -1.90  -1.96  -1.87  -2.22  -1.89  -2.23   
1989 -2.27  -2.26  -2.19   0.43   1.27   2.12   2.57   2.62   3.46   3.47   0.02  -0.16   
1990 -0.33  -0.45  -0.84  -1.03  -0.19  -0.85  -1.00  -1.11  -1.62   1.41   0.66   1.17   
1991 1.41   0.85   1.80  -0.48  -1.34  -1.39   1.00  -0.64  -1.61  -2.51  -2.66   0.45   
1992 0.12   0.30   0.17   0.60   0.98   1.14  -0.18  -0.72  -1.03  -1.52   0.43   0.44   
1993 0.35   0.45   2.02   2.15  -0.47  -0.78  -1.58  -2.38  -2.33  -2.72  -2.79   0.37   
1994 1.00   1.72   2.58  -0.25  -0.61  -1.10  -0.68  -0.42  -1.09  -1.62  -2.27  -2.78   
1995 -1.28  -1.47  -2.14  -2.52   0.27   2.63   2.02   1.03   0.65   0.76   1.02   0.81   
1996 2.57   2.19   2.36   1.62   2.31   2.74   2.36   2.60   4.44   3.70   4.24   4.14   
1997 -0.09  -0.47  -0.25  -0.36  -0.66  -0.21  -0.41  -0.78  -0.78  -1.22   0.45   0.46   
1998 2.23   3.56   3.67   4.06   4.01   3.80  -1.05  -1.37  -2.25  -2.76  -3.47  -3.99   
1999 -3.14  -3.02  -2.65  -2.85  -2.94  -3.61  -4.09  -4.18   1.26  -0.26  -0.36  -0.42   
2000 -0.68  -0.95  -0.96   0.58   0.34   0.92   1.55   1.72   2.72  -0.89  -1.09  -1.27   
2001 -1.33  -2.00  -1.34  -2.01  -1.37  -1.51  -0.81  -0.96  -1.14  -1.80  -2.76  -3.18   
2002 -3.64  -4.29  -3.72  -2.83  -2.70  -3.01  -2.47  -3.16  -0.04   0.36   1.04   1.47   
2003 0.94   2.56   2.10   2.35   3.93   5.02   4.95   4.84   6.10   5.27   5.74   5.55   
2004 4.53   4.19   3.14   3.27   3.18   3.21   3.18   2.62   4.40   3.67   3.82   3.50   
2005 -0.10  -0.44   0.21   0.40  -0.31  -0.63   0.73  -0.11  -1.10   0.19   0.90   0.80   
2006 0.81  -0.53  -1.40  -1.27  -1.76   1.93   1.59   1.26   1.50   2.55   2.90   2.25   
2007 2.05   1.84   1.89   2.15  -0.45   0.41  -0.32  -0.74  -1.23  -1.09  -1.65  -1.48   
2008 -1.76  -1.73  -1.82  -1.06  -0.94  -0.96  -0.98  -0.82  -0.99  -1.51  -1.61  -1.23   
2009 -0.95  -1.59  -1.62   0.36   1.61   1.53   1.86   1.46   1.46   1.27   1.82   3.32   
2010 3.61   3.25   3.12  -0.82  -0.74  -1.57  -1.80  -2.08  -1.83  -1.91  -1.93  -1.89   
2011 -2.38  -2.62   0.85   2.33   2.44  -0.32  -1.01  -1.33   0.63   0.70   0.96   1.57   
2012 -0.09  -0.59  -0.34  -0.36  -0.20  -0.36  -0.39   0.13   0.43  -0.37  -1.08  -1.34   
2013 1.13  -0.49 -99.99 -99.99 -99.99 -99.99 -99.99 -99.99 -99.99 -99.99 -99.99 -99.99   
