1895 0.80  -0.56  -0.43  -0.22  -0.08  -0.49   0.70  -0.36  -1.40  -1.80  -2.14  -2.21   
1896 -2.38  -2.19   0.77  -0.68  -0.79   0.65   1.94   1.44   1.80  -0.41   0.48  -0.69   
1897 -1.22   1.19   1.66  -0.23  -0.22  -0.36  -0.70  -1.40  -2.18  -2.48  -3.10  -2.87   
1898 -2.54  -3.36  -3.08   0.59   0.90   0.48   0.82   1.05   1.15   2.01   1.60   1.26   
1899 1.34   2.00   3.23  -0.42  -0.51  -0.52  -0.73  -1.04  -1.27  -1.57  -2.41  -2.68   
1900 -2.66  -2.22  -1.88  -1.88  -2.13  -1.72  -1.81  -2.62  -2.80  -2.84  -2.30  -2.28   
1901 -2.12  -3.00  -2.90   1.26   2.07   2.45   1.37   2.95   3.03   2.08   1.34   2.59   
1902 2.21   2.56  -0.04  -0.56  -1.03  -0.75  -1.62  -1.84  -2.19  -2.35  -2.37  -0.02   
1903 -0.03   0.86   1.14   1.53   0.80   1.46  -0.50  -0.69  -1.16  -1.35  -1.33  -1.56   
1904 -1.73  -1.88  -1.74  -1.62  -1.56  -1.13  -1.12  -1.12  -1.64  -2.34  -2.78  -2.32   
1905 -2.28  -1.98  -2.27  -2.36   0.57   0.35   0.80   1.01   0.75   0.93  -0.48   0.76   
1906 1.11  -1.10   0.48  -0.64  -1.02   0.46   1.08   2.28   2.16   2.68   2.86   2.68   
1907 1.64   1.20   0.72   1.29   1.07   2.22   1.85   1.69   1.92   1.43   1.92   1.90   
1908 2.00   1.81   1.56   1.73   1.73   1.84   1.56   2.17   1.83   1.72   1.31   1.59   
1909 1.06   0.68   0.57   0.88   1.11   1.86   1.79   1.67  -0.12  -0.22  -1.06  -1.43   
1910 -0.90  -1.15  -2.35   0.26   0.40   1.53   2.65   2.44   2.01   1.63   1.09   1.04   
1911 1.72   1.08   0.91   2.05  -1.26  -1.38  -1.80  -1.93  -2.46   0.26   0.34   0.55   
1912 0.10   0.10   1.25   1.96   1.93  -0.01  -0.10  -0.61  -0.51  -1.21  -1.63  -1.74   
1913 0.27  -0.30   0.42  -0.53   0.69   0.68   0.65   0.33   0.37   0.59   0.62  -0.21   
1914 -0.53  -0.42  -0.28  -0.62  -1.56  -2.27  -2.16  -2.46  -2.81  -2.72  -3.03  -1.60   
1915 -0.85  -0.96  -1.60  -2.51  -2.68   0.32   0.42   0.61   0.52   0.69   0.65   0.87   
1916 0.90   1.02  -0.51  -0.88  -0.92   0.83   0.72   0.78  -0.09  -0.29  -0.87  -0.82   
1917 -0.49  -0.74   1.56   1.51   1.54   1.49   1.74  -0.26   0.15   0.39  -0.62  -1.04   
1918 1.02  -1.02  -1.30   1.02  -0.43  -0.12  -0.44   0.12   0.38   0.64   0.26   0.54   
1919 1.06  -0.48  -0.41  -0.65   0.57   0.85  -0.12  -0.64  -1.47   0.15   0.07   0.05   
1920 0.09   0.72   0.64   1.06  -0.50   0.36   0.40   1.24   1.24  -0.83   0.85   0.81   
1921 0.73  -0.15  -1.07  -1.17  -1.02  -1.40  -1.92  -2.24  -2.58  -2.74  -2.60  -2.49   
1922 0.27   0.39   1.34   1.10   1.11   1.20   1.75   1.96  -0.67  -0.74  -1.42   0.58   
1923 0.65   0.69   1.27   1.31  -0.49  -0.64   0.09   0.56   0.70   0.10   0.13   0.20   
1924 0.68   0.31   0.26   0.12   1.68   1.88   1.58   1.47   2.52  -0.64  -0.86  -0.53   
1925 -0.01  -0.66  -1.38  -1.57  -1.72  -1.94  -2.58  -3.07  -3.72  -2.53  -2.19  -2.11   
1926 -1.53  -1.37  -1.48  -1.61  -2.06  -2.36  -2.69  -2.16  -2.75  -2.54   0.45   1.97   
1927 1.19   1.38   0.80   2.02   1.58   1.37   1.49   1.82   1.38   1.32   1.48   2.21   
1928 -0.49  -1.23  -1.39   0.51   0.07   1.20  -0.57   0.87   2.09  -0.21  -0.41  -0.85   
1929 -1.01   0.24   0.42   0.01   0.93   1.19   1.16  -0.32  -0.57   1.28   1.86  -0.39   
1930 -0.82  -1.54  -1.78  -2.42  -2.87  -3.01  -4.31  -4.73  -5.35  -5.53  -5.85  -5.75   
1931 -6.02  -5.94  -5.45   0.39   0.80   0.16   1.17   1.72  -0.47  -1.15  -2.03   0.34   
1932 0.57   0.80   1.28   1.09   0.98   1.66  -0.89  -1.09  -1.41   0.73   0.83   1.48   
1933 1.35   1.62   1.34   1.06   1.40  -0.63  -0.44  -1.08  -2.03  -2.72  -3.44  -3.70   
1934 -4.05  -3.51  -1.83  -1.61  -2.39  -2.72  -2.97   0.27   0.34   0.08   0.49   0.18   
1935 1.13   0.89   2.21   2.50   2.48   2.20   2.69   1.83   1.39   1.04   1.36   0.86   
1936 1.90   1.80   2.13   2.35  -1.25  -1.90  -2.09  -1.73  -1.32  -1.19  -1.67   0.63   
1937 2.30   2.24  -0.91  -0.91  -1.46   0.17   0.16   1.59   1.33   3.63  -0.35  -0.68   
1938 -0.67  -1.37  -1.54  -1.52   0.69   1.23   2.60  -0.27   0.27  -0.84   0.44   0.03   
1939 0.14   1.04  -0.45  -0.67  -1.42  -1.19  -0.90  -0.90  -1.72  -2.27  -3.06  -3.45   
1940 -3.64  -3.49  -3.37   0.52   0.78   1.12   1.70   3.94  -0.54  -1.10  -1.32  -1.56   
1941 -1.90  -2.60  -2.51  -2.70  -3.80  -3.21  -1.59  -1.78  -2.13  -2.73  -3.21  -3.18   
1942 -3.14  -3.37  -3.04  -4.15   0.39   1.51   1.37   2.68   3.06   3.14   2.73   3.45   
1943 -0.20  -0.70  -0.37  -0.40  -0.31  -0.32  -0.20  -1.01  -1.52  -1.94  -2.39  -2.59   
1944 -2.88   1.72   2.17  -0.18  -0.54  -0.84  -1.55  -1.86   0.75   1.03  -0.04   0.08   
1945 -0.34   0.31  -0.96  -1.27   0.72   0.92   1.39   1.05   2.04   1.55   1.69   1.77   
1946 2.17  -0.27  -0.71  -0.93  -0.38  -0.82  -0.61  -0.89  -1.17  -1.58  -2.23  -2.36   
1947 1.52  -0.48  -0.57  -1.01  -1.41   0.55   0.21   0.84   0.94   0.87   0.97  -0.76   
1948 -0.69  -0.62  -0.38  -0.67  -0.80   0.32   0.48   0.93   0.68   0.32   1.33   2.11   
1949 -0.07  -0.64  -0.98   0.82   0.57   0.87   1.88   3.33   2.84   2.67   2.69   2.19   
1950 2.34   1.86   1.67   0.71   1.74   1.91   2.21   2.16   2.23  -0.63  -0.46  -0.12   
1951 -0.65  -0.82   0.27   0.57   0.53   0.78  -0.22  -0.65  -0.65  -1.36   0.44   0.95   
1952 1.22  -0.50   0.59  -0.20  -0.47  -1.32  -2.22  -1.43  -1.81  -2.42  -2.14  -2.11   
1953 -2.00  -1.58  -1.22  -1.41  -1.31  -0.82  -1.32  -1.88  -2.22  -3.11  -3.99  -3.97   
1954 -2.67  -3.06  -2.68  -3.12  -2.57  -3.24  -3.10  -3.20  -3.65  -3.22  -3.16   0.43   
1955 -0.53   0.73   2.28  -0.26  -1.08  -1.05  -1.61  -1.82  -2.61  -2.94  -3.30  -3.83   
1956 -4.19   1.16   1.22   1.84   1.24   0.93   1.57   0.72   1.38   1.14   1.01   0.71   
1957 2.23   2.96  -0.69  -0.10  -0.77  -0.19  -0.87  -1.51   1.68   1.39   2.16   2.55   
1958 2.19   1.94   1.87   2.30   2.65   2.27   2.09   2.45  -0.59  -1.02  -1.46  -1.12   
1959 -1.22  -1.80  -1.66  -1.00  -1.35  -1.86  -2.22   0.07   0.87   1.69   1.89   1.70   
1960 1.19   1.79   1.95  -0.73  -0.74  -0.88  -0.79  -0.58  -0.94  -1.04  -1.59  -1.84   
1961 -1.97   0.69   0.51   0.74   0.72   1.12   1.21   1.34   0.69   0.87   0.90   1.95   
1962 2.13   2.37   2.07   1.68   1.08   1.25   1.51   0.87   1.12   0.92   1.65   2.03   
1963 1.39   0.72   2.00  -1.07  -1.29  -1.78  -2.11  -2.58  -2.63  -3.72  -3.21  -3.59   
1964 -3.07  -2.42  -2.24  -2.05  -2.59  -2.81  -2.64   0.17   0.11   0.66   0.67   0.53   
1965 0.44   0.30   0.82  -0.18  -0.62  -0.80  -0.69  -0.88  -1.30  -1.21  -2.01  -3.24   
1966 -3.16  -2.47  -3.25  -2.61  -2.61  -3.11   0.42   0.39   1.54   1.83   2.03   2.00   
1967 -0.60  -0.77  -1.05  -1.30  -0.92  -1.37   0.21   0.66   0.57   0.45   0.35   0.92   
1968 0.84  -1.21  -1.30   0.35   0.72  -0.47  -0.65  -0.91  -1.43  -0.89  -1.01  -1.18   
1969 -1.54  -1.20  -1.40  -1.89  -2.59  -2.45  -2.64  -2.37  -2.51  -2.79  -2.87  -1.65   
1970 -2.05  -2.16  -2.76  -1.94  -2.66  -2.74  -2.94  -2.20  -2.46  -2.17  -2.20  -2.19   
1971 -2.08  -1.63  -1.97  -0.01   1.53   1.58   1.69   1.22   1.34   1.99   1.77   0.77   
1972 1.55   1.99   1.33   1.81   2.29   3.75   3.76   3.05   3.62   3.74   4.09   4.48   
1973 3.70   3.26   3.54   3.82   4.57   4.06   3.95   3.30   2.68   2.93   3.06   3.91   
1974 4.00   3.67   3.39   2.86   3.17   3.76   2.75   2.14   2.17   1.78   1.47   1.63   
1975 1.70   1.59   3.61   3.02   3.31   3.11  -0.50  -1.10   0.95   1.22  -0.27  -0.30   
1976 -0.17  -0.77  -1.13  -2.18  -2.09   1.02   0.66   0.28   0.88   2.89  -0.23  -0.29   
1977 -0.89  -1.60  -1.82   1.11  -0.94  -0.24  -1.02   0.25   0.17   1.53   3.03   2.38   
1978 2.83  -1.03   0.28   0.69   0.96   0.49   0.57   0.94  -0.90  -1.50  -1.60   0.72   
1979 1.68   1.99   1.87   1.85   1.80   2.60   2.99   2.38   3.46   3.38   3.91  -0.46   
1980 -0.21  -1.08   0.60   1.10  -0.21  -0.73  -0.09  -0.37  -0.51  -0.49  -0.60  -1.38   
1981 -2.19  -1.93  -2.19  -2.27   0.70   0.49   0.72   0.22   0.54   0.88   0.14   0.24   
1982 0.79   1.60   1.20   0.96   0.57   1.36   1.47   1.60   1.48   1.69   2.28   1.98   
1983 1.20   1.05   0.97   1.71   1.91  -0.34  -1.43  -1.92  -2.44   0.63   0.67   1.34   
1984 0.63   1.29   1.24   1.68   2.42  -0.37  -0.44  -0.61  -1.25  -1.43  -1.13  -1.47   
1985 -1.70  -1.44  -2.27  -2.82  -2.42  -2.52   0.20   1.31   0.41   0.15   1.65  -0.69   
1986 -1.28  -1.07  -1.78  -2.70  -2.11  -2.89  -3.21   0.28   0.36   0.10   0.61   1.04   
1987 1.31   1.60   1.46   3.50  -0.69  -0.99  -1.59  -2.51  -1.76  -2.03  -1.99  -1.63   
1988 -1.90  -2.32  -3.24  -2.98  -3.04  -3.37  -3.31  -3.36  -2.67  -2.47  -1.89  -2.07   
1989 -2.13  -2.03  -2.22   0.02   0.73   2.00   2.27   2.34   4.33   4.45   4.48   3.49   
1990 2.87   2.85   2.26   1.77   2.79   1.91   1.62   1.47   1.07   2.19   1.41   1.90   
1991 1.61   1.38   2.37  -0.54  -0.42  -0.38  -0.20  -0.68  -0.94  -1.84   0.06   1.41   
1992 -0.37  -0.61  -0.61  -0.68   0.36   1.16  -0.10  -0.04  -0.32  -0.36   0.15   0.55   
1993 0.23   0.29   1.52   1.46  -0.34  -0.79  -1.65  -1.73  -1.55  -1.66  -1.65   0.95   
1994 1.30   2.38   3.54   3.39   2.74   2.29   2.57   3.02  -0.33  -0.49  -1.05  -1.57   
1995 1.23   0.04  -0.68  -1.43   0.52   1.70  -1.09  -2.08  -2.04  -0.01   0.46   0.17   
1996 1.50   1.41   1.62   1.20   2.00   1.60   1.44   2.13   2.76   2.50   3.17   3.33   
1997 3.00   2.46   2.66  -0.08  -0.12   0.16  -0.52  -1.33  -1.49  -2.06  -2.37  -2.53   
1998 1.15   1.14   1.06   2.34   2.84   3.19  -0.78  -0.87  -1.68  -2.22  -3.20  -2.94   
1999 -2.23  -2.20  -2.22  -2.17  -2.17  -2.66  -2.86  -3.24  -2.92  -3.08  -3.15  -3.51   
2000 -3.17  -3.44  -3.62  -2.72  -3.21  -2.61  -1.80  -1.37  -1.11  -1.93  -2.29  -2.45   
2001 -2.51  -2.60  -2.27  -3.06   0.86   1.05   2.32  -0.32  -0.41  -0.97  -2.10  -2.59   
2002 -1.96  -2.79   0.97  -0.31  -0.21  -0.48  -0.41  -0.98  -0.90   0.36   1.33   1.65   
2003 1.01   2.99   1.85   2.55   2.87   3.91   4.42   4.17   4.34   3.71   4.47   4.15   
2004 3.84   3.17   2.35   2.44   2.77   3.51   2.73   2.28   3.75   3.58   3.51   3.64   
2005 0.04  -0.52   0.17   0.53  -0.42  -0.75  -0.36  -0.91  -1.90  -2.03  -2.11  -2.13   
2006 -1.90  -2.42  -3.15   0.44   0.24   1.36   0.86   0.60   1.31   2.19   2.17  -0.58   
2007 -0.68  -1.40  -1.71  -0.89  -1.72  -1.94  -1.68  -2.86  -3.67  -3.37  -3.85  -3.97   
2008 -3.84  -3.80  -3.52  -2.84  -2.94  -2.94  -2.56  -2.07  -2.32  -2.64  -2.74   0.59   
2009 1.19   0.36   0.41   0.11   1.21   1.59   1.86   1.90   2.48   2.44   2.29   3.35   
2010 3.45  -0.24  -0.48  -1.02  -0.68  -0.58  -1.14  -0.66  -0.82  -1.02  -1.23   0.68   
2011 -0.74  -1.31   1.07   1.86   2.28  -0.39  -0.52  -1.12   1.06   1.27   1.97   2.22   
2012 -0.19  -0.24  -0.36   0.41  -0.20  -0.64   0.27   0.08   0.67   0.79   0.12   0.11   
2013 2.32   1.47 -99.99 -99.99 -99.99 -99.99 -99.99 -99.99 -99.99 -99.99 -99.99 -99.99   
