1895 -0.17  -0.45  -0.57   0.86   1.89  -0.43  -0.55  -0.95  -0.83  -1.86  -1.79   1.25   
1896 1.65   2.51   1.67   2.33   2.51   2.42   1.59   1.45   1.02   0.82   1.37   2.12   
1897 1.77   1.90   1.90   1.27   0.94   1.04   1.82   1.86   1.84   0.98   1.62   2.64   
1898 1.93   2.94   1.77   1.37   0.88   1.28   1.12   0.89   1.59   1.33   1.28   0.69   
1899 1.11   1.86   1.03   2.01   2.41   2.23   1.79   3.19   2.97   2.97   3.99   3.01   
1900 2.33   2.02   1.85   1.26   1.88   2.35   2.46   2.50   2.23   2.70   1.96   2.01   
1901 1.44   1.62   0.84   1.73   1.72   1.87   1.82  -0.44  -0.08  -0.51   0.51  -1.13   
1902 -1.26   1.33   1.16   1.32   1.44   1.07   1.75   1.65   1.67   0.98   1.23   1.42   
1903 -0.50  -1.20  -1.25  -1.33  -1.32   0.13   0.30   0.78   1.44  -0.45  -0.27  -1.26   
1904 -1.59  -1.22  -0.92  -0.98  -1.36  -1.24  -0.87  -1.05  -1.70  -2.10  -1.36  -1.73   
1905 -2.00  -2.41  -2.60  -3.32   0.17   0.73   0.40   0.45   0.88   1.20  -0.93  -1.28   
1906 -1.68  -1.96  -3.09  -4.03  -3.36  -2.68  -2.76  -3.21  -2.04  -1.45  -0.82  -1.15   
1907 -1.58  -1.35  -2.10  -1.96  -2.04  -2.19  -2.11  -1.53  -1.10  -2.07  -1.80  -1.79   
1908 -1.79   0.27   0.91   0.87   0.87  -0.67  -0.53  -0.08  -1.02  -0.81  -0.95  -1.34   
1909 -1.76  -0.95  -1.71  -2.30  -2.16  -2.34  -1.84  -1.84  -2.22  -2.10  -1.05  -1.96   
1910 -1.99  -1.69  -1.96  -2.06  -2.21  -2.12  -2.34  -2.44  -2.60  -1.85  -1.55  -2.05   
1911 -2.58  -2.98  -3.89  -4.41  -3.42  -3.59  -3.62  -3.50  -2.41  -3.21  -2.84  -3.19   
1912 -2.97  -3.00  -3.84  -3.89  -3.70   0.01   0.15   2.32  -0.17  -0.15  -0.11  -0.41   
1913 -0.41  -1.02  -1.65  -2.16  -1.91  -1.34  -1.47  -1.44  -0.99  -0.74  -0.56  -1.62   
1914 -0.77  -1.21  -1.86  -1.70  -2.03  -1.93  -1.93  -2.37  -1.80  -1.40  -1.11  -2.19   
1915 -2.37  -2.48  -2.96  -2.52  -2.31  -2.64  -2.48  -2.93  -3.46   0.38   0.63   0.69   
1916 -0.77   0.46   1.66   1.46   1.27   1.23   2.20  -0.25  -0.61  -1.23  -1.41  -2.28   
1917 -2.37  -3.10  -2.79  -1.28  -1.72  -1.17  -1.19  -1.51  -1.80  -2.55  -2.48  -1.27   
1918 -1.51  -1.07  -1.22  -2.01  -1.95  -2.36  -1.91  -1.06  -1.97  -1.30  -1.62  -1.76   
1919 -1.27  -1.34  -1.61  -1.31  -1.06  -1.22  -1.38  -1.58  -1.58  -1.89  -1.25  -1.88   
1920 -1.87  -2.99  -3.23   0.29  -0.31   0.06   0.30   1.05   2.36   2.52   1.97   1.83   
1921 1.85   2.02  -0.32  -0.19  -0.74  -0.72  -1.08   0.06   0.36   0.55   0.58  -0.78   
1922 -1.54  -2.25  -2.22  -2.17  -2.29  -2.93  -3.46  -2.67  -2.50  -2.40  -3.28  -3.19   
1923 -2.60  -2.95  -3.48  -3.84  -3.68  -3.45  -2.99  -2.44  -2.63  -2.63  -3.16  -3.14   
1924 -3.13  -2.48  -3.60  -3.90  -4.33  -4.48  -4.26  -3.70  -3.37  -2.71  -2.68  -3.03   
1925 -2.72  -2.39  -3.10  -3.28  -3.24  -3.47  -3.71  -3.57  -4.04  -4.27  -3.86  -3.84   
1926 -3.69  -3.13  -4.15  -4.61  -3.81  -3.88  -4.17   0.86   1.07   1.16  -0.35  -0.65   
1927 -0.63  -0.19  -0.57  -0.76  -0.39  -0.68  -1.04   0.62   1.80   2.20   2.27  -1.00   
1928 -0.92  -1.72   1.10   1.98  -0.48  -0.83  -0.97  -1.48  -1.92  -1.18  -1.45  -1.81   
1929 -2.48  -3.14  -3.00  -2.34  -2.11  -1.54  -1.43  -1.36  -1.96  -2.34  -3.16  -3.41   
1930 -3.76  -2.40  -2.70  -2.59  -2.30  -1.95  -2.18  -2.67  -2.67  -2.22  -2.72  -3.43   
1931 0.42  -0.39   0.62   0.78   0.05   1.47  -0.55  -1.03   0.91   0.79   0.59   1.12   
1932 0.89   1.55   2.10   2.50   1.61   0.96   1.84   1.86   1.14   0.82   1.45   1.56   
1933 1.84   1.56   2.21   0.94   1.70   1.45   1.22   0.63   1.92   1.90   0.94   3.30   
1934 3.41  -0.85  -0.99  -1.89  -1.22  -1.70   0.46   0.41   0.28   0.62   0.96   0.93   
1935 2.23   1.59   2.05  -0.72  -1.39  -1.50  -1.68  -1.82  -1.61  -1.99  -2.68  -2.99   
1936 -2.52  -2.42  -2.48  -3.20   0.41   1.40   1.61   1.58  -0.46  -1.48  -2.42  -1.81   
1937 -2.51  -1.88  -2.52   1.62   1.57   2.48   1.73   2.18   1.72   1.47   2.09   0.05   
1938 -0.56  -1.02  -0.72  -0.73  -1.10  -1.71  -2.13  -2.51  -2.81  -2.31  -2.56  -2.54   
1939 -2.02  -1.99  -2.51  -3.13  -2.65  -2.37  -1.79  -1.89  -2.13  -2.12  -2.25   0.86   
1940 0.32   1.07   1.10  -0.24  -0.28  -1.00  -0.65  -0.79  -1.11   0.83  -0.54  -0.77   
1941 -0.93  -1.61  -2.68  -3.27  -1.89  -1.75  -2.16  -1.51  -0.58  -0.82  -1.19  -0.99   
1942 -1.52  -2.13  -2.59  -2.56  -2.73  -1.64  -1.11  -1.51  -2.18  -2.11  -1.77  -1.79   
1943 -2.27  -2.54  -2.43  -1.72  -1.54  -1.60  -1.57  -1.03  -1.60  -1.42  -2.35  -2.78   
1944 -2.64  -3.10  -3.44  -2.98  -3.03  -3.30  -3.58  -3.77  -3.31  -3.47  -3.02  -4.08   
1945 -3.65  -3.28  -1.97  -2.13  -1.68  -2.15  -2.06  -2.44  -1.94  -2.12   0.41   0.14   
1946 0.20   0.48   0.83   1.58  -1.02   0.87   0.91  -0.42  -0.79  -0.81  -0.95  -1.08   
1947 -0.79  -0.87  -1.72  -1.53  -2.11   0.54   1.12   0.75   0.35   1.80  -0.80  -0.55   
1948 -0.98  -0.55  -1.02   0.40   1.97   1.20   1.03   1.67   2.35   1.61   2.07   2.04   
1949 -1.13  -0.33  -0.86  -1.07  -1.45  -1.59   0.13   0.21  -0.29  -0.35   0.52   0.97   
1950 0.78   1.84   2.94   3.43   2.91   2.12   1.88   2.16   1.60   2.48   2.27   2.64   
1951 2.74   3.49  -0.13  -1.20  -1.49  -2.16  -2.63  -3.14  -2.55  -1.81  -1.62  -2.07   
1952 -1.73  -2.07  -2.12  -2.38  -2.52  -1.96  -2.10  -1.62  -2.22  -2.97  -3.29   0.45   
1953 2.18   1.51   1.26   0.94   1.26   1.21   0.93   1.05   1.10   0.86   0.83   1.17   
1954 1.75   2.16  -0.80  -0.53  -1.17   0.33   0.67   1.37   1.19   0.76   1.56  -0.36   
1955 -0.97  -1.37   0.12   1.06   0.68   0.63   1.78   1.30   0.88   1.77   2.30   2.20   
1956 2.25   1.93   2.91  -1.25  -1.85   0.84   0.56   0.34   0.78   1.59  -1.02  -0.73   
1957 -1.31  -1.18  -0.60  -0.77  -1.14   0.11   0.68   1.09  -0.49  -0.70  -1.36   0.34   
1958 0.68   0.96  -0.75  -0.07  -0.83  -1.24  -1.97  -2.21  -2.11   0.13   0.53   0.38   
1959 0.48  -0.43   0.28   1.15   0.91   1.17   0.93   0.79   2.02  -0.37  -0.24  -0.60   
1960 -0.60  -0.53  -0.56   0.59   1.82  -0.31  -0.93  -0.30  -0.73  -0.37  -0.22  -1.04   
1961 0.57   2.54   2.93   2.72   2.52  -0.48  -0.88  -1.01  -1.41  -1.02  -1.04  -0.91   
1962 -1.37  -2.22  -2.33   0.40   0.55   0.63   0.28   1.12   1.23   0.93   1.69  -0.31   
1963 -1.12  -1.20  -1.57   0.20  -0.21  -0.28   0.61   0.62   0.12   0.72   1.42   0.84   
1964 1.51  -0.73  -0.50  -0.55  -0.66   0.36   1.08   1.85   2.18  -0.73  -0.48  -0.83   
1965 -0.39  -0.07  -1.51  -1.45  -1.09  -1.55  -1.89  -1.57  -2.22  -2.13  -2.12  -2.06   
1966 -1.78  -2.08  -1.54  -2.22  -2.30  -2.11  -2.09  -2.03  -2.20   0.10   0.03   1.21   
1967 1.82   1.61   1.83  -0.10  -0.76  -1.52  -2.08  -2.84  -2.78   1.88   1.07   1.24   
1968 1.67   1.77   2.31   2.08   1.87   2.48   2.09   3.02   3.53   3.60   3.16   3.28   
1969 2.95   2.31   1.57   2.07   1.86   1.45   0.98   0.82   2.17  -0.57  -1.27  -1.28   
1970 -1.02  -1.66  -2.08  -0.60  -0.90  -1.36  -1.39  -1.85   0.74   0.58   0.40   1.15   
1971 1.58   1.22   2.52   2.09   1.70   2.01   1.70   1.66   1.99   1.70   1.58   1.65   
1972 1.60   2.25   2.93   3.74  -0.83  -1.38   1.09   0.54   1.27  -1.13  -1.38  -0.48   
1973 -0.26  -1.12  -1.31  -1.96   0.41   1.33  -0.32  -0.68  -0.67  -0.61   0.67   1.33   
1974 1.80   2.13   3.19   3.41   4.22   3.84   4.67  -0.32  -0.96  -1.81  -1.35  -0.82   
1975 -0.60  -0.60  -0.67  -1.10  -0.79  -0.83  -1.25   1.54   0.58   2.64   3.04   3.63   
1976 3.49   3.39   3.38   2.58   2.43   2.21   2.38   3.07  -0.34  -1.02  -2.08  -3.08   
1977 -3.55  -3.63  -2.96  -3.46   0.87   0.44   0.28   1.07   1.59   1.15   1.64   1.75   
1978 -0.53  -1.14  -1.68  -1.66   0.64  -0.15  -0.52   0.93   2.73  -1.13  -1.61  -2.60   
1979 -3.27  -1.80  -2.26  -2.15  -2.02  -2.09  -1.68  -1.76  -1.50  -1.27  -2.05   1.43   
1980 -0.57   0.61  -0.33  -0.24  -0.64  -0.72  -0.60  -0.62  -0.29  -1.16   0.78   0.95   
1981 -1.02  -0.59  -1.01   1.22   1.05   2.23   1.81   1.19   1.68   2.10   1.81   1.90   
1982 2.13   3.15   2.71   3.37  -0.74  -1.18  -1.27  -1.45  -1.52   0.51   0.31   0.41   
1983 0.67   1.46   2.02   1.31   0.89   1.32   3.19   2.96   2.83   1.75   3.09   2.05   
1984 1.97   1.94   1.60   1.80   2.98   3.00  -0.49  -0.79  -0.83   0.58   1.11  -0.61   
1985 -1.82  -2.27  -2.22  -2.00  -2.23  -1.99  -2.32  -2.35  -2.13  -0.95  -1.48  -3.01   
1986 -2.42  -2.09  -2.18  -2.04  -1.02  -1.31  -0.98  -1.58  -1.41  -1.64  -1.25  -1.88   
1987 -1.71  -2.01  -1.40  -1.55  -0.73  -1.17  -1.25  -1.79  -2.44  -3.33  -2.93  -2.77   
1988 -2.91  -3.41  -2.72  -2.16  -0.84  -0.78  -0.67  -0.92  -0.79  -1.16  -0.64  -1.26   
1989 -1.28  -1.71  -1.21  -1.34  -1.38  -1.37  -0.79  -0.57  -1.45  -1.32  -1.07  -1.91   
1990 0.58   1.34  -0.42  -0.63   0.03   0.74  -0.36  -0.31  -1.37   0.85   2.03   1.55   
1991 1.20   1.60   0.94   1.78   1.63   1.34   0.90   2.95  -0.83  -1.68  -0.95  -1.53   
1992 -0.71  -1.24  -2.77  -1.39  -2.22  -2.71  -3.10  -3.25  -3.10  -3.01  -2.87  -3.39   
1993 -3.47  -4.62  -4.13  -2.41  -1.72  -1.01  -0.81  -1.02  -1.96  -2.39  -2.81  -2.56   
1994 -2.60  -1.90  -1.94  -1.89  -1.84  -1.21  -1.24  -1.43  -1.66   0.29   0.72   1.63   
1995 1.50   1.35   1.33   1.25  -0.70  -0.84  -0.92   0.55   0.31   0.74   1.88   1.79   
1996 1.66   1.75  -1.13   1.64   1.75  -0.32  -0.58  -0.87  -0.91   0.86   0.73   1.64   
1997 1.96   1.26   3.29   3.55   3.60   4.23   4.24   4.31   5.52   5.92  -0.46  -1.01   
1998 -0.30  -0.17  -0.28  -1.09  -1.18  -1.44  -1.38  -1.99  -2.82  -2.76   1.51   2.59   
1999 2.65   4.64   4.65   3.55   3.44   3.29   2.88   2.63   1.53   1.51   2.17   2.68   
2000 0.04  -0.63  -0.96  -1.26   0.68   1.51  -0.20  -0.40  -0.36  -0.64  -1.51  -2.43   
2001 -2.69  -3.42  -3.60   0.38   0.62   0.94   0.72   2.04   1.63   1.61   1.98   2.22   
2002 2.39   2.05   1.72   1.89   1.66   1.75  -0.47  -1.04  -1.53  -2.45  -1.94  -1.68   
2003 -1.24  -2.07   1.52   1.84  -0.53  -1.21  -1.71  -2.36  -2.69  -0.99  -0.69  -1.25   
2004 -1.17  -1.66  -1.89  -2.66  -2.47  -2.35  -2.60  -1.41  -0.77  -0.69  -1.10  -1.51   
2005 -1.51  -2.65   0.06   0.57   0.83   0.55   0.85  -0.40  -0.50  -0.15  -0.41  -0.54   
2006 1.19  -0.75  -0.76  -1.11  -1.24  -1.15  -1.41  -1.90  -2.29  -2.77   2.12   1.54   
2007 1.22   1.24   2.09   1.75   1.19   1.28   1.85  -0.07  -0.21   0.31  -0.61  -0.37   
2008 -0.56  -1.02  -1.04  -1.17  -1.56   0.05  -0.15   1.11  -0.54  -0.88  -0.43  -1.09   
2009 -1.13  -2.13  -2.18  -2.23  -1.63  -2.18  -2.60  -2.80  -2.72   0.50   1.98  -1.32   
2010 -0.80  -1.16  -1.38   0.48   1.22   1.44   0.93   0.64   1.33   1.48   1.23   1.46   
2011 1.53   1.08   2.12   2.79   2.98  -0.25  -0.05  -0.45  -0.30  -0.45  -0.39  -1.57   
2012 -1.33  -1.51   1.34   1.60   1.67   2.17  -0.15  -0.74  -1.70   1.13   1.20   1.66   
2013 1.09   0.55 -99.99 -99.99 -99.99 -99.99 -99.99 -99.99 -99.99 -99.99 -99.99 -99.99   
