1895 0.17  -0.27  -0.42   0.36   1.19  -0.30  -0.17  -0.57  -0.38  -1.20  -1.50   0.43   
1896 1.11   1.31   0.93   1.43   1.79   1.86   1.51   1.38   1.01   0.81   2.02   2.58   
1897 2.27   2.36   2.60   1.98   1.49   1.37   1.80   1.46   1.38   0.89   2.14   3.22   
1898 -0.58   0.53  -0.30  -0.43  -0.58  -0.21  -0.20  -0.46   0.46  -0.13  -0.32  -1.01   
1899 0.60   1.36   0.97   1.38   1.77   1.70   1.50   2.80   2.45   2.58   3.25   3.14   
1900 2.21   1.97   1.54   1.19   1.66   1.95   2.00   2.18   1.82   2.29  -0.22  -0.24   
1901 -0.58  -0.45  -0.83   0.56   0.78   1.11   1.25  -0.47  -0.32  -0.61  -0.35  -0.82   
1902 -1.29   0.67   0.56   0.59   0.82   0.51   1.31   1.20   1.21   0.74   0.95   1.28   
1903 -0.49  -1.00  -0.92  -0.84   0.08   0.17   0.42   0.85   1.39  -0.17  -0.04  -0.80   
1904 -1.36   0.23   0.86  -0.27  -0.63  -0.73  -0.50  -0.92  -1.48  -1.73  -1.72  -2.31   
1905 -2.97  -3.24  -3.34  -3.68  -3.13  -2.25  -2.23  -2.12  -1.55  -0.96  -1.61  -2.46   
1906 -3.15  -3.38  -3.80  -4.26  -3.75  -3.22  -3.50  -3.73   0.52   0.58   1.14   1.20   
1907 1.33  -0.04  -0.31  -0.29  -0.56  -0.73  -0.75  -0.27  -0.12  -0.85  -1.18  -1.91   
1908 -2.35   0.21   0.62   0.53   0.74   0.34   0.34   0.60  -0.64  -0.63  -1.14  -1.86   
1909 -1.78  -1.34  -1.80  -1.93  -1.79  -2.10  -1.49  -1.66  -1.81  -1.74   0.71   0.23   
1910 0.23   0.92  -0.54  -0.74  -0.95  -1.32  -1.86  -2.12  -2.25  -1.90  -1.55  -2.12   
1911 -2.40  -2.50  -3.18  -3.34  -2.57  -2.61  -2.85  -2.67  -2.03  -2.51  -2.30  -2.82   
1912 -2.95  -3.09  -3.37  -3.21  -3.11  -3.00   0.12   2.09  -0.32  -0.11  -0.22  -0.58   
1913 -0.12  -0.48  -0.64  -1.01   0.01   0.48   0.60   0.48   0.66   0.66  -0.19  -1.54   
1914 -1.25  -1.30  -1.81  -1.80  -2.08  -1.91  -2.06  -2.54  -2.04  -1.88  -1.67  -2.56   
1915 -3.17  -3.38  -3.74  -3.57  -3.08  -3.33  -2.80  -3.21  -3.37   0.02   0.19   0.26   
1916 0.20   0.87   1.61   1.35   1.11   1.12   2.12  -0.15  -0.47  -0.85  -1.23  -1.98   
1917 -2.25  -2.07  -1.63  -0.70  -0.95  -0.56  -0.70  -1.23  -1.33  -2.05  -3.07  -1.74   
1918 -1.43  -1.13  -1.21  -1.61  -1.51  -2.13  -1.86  -1.02  -1.77  -1.26  -1.60  -2.08   
1919 -2.00  -1.59  -1.69  -1.63  -1.32  -1.66  -1.93  -2.22  -2.08  -2.17  -1.65  -1.90   
1920 -1.66  -2.34  -2.33   0.40   0.29   0.30   0.46   1.04   1.91   2.27  -0.44  -0.76   
1921 -0.68  -0.75  -0.79  -0.64  -0.95  -0.97  -1.33  -1.32   0.24   0.38   0.69  -0.23   
1922 -0.88  -1.11  -0.97  -0.76  -0.86  -1.65  -2.37  -1.77  -1.73  -1.88  -2.83  -3.21   
1923 -2.88  -2.80  -3.06  -3.23  -3.06  -2.73  -2.25  -1.75  -2.02  -1.95  -2.72  -3.24   
1924 -3.60  -3.05  -3.51  -3.55  -3.97  -4.27  -4.36  -3.98  -3.68  -3.14  -3.00  -3.10   
1925 -2.73  -2.45  -2.79  -2.71  -2.84  -3.15  -3.54  -3.56  -3.84  -4.02  -4.41  -4.91   
1926 -5.21  -4.93  -5.59  -5.88  -5.22  -5.40  -5.74   0.71   0.79   0.84  -0.48  -1.00   
1927 -1.06   0.67   0.37   0.28   0.72  -0.26  -0.59   0.73   1.70   2.00   2.65   2.60   
1928 2.61   1.38   1.83   2.17  -0.36  -0.66  -0.79  -1.25  -1.54  -1.07  -1.58  -2.17   
1929 -2.85  -2.73  -2.55  -2.09  -1.87  -1.32  -1.27  -1.40  -1.79  -2.15  -3.11  -3.45   
1930 -4.15  -3.20  -3.28  -3.09  -2.71  -2.42  -2.61  -3.05  -2.93  -2.49  -2.91  -4.06   
1931 -4.35  -4.02  -3.67  -3.86  -4.04  -2.57  -2.63  -2.95  -1.85  -2.31  -2.16  -2.63   
1932 -0.01   0.49   1.11   1.07  -0.73  -1.20   0.83   0.80   0.24   0.14   1.18   1.51   
1933 1.99   1.60   1.57   0.84   1.37   1.14   1.25   1.24   1.87   2.23   2.12   4.75   
1934 5.02  -0.88  -0.71  -1.41  -1.38  -2.12  -2.51  -2.70  -2.62  -2.67   0.04   0.19   
1935 2.37  -0.86   0.89  -0.70  -1.36  -1.87  -1.87  -2.21  -2.22  -2.06  -2.73  -4.16   
1936 -3.93   1.02   0.79   0.06   0.77   1.27   1.50  -0.33  -0.16  -1.26  -2.34  -2.06   
1937 -2.29   0.91   0.35   0.88   0.41   1.27   0.89   1.33   0.81   0.60   0.74   1.79   
1938 -0.42  -0.85  -0.60  -0.51  -0.93  -1.66  -2.09  -2.45  -2.39  -2.22  -2.52  -2.47   
1939 -1.77  -1.00  -1.45  -1.86  -2.02  -1.58  -1.15  -1.51  -2.20  -1.93  -2.23  -2.23   
1940 -2.75  -2.14  -1.72  -2.15  -1.95  -2.65  -2.65  -2.97  -2.48  -2.35  -2.35  -2.94   
1941 -3.65  -4.31  -5.21  -5.16  -4.50  -4.52  -4.93  -4.40  -3.51  -3.53  -3.51  -3.08   
1942 -3.68  -3.79  -3.85  -3.54  -3.04  -2.07  -1.57  -1.93  -2.58  -2.79  -2.24  -2.21   
1943 -2.36  -2.59  -2.18  -1.88  -1.85  -1.93  -2.03  -1.87  -2.43  -2.10  -3.34  -4.87   
1944 -5.70  -5.95  -6.35  -6.19  -6.20  -6.05  -6.41  -6.32  -5.29  -5.65  -5.84  -7.00   
1945 -7.48  -6.96  -6.24  -5.25  -5.09  -5.30  -5.47  -5.30   0.97   1.85   2.41   2.55   
1946 2.08   1.86   1.93   1.59   0.73   1.99   1.89  -0.40  -0.71  -0.62  -1.14  -1.48   
1947 -1.38  -1.42  -1.63  -1.71  -2.15  -1.89  -2.05  -2.14  -2.30   0.71   0.81   0.57   
1948 0.43   1.56   1.49   1.39   2.89   3.19   3.70   4.52   4.40   4.12   4.39   4.79   
1949 3.55   4.92   3.97   3.26   2.25   1.57   1.34   0.95   0.71   0.59   0.93   2.14   
1950 2.13   2.50   3.36   3.01   2.49   1.70   1.73   1.82   1.13   2.00   2.26   1.87   
1951 2.50   2.81   2.83  -0.90  -0.60  -1.31  -1.94  -1.91  -1.89  -1.15  -1.30  -1.32   
1952 -1.59  -1.91  -1.31  -1.21  -1.37  -1.28  -1.17  -1.49  -1.97  -2.50  -3.67  -4.70   
1953 0.57  -0.24  -0.61  -0.59   0.06   0.45   0.44   0.43   0.42  -0.27  -0.46  -0.44   
1954 1.22   1.36  -0.50  -0.40  -0.68   0.24   0.58   1.54   1.74  -0.48  -0.30  -0.82   
1955 -1.60   0.78   1.05   1.38   1.56   2.24   3.26   2.88   2.15   2.21   2.98   3.81   
1956 3.70   3.23   3.53   2.09   1.01   1.54   0.79   0.77   1.21   3.22   2.57   3.23   
1957 2.81   3.03   3.23   0.04  -0.72  -0.95  -0.94  -1.24  -2.00  -2.19  -2.93  -3.62   
1958 -4.24  -4.22  -4.66  -4.27  -4.27  -4.42  -5.15  -5.55  -5.27   0.83   1.94   2.19   
1959 2.55   2.23   2.09   2.13   2.08   1.84   1.33   1.08   1.90   1.88   2.32   2.55   
1960 2.57   2.05   2.00   1.76   2.03  -0.33  -0.91  -0.09  -0.37  -0.80  -0.55  -1.43   
1961 -1.77   1.05   1.34   1.51   1.90  -0.32  -0.06  -0.25  -0.62  -0.46  -0.74  -0.93   
1962 -1.48  -2.08   0.37   0.20   0.38  -0.21  -0.52   1.10   0.99   1.17   1.61  -0.27   
1963 -0.86  -1.00  -1.47   0.47   0.08   0.32   0.81   0.76   0.50   0.96   1.32   1.67   
1964 2.05   1.43   1.92   2.22   2.23   2.84   3.34   3.60   4.43   3.53   3.12   2.97   
1965 4.18   4.39  -0.91  -0.57  -0.49  -0.91  -1.23  -0.31  -0.44  -0.79  -1.23  -1.34   
1966 -1.48  -1.87   0.47   0.31   0.67   0.53   1.77   1.64   1.56   1.63   1.22   1.12   
1967 2.04   1.88   2.07   2.59   0.02  -0.13  -0.47  -1.26  -1.49   1.64   0.94   1.60   
1968 1.38   0.94   1.04   0.95   1.05   1.02   0.89   1.68   1.76   1.63   1.44   1.99   
1969 2.23  -0.32  -0.94   0.85  -0.36  -0.78  -0.80  -1.02   0.95  -0.55  -1.40  -2.20   
1970 -2.12  -2.60  -3.01   0.99   0.97  -0.44  -0.60  -1.10   0.79   1.06   0.80   0.43   
1971 2.22   2.21   2.96   2.27   1.82   2.04   1.96   1.48   1.71   1.31   1.42   2.68   
1972 2.93   3.12   3.12   4.23   3.10   3.17   3.11   3.17   3.42  -0.55  -1.25  -0.67   
1973 -1.05  -1.79  -1.81  -2.08  -2.18  -2.11  -2.54  -2.54  -2.72   0.32   0.95   1.01   
1974 2.54   2.45   2.28   2.02   2.00   1.57   2.24  -0.49  -1.31  -1.90  -2.24  -2.34   
1975 0.39   0.77   0.70   0.86   0.93   0.92   1.19   2.74   1.80   2.05   2.44   3.38   
1976 3.32   3.42   3.07   2.99   2.92   2.74   2.56   3.36  -0.28  -0.68  -1.86  -3.16   
1977 -4.14  -5.05  -4.29  -4.23  -3.16  -3.48  -3.30  -2.19  -1.76  -1.96  -2.03  -2.02   
1978 -2.22  -2.07  -2.11   0.23   0.43  -0.42   0.11   0.48   1.24  -0.80  -0.28  -0.78   
1979 -1.31  -0.85  -1.68  -1.34  -1.59  -1.86  -1.85  -2.07  -2.02  -2.19  -3.23   0.58   
1980 -0.34  -0.48   0.31   0.21   0.28   1.38   1.49   1.23   1.49  -1.10   0.53   0.68   
1981 -0.95   0.42   0.05   0.60   0.94   1.70   2.02   1.57   1.58   1.90   1.32   1.80   
1982 2.71   3.32   3.12   2.94  -0.44  -0.63   0.76   0.68  -0.20  -0.41  -0.91  -0.87   
1983 -0.25  -0.73  -0.85  -0.85   0.41   0.76   1.30   1.14   2.45   1.85   2.22   2.14   
1984 2.63   2.28   2.05   1.53   2.19   2.74   2.31   2.11   2.64   2.50   2.85   2.88   
1985 -1.07  -1.11  -1.25  -1.26  -1.08  -0.85  -1.20  -1.50   0.01   2.03   2.81   1.90   
1986 1.62   1.81   1.26   1.75   2.30   2.15   2.61  -0.47  -0.23  -0.85   1.00  -0.59   
1987 -0.72  -1.14  -1.40  -1.32  -1.01  -1.43  -1.44  -1.64  -2.05  -3.13  -3.96  -3.78   
1988 -4.24  -4.62   0.85   1.47   2.43   2.40   2.50   2.10   1.84   1.87   1.94   1.84   
1989 2.03   1.86   2.71   2.31   2.39  -0.53  -0.85  -0.35  -1.26  -1.43   1.05   0.82   
1990 1.06   1.57   1.04   1.21   1.52   2.34   2.20   2.99   1.92   2.92   6.09   6.45   
1991 5.83   5.32   5.01   5.12   4.41   4.07   3.86   4.42  -0.83  -1.24  -0.54  -1.10   
1992 -0.57  -0.65  -1.39   0.87   0.06   0.27   0.65   0.70   1.29   0.63   1.11  -0.09   
1993 -0.04  -1.04  -1.32   0.02   0.88   1.06   1.94  -0.12  -0.69  -1.20  -2.12  -2.60   
1994 -3.79  -3.58  -3.74  -3.61  -3.92  -3.67  -3.91  -4.22  -4.12  -3.30  -2.54  -2.44   
1995 -2.61  -2.17  -2.22  -1.99  -2.23  -2.61   0.11   1.35   0.67   1.28   3.41   3.73   
1996 3.86   3.94   2.86   3.43   3.98   3.28   3.05   2.51   3.11   3.77   4.23   5.64   
1997 5.93   5.53   6.19   5.84   5.66   5.84   5.92   5.39   5.35   6.28   5.46   4.58   
1998 4.65   3.46   3.67   2.92   3.35   3.14   3.36   2.40   1.28   0.88   1.77   2.36   
1999 3.01   3.56   4.10   3.58   4.17   4.40   4.76   4.85   3.62   3.49   3.51   3.70   
2000 3.29   2.42   2.08   2.05   2.88   2.68   2.77   2.60   2.53  -0.27  -0.81  -1.49   
2001 -2.03  -2.40   0.15   0.47   0.25   0.93   0.92   1.20   0.63   1.60   1.71   2.32   
2002 2.81   2.46   3.14   2.95   2.87  -0.33  -0.52  -1.07  -1.27  -1.93  -2.86  -3.73   
2003 -3.81  -4.14  -3.50  -2.43  -2.47  -2.87  -3.31  -3.78  -3.84   1.45   2.55   2.34   
2004 -0.16  -0.92  -0.76  -1.81  -0.90  -1.19  -1.72   1.58   1.97   1.86   2.25   2.13   
2005 -0.20  -0.84  -1.06   0.25   0.12   0.43   0.18   0.39   0.23   0.43   0.44   0.13   
2006 0.95   0.81   0.13   0.57   0.64   0.59  -0.30  -0.85  -0.87  -1.10   1.42   1.88   
2007 2.33   1.82   2.15  -0.22  -0.54  -0.53  -0.43  -0.79  -0.89  -0.71  -1.30  -1.22   
2008 -1.41  -1.62   0.56   0.70   1.20   1.62   1.61   2.37   1.63   1.10   1.52   1.42   
2009 1.84   1.39   1.71   1.49   2.39  -0.54  -0.92  -1.25  -1.24   1.57   2.55   2.25   
2010 1.78   0.87   0.87   1.28   2.59   2.86   2.57   2.29   3.31   2.50   2.41   2.40   
2011 2.81   2.56   3.55   4.55   5.83   5.17   5.05   4.17   3.09   2.34   2.36   1.15   
2012 0.77   1.14   2.56   3.22   3.08   3.82   4.61   3.87   2.68   2.99   3.63   3.79   
2013 4.26   3.23 -99.99 -99.99 -99.99 -99.99 -99.99 -99.99 -99.99 -99.99 -99.99 -99.99   
