1895 0.00  -0.49  -0.66   0.47   1.57  -0.47  -0.50  -0.94  -0.69  -1.86  -2.28   1.07   
1896 1.64   2.00   1.33   2.01   2.35   2.30   1.84   1.74   1.36   1.02   2.19   2.64   
1897 1.99   2.23   2.43   1.66   1.23   1.22   1.78   1.50   1.40   0.63   1.77   2.86   
1898 1.89   2.55  -0.80  -1.05  -1.25   0.39   0.39   0.10   0.78   0.76   0.77  -0.73   
1899 0.57   1.38   0.74   1.40   1.83   1.68   1.51   2.86   2.50   2.80   3.83   2.74   
1900 1.87   1.60   1.25   0.74   1.35   1.75   2.08   2.29   2.03   2.73  -0.38  -0.32   
1901 -0.61  -0.33  -0.91   0.65   0.74   1.03   1.22   0.66   0.99  -0.49  -0.14  -1.27   
1902 -1.64   1.13   0.95   1.04   1.11   0.70   1.38   1.21   1.19   0.55   0.96   1.21   
1903 -0.40  -1.26  -1.26  -1.30  -1.22   0.08   0.34   0.72   1.22  -0.27   0.36  -1.25   
1904 -1.71   0.40   0.95  -0.25  -0.69  -0.72  -0.57  -0.98  -1.59  -2.23  -2.01  -2.54   
1905 -2.88  -3.35  -3.47  -4.01  -3.48  -2.48  -2.29  -2.18  -1.56  -0.84  -1.68  -2.32   
1906 -2.64  -2.80  -3.57  -4.32  -3.86  -3.18  -3.30  -3.48  -2.31  -1.62  -0.68  -0.86   
1907 -1.18  -1.04  -1.48  -1.37  -1.62  -1.76  -1.78  -1.16  -0.81  -1.91  -2.04  -2.34   
1908 -2.50  -2.09  -1.40  -1.39  -1.20  -1.56  -1.45  -1.05  -1.86  -1.72  -2.04  -2.54   
1909 -2.36  -1.58  -2.30  -2.71  -2.58  -2.83  -2.28  -2.37  -2.70  -2.67  -1.20  -2.21   
1910 -2.21  -1.39  -1.86  -2.06  -2.23  -2.40  -2.78  -3.01  -3.05  -2.52  -1.80  -2.56   
1911 -2.97  -3.33  -4.24  -4.53  -3.56  -3.51  -3.49  -3.31  -2.17  -2.80  -2.51  -3.13   
1912 -2.70  -2.76  -3.46  -3.32  -3.22  -3.02   0.10   2.08  -0.21   0.20  -0.01  -0.49   
1913 -0.32  -0.98  -1.38  -1.77   0.02   0.56   0.57   0.43   0.67   0.82   0.80  -1.56   
1914 0.94  -0.39  -1.21  -1.19  -1.58  -1.44  -1.60  -2.16  -1.53  -1.22  -1.05  -2.46   
1915 -2.73  -2.88  -3.44  -3.24  -2.70  -2.98  -2.54  -2.97  -3.41   0.05   0.47   0.59   
1916 -0.64   0.80   1.88   1.57   1.37   1.37   2.31  -0.08  -0.47  -1.11  -1.44  -2.33   
1917 -2.54  -2.69  -2.29  -1.08  -1.39  -0.93  -1.06  -1.63  -1.88  -2.91  -3.64  -1.61   
1918 -1.84  -1.44  -1.58  -2.23  -2.17  -2.77  -2.53  -1.66  -2.55  -2.07  -2.41  -2.72   
1919 -2.15  -1.69  -1.86  -1.69  -1.38  -1.70  -1.91  -2.20  -2.07  -2.39  -1.73  -2.42   
1920 -2.55  -3.62  -3.67   0.40   0.14   0.09   0.19   0.77   1.89   2.56  -0.25  -0.33   
1921 0.28   0.34  -0.31  -0.19  -0.58  -0.65  -1.04  -1.05   0.33   0.46   0.81  -0.74   
1922 -1.64  -2.08  -1.92  -1.77  -1.91  -2.72  -3.51  -2.72  -2.54  -2.66  -3.67  -3.56   
1923 -2.80  -3.12  -3.62  -3.80  -3.60  -3.22  -2.71  -2.16  -2.37  -2.48  -3.26  -3.42   
1924 -3.59  -2.90  -3.88  -4.17  -4.70  -4.92  -4.97  -4.55  -4.13  -3.51  -3.25  -3.51   
1925 -3.09  -2.63  -3.29  -3.32  -3.29  -3.54  -3.89  -3.75  -4.07  -4.53  -4.78  -4.90   
1926 -4.86  -4.24  -5.29  -5.88  -5.19  -5.30  -5.63   0.82   0.95   1.00   0.74   0.25   
1927 0.26   1.14  -0.37  -0.49  -0.17  -0.53  -0.82   0.61   1.71   2.47   3.14  -0.93   
1928 -0.88  -2.00   1.00   1.63  -0.46  -0.87  -1.08  -1.61  -1.92  -1.41  -1.81  -2.30   
1929 -2.92  -3.24  -3.15  -2.47  -2.28  -1.69  -1.55  -1.69  -2.23  -2.80  -4.02  -4.22   
1930 -4.63  -3.16  -3.44  -3.33  -2.83  -2.47  -2.51  -2.77  -2.68  -2.35  -2.88  -4.03   
1931 0.24  -0.27   0.58  -0.12  -0.58   1.23   0.97   0.44   1.38   1.36   0.92   1.25   
1932 0.99   1.49   2.31   2.49  -0.60  -1.19  -0.36  -0.36  -0.91   0.11   1.31   1.43   
1933 1.69   1.20   1.90   0.87   1.32   1.17   1.25   1.32   2.28   2.99   2.27   5.73   
1934 5.75  -1.07  -1.14  -1.97  -1.74  -2.39  -2.39  -2.66   0.17   0.36   0.94   0.94   
1935 2.40  -0.76  -0.16  -0.64  -1.28  -1.39  -1.51  -1.74  -1.56  -1.56  -2.39  -2.98   
1936 0.76   1.55   1.19   0.31   0.93   1.67   2.05   1.89   1.88  -1.18  -2.57  -2.23   
1937 -2.83   0.86   0.17   1.53   1.20   2.33   2.08   2.28   1.82   1.25   2.05   2.56   
1938 -0.56  -1.07  -0.91  -0.70  -1.04  -1.78  -2.35  -2.71  -3.12  -2.98  -3.34  -3.42   
1939 -2.94  -2.50  -2.82  -3.55  -3.59  -3.14  -2.65  -2.78  -3.02  -3.04  -3.61  -2.41   
1940 -3.06  -1.81  -1.26  -1.12  -1.08  -1.71  -1.85  -2.17  -2.17  -1.63  -1.98  -2.40   
1941 -2.66  -3.39  -4.30  -4.54  -3.37  -3.24  -3.29  -2.40  -1.29  -1.37  -1.53  -1.09   
1942 -1.86  -2.26  -2.66  -2.86  -2.42  -1.43  -0.76  -1.05  -1.83  -2.29  -1.22  -1.40   
1943 -2.16  -2.53  -2.03  -1.76  -1.52  -1.49  -1.43  -1.16  -1.87  -1.33  -2.42  -3.39   
1944 -3.65  -3.77  -4.32  -3.77  -3.53  -3.46  -3.69  -3.76  -3.46  -3.90  -3.88  -5.04   
1945 -4.76   0.32   0.80   1.13   1.34  -0.49  -0.93  -1.26   0.74   0.85   1.25   0.89   
1946 0.69   1.06   1.10   0.01  -0.86   1.00   0.99  -0.39  -0.52  -0.33  -0.36  -0.49   
1947 -0.36  -0.48  -0.87  -0.89  -1.66  -1.11  -1.06  -1.28  -1.40   1.44   1.09   1.03   
1948 0.56   1.24   0.97   1.36   2.78   2.60   3.05   3.72   4.13   3.83   3.86   3.69   
1949 -1.31  -0.18  -0.53  -1.04  -1.49  -1.79  -1.79  -1.99  -2.04  -0.01   0.12   0.49   
1950 0.69   1.52   3.03   3.11   2.63   1.87   1.51   1.58   1.20   2.28   2.66   2.63   
1951 2.78   3.64   3.48  -1.01  -1.10  -1.87  -2.60  -2.81  -2.53  -1.73  -1.86  -2.15   
1952 -2.40  -2.71  -2.78  -2.88  -2.89  -2.60  -2.60  -2.72  -3.27  -4.22  -5.32  -5.43   
1953 1.81   1.18   0.85   0.71   0.76   1.02   0.97   0.95   0.98   1.18   1.42   1.43   
1954 2.23   2.22   1.37   1.59   1.29   1.63   2.05   2.62   2.44  -0.66  -0.16  -0.56   
1955 -1.39  -1.30  -1.34   0.66   0.82   0.80   1.65   1.23   0.91   1.91   2.83   3.51   
1956 3.84   3.04   3.37  -1.13  -1.95  -1.13  -1.58  -1.66   0.34   1.22  -0.91  -0.96   
1957 -1.61   0.31   1.06  -0.24  -0.75  -0.88  -0.80  -0.69  -1.35  -1.41  -2.05  -2.18   
1958 -1.70  -1.31  -2.04  -1.44  -1.94  -2.43  -3.39  -3.85  -3.81  -3.51   0.61   0.52   
1959 1.20   0.87   0.81   1.14   1.24   1.28   1.13   0.87   1.69   1.56   1.82   1.59   
1960 1.42   1.10   1.01   1.16   2.02   1.51   0.81   1.46   0.98   1.04   1.64  -1.05   
1961 0.25   1.87   2.05   1.99   2.33  -0.55  -0.66  -0.93  -1.34  -1.20  -1.47  -1.34   
1962 -2.01  -2.60  -2.37  -2.21   0.26  -0.20  -0.34   0.97   1.09   0.91   1.50  -0.61   
1963 -1.56  -1.49  -1.62   0.41  -0.49  -0.49   0.39   0.40  -0.51   0.18   0.89   0.63   
1964 1.59  -0.89  -0.68  -0.63  -0.66   0.76   1.33   1.73   2.01   1.06   1.46   1.33   
1965 1.65   1.88  -1.42  -1.11  -0.97  -1.50  -1.81  -1.02  -1.46  -1.82  -1.96  -1.80   
1966 -1.66  -2.13   0.43   0.12   0.11   0.02   0.70   0.42   0.32   0.24   0.16   0.76   
1967 1.87  -0.40  -0.18  -0.04  -0.58  -0.87  -1.47  -2.24  -2.53   1.34   0.39   0.32   
1968 0.50   0.63   0.96   0.70   0.55   1.06   1.13   2.72   2.76   3.11   2.82   3.32   
1969 3.24  -0.53  -1.19  -0.39  -0.35  -0.63  -0.99  -1.36   1.56  -0.27  -1.03  -0.98   
1970 0.70  -0.73  -1.24   0.73  -0.24  -0.86  -1.11  -1.59  -1.10  -1.23  -1.37   0.65   
1971 1.38   1.22   2.32   1.99   1.57   2.09   2.14   1.59   2.22   2.02   1.94   2.08   
1972 2.08   2.89   3.68   4.72   3.62   3.37   3.50   3.18   3.77  -0.76  -1.39  -0.13   
1973 -0.54  -1.39  -1.85  -2.19  -1.99  -1.46  -1.61  -1.74  -1.70   0.01   0.93   1.63   
1974 2.27   2.26   2.70   2.74   2.90   2.49   3.05  -0.39  -1.24  -2.07  -2.02   0.18   
1975 0.46   0.80   0.75  -0.08  -0.05  -0.24  -0.49   1.41  -0.91   1.49   1.86   2.46   
1976 2.38   2.42   2.12   1.84   1.84   1.64   1.71   2.69  -0.30  -0.81  -2.15  -3.34   
1977 -4.12  -4.67  -3.87  -4.20   1.06   0.54   0.48   1.68   2.15   1.72   1.60   1.79   
1978 -0.28  -0.67  -1.09   0.45   0.62   0.26   0.43   0.95   2.55  -0.63  -0.47  -1.66   
1979 -2.45  -1.48  -2.26  -2.18  -2.35  -2.59  -2.48  -2.34  -2.17  -2.01  -2.91   1.24   
1980 0.72   1.06   0.75   0.94   0.65   1.17   1.22   1.21   0.04  -1.10   0.53   0.89   
1981 -1.08   0.42  -0.52   0.53   0.63   1.46   2.05   1.66   1.92   2.92   2.50   2.53   
1982 2.71   3.78   3.34   3.29  -0.63  -1.10  -1.04  -1.19  -1.22  -1.03  -1.07   0.48   
1983 0.83   0.90   0.82  -0.49  -0.66   0.29   1.38   1.75   2.03   1.24   2.30   1.68   
1984 1.55   1.29   1.31   1.35   2.74   3.25   2.84   2.50   2.26   2.07   2.74  -0.23   
1985 -1.72  -2.01  -2.13  -1.99  -1.91  -1.44  -1.80  -1.89   0.10   1.46  -0.03  -1.61   
1986 0.75   0.81   0.19   0.30   0.75   0.38   0.76   0.14   0.36   0.14   0.91  -0.84   
1987 -0.78  -1.31   0.43   0.38   0.63  -0.66  -0.83  -1.22  -1.88  -3.34  -4.12  -3.49   
1988 -3.62  -4.37   0.47   1.11   1.85   1.81   1.81   1.33   1.30   0.71   1.32  -0.67   
1989 -1.06  -1.20   1.18  -0.36   0.38  -0.28  -0.34  -0.14  -1.01  -1.20  -0.76  -1.27   
1990 1.18   1.63   1.13   0.97   0.92   1.67   1.61   0.03  -0.96   0.88   2.32   1.78   
1991 1.22   1.31   1.39   2.79   2.56   2.27   1.78   2.35  -0.93  -1.80  -1.62  -2.57   
1992 -1.89  -2.14  -3.21  -2.31  -2.99  -3.06  -2.93  -2.93  -2.61  -3.07  -2.78  -3.11   
1993 -3.32  -4.42  -4.04   1.38   1.80   2.14   2.93   0.00  -0.86  -1.70  -2.60  -2.65   
1994 -3.27  -2.58  -2.62  -2.49  -2.72  -2.45  -2.60  -2.99  -3.03   0.12   0.32   0.80   
1995 -0.47  -0.41  -0.10  -0.08  -0.71  -1.07   0.04   0.55   0.07   0.44   1.63   1.85   
1996 1.90   2.79   1.63   3.10   3.83   3.01   2.60   2.11   2.24   2.98   3.10   4.45   
1997 4.50   3.60   4.91   5.25   5.22   5.38   5.72   5.46   5.53   6.35  -0.28  -1.08   
1998 0.99  -0.42  -0.21  -0.91  -0.55  -0.66  -0.88  -1.54  -2.25  -2.18   1.44   2.62   
1999 3.16   4.35   4.42   3.57   3.69   3.81   3.96   3.79   2.61   2.28   3.10   2.97   
2000 2.43   2.14   1.99   1.62   2.44   2.45   2.43  -0.15  -0.20  -0.33  -1.07  -2.00   
2001 -2.59  -3.15  -2.98   0.35   0.30   1.08   1.35   1.97   1.31   1.60   2.41   2.61   
2002 2.84   2.55   2.40   2.52   0.04  -0.05  -0.17  -0.77  -1.35  -2.50  -3.20  -2.96   
2003 -2.12  -2.81  -1.66  -0.98  -1.15  -1.73  -2.40  -2.93  -2.96   1.66   2.03  -0.51   
2004 -0.05  -0.73  -1.22  -2.14  -1.79  -2.22  -2.85  -1.51  -0.77  -0.80  -1.00  -1.20   
2005 -1.41  -2.36  -0.03   0.92   1.25   1.45   1.63   1.17   0.81   0.74   0.68   0.81   
2006 2.67  -0.38  -1.04  -0.89  -0.68  -0.66  -1.09  -1.67  -1.79  -2.54   2.34   2.45   
2007 2.36   1.88   2.48  -0.39  -0.66  -0.66  -0.37  -0.47  -0.37  -0.03  -0.68   1.13   
2008 -0.23  -0.74  -0.31  -0.24  -0.59  -0.31  -0.50   0.75  -0.64  -1.03   0.43  -0.48   
2009 -0.39  -1.30   0.35   0.55   1.56  -0.68  -1.23  -1.30  -1.27   0.85   1.90  -1.06   
2010 -0.70  -0.93  -0.88   0.37   1.48   2.13   1.90   1.67   2.87   3.00   2.76   3.07   
2011 3.10   2.57   3.81   4.90   5.61   5.07   5.11   4.24   3.46   2.93   3.10   1.65   
2012 1.81   1.65   2.97   3.34   3.57   3.96   4.18   3.41   2.11   3.24   3.55   3.85   
2013 3.47   2.35 -99.99 -99.99 -99.99 -99.99 -99.99 -99.99 -99.99 -99.99 -99.99 -99.99   
