1895 0.16  -0.44  -0.63   0.64   1.62  -0.46  -0.58  -1.04  -0.76  -1.92  -1.85   0.99   
1896 1.58   2.14   1.41   2.09   2.49   2.34   1.67   1.48   1.03   0.66   1.99   2.34   
1897 1.81   2.07   2.27   1.52   1.05   1.16   1.82   1.63   1.59   0.90   2.24   3.11   
1898 2.06   2.86  -0.90  -1.10  -1.19   0.46   0.47   0.25   0.83   0.86  -0.06  -0.80   
1899 0.62   1.49   0.70   1.55   2.02   1.83   1.51   2.71   2.38   2.68   3.43   2.50   
1900 1.58   1.34   1.08   0.64   1.23   1.56   1.66   1.87   1.64   2.35  -0.61  -0.55   
1901 -0.75  -0.40  -0.97   0.83   0.88   1.20   1.26  -0.43  -0.08  -0.47  -0.10  -1.02   
1902 -1.47   1.30   1.06   1.15   1.31   0.89   1.51   1.33   1.25   0.62   1.10   1.32   
1903 -0.34  -1.24  -1.24  -1.28  -1.26   0.03   0.35   0.74   1.35  -0.15   0.21  -1.15   
1904 -1.46   0.47   0.90  -0.27  -0.72  -0.81  -0.62  -1.00  -1.72  -2.38  -1.84  -2.27   
1905 -2.58  -3.09  -3.19  -3.84  -3.24  -2.20  -2.11  -1.98  -1.35  -0.58  -1.52  -2.16   
1906 -2.46  -2.64  -3.46  -4.33   0.27   0.71  -0.32  -0.70   0.68   1.15   1.66  -0.15   
1907 -0.36  -0.22  -0.74  -0.75  -0.99  -1.09  -1.04   0.45   0.59  -1.09  -0.96  -1.22   
1908 -1.45   0.22   0.71   0.58   0.76  -0.48  -0.45  -0.16  -0.95  -0.93  -1.31  -1.87   
1909 -1.50  -0.73  -1.55  -2.11  -1.92  -2.10  -1.49  -1.57  -1.75  -1.85   1.33  -1.04   
1910 -1.06   0.50  -0.54  -0.84  -1.13  -1.37  -1.79  -2.05  -2.21  -1.74  -1.17  -1.93   
1911 -2.27  -2.73  -3.64  -4.08  -3.05  -3.10  -3.18  -3.03  -2.10  -2.78  -2.24  -2.83   
1912 -2.45  -2.56  -3.34  -3.31  -3.09  -2.88   0.21   2.09   1.78   1.94  -0.15  -0.59   
1913 -0.25  -1.00  -1.47  -1.98   0.03   0.57   0.47   0.39   0.62   0.81  -0.02  -1.46   
1914 0.94  -0.42  -1.26  -1.21  -1.57  -1.36  -1.47  -1.97  -1.35  -0.98  -0.92  -2.29   
1915 -2.57  -2.74  -3.28  -2.96  -2.47  -2.65  -2.17  -2.58  -2.94   0.09   0.41   0.50   
1916 -0.53   0.75   1.88   1.59   1.50   1.61   2.56   0.01  -0.35  -1.00  -1.16  -1.92   
1917 -2.14  -2.51  -2.16  -0.77  -1.07  -0.65  -0.78  -1.30  -1.49  -2.58  -2.85   1.95   
1918 1.56   1.65  -0.20  -1.06  -1.08  -1.78  -1.55  -0.78  -1.67  -1.16  -1.67  -2.08   
1919 -1.63  -1.32  -1.52  -1.35  -1.17  -1.53  -1.78  -2.09  -2.01  -2.43  -1.54  -2.20   
1920 -2.29  -3.46  -3.55   0.40   0.12   0.11   0.31   0.86   2.01   2.78  -0.54  -0.58   
1921 -0.31  -0.10  -0.41  -0.24  -0.61  -0.63  -0.94  -0.97   0.29   0.53   0.79  -0.69   
1922 -1.61  -2.17  -2.07  -1.90  -2.00  -2.79  -3.49  -2.77  -2.72  -2.87  -3.60  -3.27   
1923 -2.46  -2.88  -3.42  -3.71  -3.47  -3.03  -2.39  -1.84  -2.10  -2.20  -2.83  -2.90   
1924 -3.13  -2.46  -3.56  -3.88  -4.42  -4.59  -4.57  -4.15  -3.85  -3.32  -3.14  -3.38   
1925 -2.96  -2.53  -3.18  -3.28  -3.24  -3.46  -3.77  -3.65  -3.94  -4.49  -4.33  -4.33   
1926 -4.33  -3.71  -4.74  -5.25  -4.47  -4.58  -4.81   0.76   0.93   1.08   0.81   0.31   
1927 0.36   1.10  -0.40  -0.57  -0.07  -0.46  -0.80   0.53   1.80   2.68   3.22  -0.84   
1928 -0.72  -1.84   1.07   1.82  -0.59  -0.94  -1.10  -1.57  -2.01  -1.49  -2.02  -2.45   
1929 -3.03  -3.53  -3.38  -2.68  -2.48  -1.88  -1.74  -1.79  -2.30  -2.86  -3.70  -3.33   
1930 -3.86  -2.45  -2.74  -2.66  -2.29  -2.03  -2.17  -2.52  -2.47  -2.18  -2.71  -3.77   
1931 -3.44  -3.58  -2.56  -2.70  -3.01   0.96  -0.35  -0.85  -0.16   0.00  -0.41  -0.56   
1932 -0.75   0.56   1.54   1.46  -0.52  -1.35  -0.88  -0.82  -1.54  -1.51   0.97   0.82   
1933 0.97   0.56   0.90  -0.93   0.50   0.39   0.15   0.18   1.13   1.55   0.55   3.55   
1934 3.59  -1.24  -1.19  -1.93  -1.65  -2.18  -2.12  -2.46  -2.29  -1.67  -1.07  -1.08   
1935 -0.58  -1.37  -1.02  -1.59  -2.27  -2.28  -2.22  -2.46  -2.47  -2.78  -3.22  -3.83   
1936 0.45   0.78  -0.01  -0.97   0.67   1.30   1.48  -0.19  -0.29  -1.55  -2.57   0.91   
1937 -0.83  -0.28  -1.00   1.60   1.06   1.94   1.48   1.72   1.18   0.69   1.61   2.14   
1938 -0.50  -1.09  -0.63  -0.49  -0.92  -1.73  -2.37  -2.73  -3.28  -3.20  -3.10  -3.08   
1939 -2.64  -2.10  -2.44  -3.25  -3.08  -2.55  -1.92  -1.91  -2.22  -2.31  -2.81  -2.00   
1940 -2.71  -1.43  -1.05  -0.91  -1.11  -1.83  -1.78  -2.08  -2.04  -1.46  -1.87  -2.35   
1941 -2.68  -3.50  -4.49  -4.67  -3.26  -3.00  -3.18  -2.49  -1.23  -1.03  -1.33  -0.88   
1942 -1.69  -2.10  -2.45  -2.59   0.34   1.25   1.68  -0.22  -1.10  -1.29   0.83   0.81   
1943 -0.58  -0.79   0.57   0.69   0.81   0.98   0.92   0.94  -0.76  -0.54  -1.70  -2.28   
1944 -2.57  -2.77  -3.12  -2.91  -2.49  -2.53  -2.72  -2.88  -2.15  -2.81  -2.73  -3.86   
1945 -3.59   0.18   0.89   1.31   1.52  -0.56  -1.02  -1.43   0.75   0.69   1.09   0.77   
1946 0.89   1.18   1.22   0.05  -0.86   0.79   0.91   0.51   0.32   0.56   0.37   0.56   
1947 0.65  -0.33  -0.85  -0.84  -1.75   0.55   0.71   0.37   0.12   1.49  -0.34  -0.57   
1948 -0.75   0.63   0.38   0.79   1.72   1.56   2.00   2.55   2.83   2.40   2.68   2.78   
1949 1.35   2.50  -0.61  -1.11  -1.51  -1.77  -1.62  -1.64  -1.71   0.06   0.20   0.48   
1950 0.57   1.37   2.48   2.83   2.28   1.76   1.55   1.60   1.24   2.14   2.14   1.92   
1951 2.08   2.78   0.03  -1.18  -1.11  -1.81  -2.40  -2.55  -2.33  -1.46  -1.48  -1.80   
1952 -2.10  -2.40  -2.38  -2.70  -2.78  -2.41  -2.34  -2.36  -2.97  -4.03  -4.56   0.07   
1953 2.17   1.72   1.23   1.07   1.33   1.67   1.50   1.71   1.70   1.53   1.33   1.97   
1954 2.61   2.79   1.79   2.06   1.58   2.22   2.54   3.07   2.90   2.43   2.16   1.59   
1955 0.59   0.58   0.84   1.81   1.87   1.68   2.35   1.81   1.55   2.90   3.34   3.67   
1956 3.67   3.07   3.83  -1.11  -1.78   0.45   0.04   0.05   0.28   1.42  -1.00  -0.70   
1957 -1.41   0.27   0.83  -0.30  -0.70  -0.68  -0.58  -0.48  -1.20  -1.33  -1.84  -1.34   
1958 -1.04  -0.92  -1.75  -0.76  -1.63  -1.81  -2.58  -3.02  -2.74  -2.65   1.04   0.99   
1959 1.43   0.81   1.09   1.66   1.83   2.05   1.90   1.74   3.19   3.57   3.50   2.74   
1960 1.98   1.84   1.69   2.10   3.31   2.72   1.83   2.29   1.65   1.60   2.06   0.75   
1961 0.87   2.56   2.62   2.72   2.89  -0.63  -0.90  -1.14  -1.23  -0.95  -1.27  -1.02   
1962 -1.51  -2.32  -2.24   0.13   0.49   0.24   0.04   0.81   0.87   0.54   1.29  -0.58   
1963 -1.52  -1.30  -1.34   0.31   0.07   0.20   0.99   1.25   0.85   1.06   1.19  -0.76   
1964 1.08  -0.88   0.34   0.49   0.47   0.98   1.28   1.83   2.09   1.46   1.47   1.63   
1965 1.90   1.82  -1.50  -1.29  -1.05  -1.63  -1.92  -1.42  -1.90  -2.26  -2.21  -2.31   
1966 -1.88  -2.27  -1.82  -2.13  -2.23   0.17   0.75  -0.18  -0.48  -0.31  -0.53   0.40   
1967 1.36   1.06   1.33  -0.19  -0.74  -1.20  -1.76  -2.54  -2.90   1.44   0.42   0.35   
1968 0.46   0.76   0.78   0.75   0.66   1.42   1.33   2.91   3.21   3.70   3.23   3.23   
1969 3.15  -0.63  -1.30  -0.93  -0.85  -0.85  -0.94  -1.17   1.05  -0.22  -1.04  -1.15   
1970 0.66  -0.64  -1.15   1.01  -0.33  -0.99  -1.26  -1.78   0.45   0.24   0.04   0.53   
1971 1.56   1.34   2.36   1.85   1.59   1.94   1.87   1.48   1.87   1.71   1.52   1.72   
1972 2.11   3.10   3.70   4.41   3.42   3.13   3.35   2.91   3.71  -0.72  -1.24  -0.33   
1973 -0.72  -1.70  -2.11  -2.46  -2.21  -1.56  -1.73  -1.88   0.09   0.20   0.81   1.27   
1974 2.39   2.47   2.97   3.15   3.44   3.05   3.52  -0.35  -1.16  -2.20   0.52   0.88   
1975 1.49   1.50  -0.06  -0.36  -0.29  -0.31  -0.52   1.24  -0.86   1.35   1.48   2.43   
1976 2.54   2.65   2.47   2.13   1.97   1.75   1.87   2.86  -0.30  -0.95  -1.98  -2.98   
1977 -3.71  -4.03  -3.05  -3.51   0.87   0.30   0.14   1.18   1.71   1.36   1.59   2.21   
1978 -0.54  -1.16  -1.80   0.17   0.56   0.15   0.22   0.78   1.82  -0.78  -0.95  -1.73   
1979 -2.53  -1.22  -1.86  -1.65  -1.80  -2.17  -1.86  -1.74  -1.63  -1.52  -2.51   1.05   
1980 -0.26  -0.11  -0.14  -0.17  -0.47  -0.33  -0.34  -0.21  -0.01  -1.13   0.89   1.35   
1981 -1.15   0.50  -0.81   1.01   1.13   2.25   2.23   1.63   1.86   2.16   1.42   1.65   
1982 2.22   3.14   2.62   2.69  -0.69  -1.35  -1.13  -0.98  -0.79  -0.55  -0.88   0.25   
1983 0.72   0.90   1.19  -0.69  -1.06   0.48   2.26   2.48   2.61   1.90   2.93   1.99   
1984 1.94   1.54   1.31   1.50   3.00   3.34   2.57   1.96   1.86   1.91   2.56  -0.51   
1985 -1.91  -2.05  -2.17  -1.85  -1.97  -1.61  -1.90  -2.01   0.25   1.45  -0.06  -1.72   
1986 0.27   0.68   0.08   0.02   0.52  -0.62  -0.28  -0.94  -0.53  -1.03   0.95  -0.84   
1987 -0.86  -1.22   0.43   0.27   0.49  -0.66  -0.70  -1.15  -1.84  -3.34  -3.38  -2.65   
1988 -2.70  -3.10   0.87   1.41   1.89   1.68   1.73   1.20   1.23   0.71   1.56  -0.85   
1989 -0.77  -1.37   0.70  -0.16  -0.09  -0.52  -0.57  -0.46  -1.28  -1.64  -0.97  -1.64   
1990 1.06   1.75   1.05   0.86   0.88   1.36   1.18   1.44  -0.95   1.16   2.52   1.91   
1991 1.45   1.70   1.46   2.69   2.55   2.35  -0.25  -0.04  -0.98  -1.86  -0.84  -1.25   
1992 -0.77  -1.17  -2.62  -1.86  -2.66  -2.99  -2.83  -2.91  -2.53  -3.03  -2.39  -2.80   
1993 -3.02  -4.27  -3.95   1.10   1.42   2.12   3.10   2.85  -0.80  -1.49  -2.07  -2.18   
1994 -2.42  -1.93  -1.99  -2.13  -2.29  -1.95  -1.99  -2.33  -2.54   0.44   0.72   1.38   
1995 -0.30  -0.08  -0.05  -0.18  -0.80  -0.96   0.03   0.46   0.15   0.79   2.44   2.14   
1996 2.25   3.39   2.10   3.22   3.91   3.05   2.58   1.94   1.89   2.63   2.52   3.53   
1997 3.85   3.22   4.93   5.15   4.83   5.05   5.43   5.17   5.57   6.59  -0.54  -1.04   
1998 -0.40  -0.75  -0.73  -1.50  -0.89  -0.99  -1.25  -1.90  -2.59  -2.75   1.36   2.45   
1999 2.58   3.85   3.52   2.43   2.64   2.69   2.84   2.79   1.79   1.52   2.25   2.25   
2000 -0.20  -0.26  -0.33  -0.53   0.76   0.83  -0.10  -0.40  -0.16  -0.27  -1.05  -2.11   
2001 -2.73  -3.42  -3.34   0.28   0.34   0.84   0.86   1.21   0.55   0.78   1.10   1.35   
2002 1.56   1.47   1.67   1.95   1.81   1.74  -0.09  -0.55  -1.13  -2.32  -2.44   0.01   
2003 0.53  -0.68   1.55   1.73  -0.31  -1.10  -1.88  -2.54  -2.83   1.40   1.77  -0.52   
2004 -0.11  -0.82  -1.22  -2.14  -1.42  -1.65  -1.98   1.35   2.07   2.03  -0.35  -0.73   
2005 -1.01  -2.15   0.03   0.43   0.88   1.12   1.39   0.99   1.01   1.11   0.88   0.66   
2006 2.40  -0.29  -0.79  -0.82  -0.58  -0.59  -0.77  -1.31  -1.56  -2.30   2.65   2.49   
2007 2.32   2.02   2.78  -0.21  -0.56  -0.45  -0.17  -0.32  -0.51  -0.17  -0.71   0.90   
2008 0.70   0.47   0.69   0.56   0.29   0.41   0.31   1.18  -0.48  -0.97  -0.34  -0.66   
2009 -0.12  -1.22   0.22   0.36   1.05  -0.61  -1.20  -1.37  -1.40   0.71   1.52  -1.06   
2010 -0.90  -1.47  -0.03   0.44   1.69   2.36   1.89   1.51   2.29   2.51   2.41   2.71   
2011 2.93   2.52   3.82   5.03   5.25   4.56   4.28   3.36   2.70   2.34   2.43   1.19   
2012 1.48   1.41   2.90   3.17   3.35   3.88   3.67   2.72   1.39   1.87   1.82   2.31   
2013 1.86   1.04 -99.99 -99.99 -99.99 -99.99 -99.99 -99.99 -99.99 -99.99 -99.99 -99.99   
