1895 1.14   0.87   0.84   0.65   2.06   1.73   1.70   1.26   1.62  -0.78  -1.31   0.29   
1896 0.59   0.41   0.45   1.10   2.45   2.68   3.11   3.05   2.53   2.10   2.73   2.89   
1897 2.60   3.12   3.68  -0.39  -0.71  -0.65  -0.57  -0.82  -0.74  -1.09   0.43   0.92   
1898 0.91   1.03  -0.21  -0.56  -0.25  -0.06  -0.12  -0.37  -0.20  -0.39  -0.14  -0.52   
1899 -0.50   0.21   0.38   0.51   1.23   1.22   1.31   2.23   1.81   2.16   2.28   2.00   
1900 1.84   1.73   1.01   0.74   1.44   1.49   1.06   1.10   1.03   1.73   1.35   1.01   
1901 1.06   1.58   1.28   1.23   1.46   1.52   1.55   1.14   1.53  -0.57  -0.79  -1.28   
1902 -1.69   0.72   0.69   0.68   1.09   0.67   1.06  -0.03  -0.18  -0.73   0.39   0.74   
1903 1.29   1.11   1.18   1.01   1.24   1.32   1.59   1.78   1.67   1.19   1.59   0.95   
1904 0.69   2.19   3.35  -0.17  -0.73  -0.99  -0.93  -1.25  -1.54  -1.63  -1.97  -2.02   
1905 -2.15  -2.53  -2.80  -3.19  -2.46  -2.15  -2.46  -2.65  -2.34  -1.69  -2.11  -2.35   
1906 -2.31  -1.92  -1.71  -2.16   0.88   1.16   0.86   0.50   0.62   0.44   0.63   0.56   
1907 0.36   1.14   1.43   1.39   0.93   0.82   0.87   1.25   0.03  -0.81  -1.13  -0.76   
1908 -0.94  -1.16  -1.32  -1.65  -1.07  -1.29  -1.50  -1.36  -1.79  -1.21  -1.74  -2.23   
1909 -2.01  -1.27  -1.63  -1.95  -1.77  -2.24  -1.68  -1.79  -1.81   0.09   1.34   1.15   
1910 1.24   1.70  -0.59  -0.83  -1.01  -1.52  -2.04  -2.36  -2.39  -2.03  -1.25  -1.33   
1911 -1.21  -1.15  -1.83  -1.97   1.09   0.94   0.54   0.29   0.77  -0.43  -0.26  -0.57   
1912 0.44   0.93   0.88   1.14   1.38   1.57   1.85   3.09   2.77   2.72   2.47   2.14   
1913 1.98   1.29   1.29   0.98   1.00   1.60   1.81   1.64   1.52   1.62   1.71   1.16   
1914 1.69   1.79  -0.42  -0.39  -0.78  -0.60  -0.99  -1.52   0.53   0.75  -0.46  -1.31   
1915 -1.73  -1.89  -2.64  -3.12  -1.66  -2.33  -1.69  -2.15  -2.47  -2.53   0.44   0.53   
1916 0.50   0.96   1.44   1.16   1.22   1.41   2.35   2.34  -0.29  -0.75  -0.67  -0.93   
1917 -1.26  -1.50   0.26   0.72   0.84   0.84  -0.16  -0.72  -0.85  -1.57  -1.88  -1.46   
1918 -1.54  -1.09  -1.30  -1.70  -1.64  -2.39  -2.48  -1.86  -2.19  -1.85  -2.17  -2.55   
1919 -2.46  -1.78  -1.61  -1.59  -1.56  -2.11  -2.51  -2.79  -2.53  -2.38  -1.93  -2.03   
1920 -2.43  -3.16  -3.07  -2.31  -2.33  -2.42  -2.55   0.20   0.90   1.34   1.25   1.38   
1921 1.70   2.46   2.16   2.15   2.23   2.10  -0.11  -0.19   0.15   0.08   0.40  -0.43   
1922 -0.79  -0.70  -0.28  -0.04  -0.29  -1.07  -1.59  -1.10  -1.30  -1.25  -1.83  -1.78   
1923 -1.60  -2.08  -2.37  -2.32  -2.17  -2.08  -1.71  -1.47  -1.65  -1.46  -1.95  -2.19   
1924 -2.70  -3.27  -3.74  -4.16  -5.26  -6.05  -6.64  -6.33  -5.87  -4.54  -3.93  -3.70   
1925 -3.17  -2.68  -2.95  -2.64  -2.72  -3.03  -3.51  -3.33  -3.20  -3.44  -3.37  -3.55   
1926 -3.73  -3.14  -3.95  -4.51  -4.15  -4.87  -5.48   0.45   0.34   0.43   0.84   0.61   
1927 0.74   1.37   1.31   1.21   2.00   2.09   2.09   2.32   3.05   2.94   3.39  -0.30   
1928 -0.30  -0.40   0.41   0.63  -0.57  -0.99  -1.00  -1.38  -1.61  -1.41  -1.50  -1.75   
1929 -1.96  -2.72  -3.03  -2.49  -2.87  -2.72  -3.24  -3.56  -3.80  -4.07  -4.61  -4.30   
1930 -4.39  -4.03  -4.32  -4.29  -3.60  -3.67  -3.96  -3.90  -3.64  -3.31  -3.35  -3.83   
1931 -3.28  -3.49  -3.35  -3.67  -4.25  -4.09  -4.55  -4.86   0.01   0.03  -0.04   1.22   
1932 1.51   1.20   1.66   1.75   1.71  -0.44  -0.74  -1.04  -1.54  -1.59   0.45   0.47   
1933 0.54   0.21   0.86   0.44   0.79   0.71   0.62   0.28   0.83   1.07  -0.71   0.70   
1934 0.66  -0.68  -1.43  -2.29  -3.05  -3.71  -4.19  -4.31  -3.41  -2.14  -1.43  -1.38   
1935 -1.27  -1.21  -1.33  -1.41  -1.86  -1.87  -1.60  -1.71  -2.06  -1.80  -1.99  -2.01   
1936 -1.68  -1.85  -2.25  -2.37  -2.94  -1.28  -1.49  -1.79  -1.82  -2.51  -3.16  -3.69   
1937 -4.15  -4.19  -3.85   0.91   0.19   1.95   1.92   1.53   1.78   1.16   2.15   2.30   
1938 2.22   3.24   3.75  -0.52  -1.07  -1.52  -1.90  -2.24  -2.44  -2.31  -2.56  -3.01   
1939 -3.38  -3.44  -3.52  -3.62  -4.19  -4.42  -4.97  -5.27  -5.27  -4.95  -5.49   0.46   
1940 0.15   1.67   1.87   2.06  -0.30  -0.98  -0.90  -1.45   0.46   1.24   1.39   1.78   
1941 2.21   2.23   1.60   2.07   2.63   3.83   4.39   5.53   6.07   5.07   4.37   4.47   
1942 4.23   4.20   3.37   3.03   4.19   4.52   5.39   4.89   3.79   3.00   3.38   3.48   
1943 3.07   2.73   2.70   2.48   2.26   2.52   2.47   2.40   1.53   2.27  -0.65  -1.56   
1944 -2.22  -2.41  -2.93  -2.15  -2.53  -2.28  -2.88  -3.11  -2.70  -3.13   0.98   0.44   
1945 0.43   0.86   1.32   1.01   1.77   1.76   1.61   1.11   1.51   1.14   1.52   2.02   
1946 2.10   2.47  -0.05  -0.37  -0.38  -0.11  -0.24  -0.62  -0.65   0.29   0.60  -0.74   
1947 -1.30  -1.87  -2.39  -2.55  -3.47  -3.26  -3.37  -3.68   0.24   1.97   1.27   0.86   
1948 0.67   0.61   0.09   1.43   4.51   6.42   8.36   9.35   9.53   8.46   7.78   7.43   
1949 -0.40   0.20   0.34  -0.52  -0.98  -1.51  -1.86  -2.02  -2.05  -1.89  -1.76  -2.33   
1950 0.05   0.07   1.24   1.47   1.50   2.36   2.91   2.46   1.67   3.12   3.29   3.33   
1951 3.76   3.75   4.05   3.50   2.99   2.85   2.71   3.67   3.16   3.98   4.09   4.08   
1952 4.66   4.40  -0.09  -0.25  -0.31   0.49   0.51  -0.36  -0.52  -1.36  -1.86   0.24   
1953 0.90   0.57   0.53   0.82   1.48   2.03   2.28   2.88  -0.45  -0.91  -1.11  -1.56   
1954 -1.49  -1.89  -1.79  -1.89  -1.88   0.05   0.14   0.78   1.55  -0.34  -0.42  -0.96   
1955 -1.38  -2.00  -1.89   0.79   0.54   0.21   1.02  -0.38   0.17   0.70   0.94   1.60   
1956 2.58   3.02   2.88   2.20   1.55   1.83   1.78   2.53   1.80   2.70  -0.48  -1.10   
1957 -1.48  -1.78   0.78   0.59   1.46   1.30   1.13   1.08   0.70   1.37  -0.47  -0.78   
1958 0.41   1.28   1.47   1.94  -0.26   0.05   0.34  -0.55  -0.76  -0.98   0.52   0.47   
1959 2.03   2.43   2.16   1.61   1.87   1.61   1.29   1.02   2.50   0.03  -0.14  -0.78   
1960 -1.34  -1.25  -1.19   0.15   0.85  -0.60  -1.13  -1.12  -1.23  -1.52   0.66  -0.26   
1961 -0.71   0.75   1.41   1.34   1.83   1.77  -0.01  -0.21  -0.68  -0.82  -1.05  -0.93   
1962 -1.58  -1.62  -1.38  -1.34  -0.80  -1.10  -1.30   0.28   0.23   0.75  -0.09  -0.47   
1963 -1.41  -1.81  -1.88  -0.76  -0.97  -1.49  -1.56  -1.78  -1.81  -2.19  -1.56  -1.47   
1964 -1.04  -1.41  -1.43  -1.53  -1.96  -1.50  -1.59  -1.24  -1.32  -1.74   0.37   0.97   
1965 1.41  -0.12  -0.41  -0.07  -0.18  -0.35   0.34   0.83  -0.41  -1.13  -0.93  -0.94   
1966 -0.81  -1.37  -0.93  -1.43  -2.01  -2.07  -1.67  -1.62  -1.42  -1.67   0.40   0.91   
1967 1.15  -0.55   0.01   0.76   0.91   1.31  -0.02  -0.52  -1.19  -0.62  -1.28  -1.51   
1968 -1.27  -1.41  -2.10  -2.25  -2.46  -2.96  -3.45   1.05   0.49   0.85   0.97   1.51   
1969 2.10   2.77   2.25   2.61  -0.06  -0.26  -0.59  -1.09  -0.79  -0.99  -1.79   0.37   
1970 1.23   0.02   0.05   0.06  -0.40  -0.85  -1.36  -1.80  -1.95   0.19   0.22   0.49   
1971 0.64   0.30   1.22   1.31   1.19   1.46   1.56   1.10   1.56  -0.05  -0.33   0.34   
1972 -0.43  -0.61  -0.62   0.16   1.05   1.57   1.62   2.00   1.85  -0.42  -0.56  -0.42   
1973 -0.49  -0.86  -1.52  -2.13  -2.66  -3.37  -3.96  -4.25   0.78   0.87   2.67   4.24   
1974 5.04   5.19   5.11   4.70   4.25   3.37   3.58   2.84   1.97   1.05   0.91   0.95   
1975 0.86   1.25   1.69   2.30   2.42   2.30   2.90   3.58   2.68   3.17  -0.49  -0.75   
1976 -1.22  -1.43  -1.49  -1.43  -1.65  -1.97  -2.13  -0.64  -1.18  -1.50  -2.39  -3.38   
1977 -4.54  -5.45  -5.72  -6.39  -6.17  -7.05  -7.65  -7.03   0.42  -0.31  -0.36   0.65   
1978 0.96   1.38   1.26   2.14   2.11   1.76   2.48   2.95   3.16  -0.66  -1.03  -1.71   
1979 -2.51  -2.48  -3.12  -3.10  -3.59  -4.17  -4.61  -0.01  -0.04   0.43   0.39   0.46   
1980 0.72   1.76   1.64   1.69   2.68   2.96   3.18   3.11   3.38   2.79   2.30   2.45   
1981 1.99   2.18   1.64   1.10   1.79   1.86   2.26   1.84   1.64   2.07   1.72   1.78   
1982 1.41   1.34   1.44   1.57   1.22   1.52   1.88   1.71   1.81   1.78   1.85   2.40   
1983 3.07   3.93   4.78   4.73   4.25   4.10   4.80   5.32   4.98   4.13   5.84   5.96   
1984 5.61   5.61   5.44   5.49   5.38   6.38   6.89   6.31   5.70   5.02   5.73  -0.32   
1985 -0.75  -0.95  -0.92  -1.48  -1.82  -2.47  -3.21  -3.48  -2.38  -2.14  -2.04  -2.53   
1986 -1.70  -1.17  -1.20  -0.98  -1.25  -2.00  -2.35  -2.80  -1.14  -1.50  -1.80  -2.42   
1987 -2.79  -3.24  -2.79  -3.28  -3.69  -4.15  -3.66  -3.47  -3.89  -4.25  -4.63  -3.47   
1988 -3.57  -4.12  -4.26  -4.06  -4.06  -4.03  -4.44  -4.65  -4.44  -4.89  -3.89  -3.84   
1989 -4.18  -3.81  -3.04  -2.83  -1.62  -1.89  -1.92  -1.48  -1.85  -1.55  -2.07  -3.05   
1990 -3.33  -3.74  -4.31  -4.53  -3.47  -3.42  -3.19  -2.38  -2.95  -2.39  -3.12  -3.70   
1991 -4.31  -5.32  -5.11  -5.03  -4.44  -4.08  -4.35  -4.09  -4.43  -4.32  -3.52  -3.81   
1992 -3.78  -4.05  -4.84  -4.85  -5.58  -5.31  -3.76  -3.95  -4.06  -3.90  -3.45  -2.83   
1993 -2.73  -2.69  -2.63   0.86   0.44   0.54   2.53   2.70  -0.24  -0.97  -1.61  -1.28   
1994 -1.66  -1.76  -2.61  -2.33  -2.28  -2.50  -3.09  -3.22  -3.60   0.23   0.57   0.50   
1995 1.97   1.85   3.15   2.85   2.45   2.45   2.22   1.86   1.62   1.34   1.29   1.50   
1996 1.68   2.09   1.74   1.82   2.22   2.31   2.43   1.84   1.94   2.44   2.57   4.13   
1997 4.71   4.58   4.54   4.36   4.27   4.85   5.59   5.33   5.10   5.06   4.13   3.10   
1998 3.39   3.44   3.25   2.82   3.60   3.46   3.97  -0.43  -0.99  -1.38   0.17   0.65   
1999 0.89   1.63   1.52   1.00   0.88   0.77   0.70   0.98  -0.58  -0.73  -0.95  -1.31   
2000 -1.16  -0.99  -0.68  -0.92  -1.00  -1.23  -1.22  -1.64  -1.71  -1.73  -1.70  -2.12   
2001 -2.87  -3.46  -3.32  -3.12  -3.69  -3.71  -3.83  -4.01  -4.13  -3.70  -2.97  -2.61   
2002 -2.51  -2.65  -2.62  -2.71  -2.66  -3.08  -3.34  -3.53  -3.75  -3.90  -3.94   0.84   
2003 1.95   1.80   1.44   1.80  -0.17  -0.67  -1.24  -1.78  -2.02  -2.14  -2.44  -2.26   
2004 -2.35  -1.99  -2.57  -2.85  -2.62  -3.04  -3.53  -3.17  -3.13  -2.80  -3.41  -3.66   
2005 -3.93  -4.86  -5.07  -5.05  -4.29  -4.46  -4.84  -5.04  -4.94   0.23   0.71   1.25   
2006 2.63   2.81   2.52   2.57   2.63   2.83   2.73  -0.55  -0.87  -0.83   0.34   0.98   
2007 -0.45  -0.03  -0.43  -0.79  -0.91  -1.15  -1.29  -1.64  -1.65  -1.50  -1.76  -1.52   
2008 -1.40  -1.84  -1.78  -1.81  -2.26  -2.37  -2.78  -2.72  -3.05  -3.08  -2.92  -2.51   
2009 -2.65  -2.67  -2.27  -2.31  -2.26  -2.62  -2.69  -2.94  -3.04  -2.11  -2.39  -2.70   
2010 -2.27  -1.96  -2.27   0.25   1.02   1.69   1.99   1.67   1.89   1.95   2.08   2.11   
2011 1.79   1.24   2.30   2.21   3.15   3.25   3.67  -0.01  -0.56  -0.54  -1.02  -1.79   
2012 -2.24  -2.65   1.02   1.15   0.68   1.62   2.49   1.93   1.11   1.55   1.51   2.41   
2013 2.07   1.46 -99.99 -99.99 -99.99 -99.99 -99.99 -99.99 -99.99 -99.99 -99.99 -99.99   
