1895 1.53   1.10   1.02   1.11   2.43   2.57   2.82   2.42   2.71   1.60   0.93   0.96   
1896 1.18   0.64   0.59   1.35   2.41   2.28   2.04   1.86   1.39   1.06   2.44   2.35   
1897 1.86   2.41   2.90   2.40   2.28   2.38   2.41   2.12   1.92   1.28   1.87   2.04   
1898 -0.05  -0.12  -0.44  -0.85  -0.59  -0.47  -0.63  -0.86  -0.76  -0.96  -0.74  -1.20   
1899 -0.05   0.36   0.58   0.79   1.27   1.20   1.19   2.14   1.67   2.05  -0.05  -0.35   
1900 -0.72  -0.83  -1.51  -1.94  -1.66  -1.83  -2.25  -2.06  -1.83  -0.85  -1.14  -1.69   
1901 -1.36  -0.79  -1.05  -0.90  -0.85  -0.82  -0.86  -1.20  -0.61  -1.23  -1.68  -2.11   
1902 -2.59  -1.61  -1.39  -1.14  -0.91  -1.32  -1.14  -1.21  -1.34  -1.79   0.54   0.94   
1903 1.71   1.38   1.24   1.10   1.25   1.33   1.41   1.55   1.36   0.87   1.70   1.01   
1904 0.85   2.66   3.75   3.42   3.08   2.89   3.01  -0.28  -0.60  -0.70  -1.36  -1.52   
1905 -1.67  -2.18  -2.46  -3.18  -2.96  -2.96  -3.43  -3.51  -3.16  -2.48  -2.76  -3.04   
1906 -2.73  -2.30  -2.06  -2.57  -1.79  -1.47  -1.74  -2.15  -1.88  -1.92   0.30   0.33   
1907 0.47   1.34   1.43   1.44   1.38   1.43   1.55   1.78  -0.02  -0.80  -1.21  -0.81   
1908 -1.15  -1.46  -1.62  -2.02  -1.67  -2.04  -2.29  -2.07  -2.32  -1.58  -2.30  -2.79   
1909 0.73   1.35  -0.53  -1.04  -0.93  -1.22  -0.87  -1.05  -1.01   0.20   1.63   1.44   
1910 1.58   2.35  -0.71  -0.92  -0.83  -1.03  -1.24  -1.52  -1.56   0.06   1.13  -0.34   
1911 0.36   0.41  -0.88  -1.21   0.80   0.69   0.45   0.17   0.60  -0.31  -0.28  -0.66   
1912 0.73   1.07   0.84   1.00   1.35   1.44   1.47   2.71   2.42   2.34  -0.07  -0.22   
1913 0.22  -0.52  -0.33  -0.45  -0.49   0.35   0.26   0.05   0.04   0.30   0.29  -0.53   
1914 0.65   0.77  -0.59  -0.73  -1.07  -0.96  -1.26  -1.71   0.55   0.84  -0.62  -1.50   
1915 -1.81  -1.96  -2.63  -3.39  -2.59  -3.25  -3.00  -3.44  -3.54  -3.62   0.73   0.84   
1916 1.16   1.95   2.26   2.07   2.49   3.06   4.14   3.97  -0.26  -0.73  -0.57  -0.69   
1917 -0.96  -0.89   0.31   0.85   1.06   1.06  -0.03  -0.52  -0.57  -1.40  -1.76  -1.19   
1918 -1.21  -0.65  -1.03  -1.56  -1.64  -2.28  -2.41  -1.89  -2.09  -1.95  -2.23  -2.70   
1919 -2.53  -1.57  -1.46  -1.47  -1.64  -2.10  -2.39  -2.61  -2.33  -2.12  -1.81  -1.85   
1920 -2.35  -3.09  -2.87  -2.19  -2.48  -2.72  -2.96   0.19   0.81   1.17   0.95   0.95   
1921 1.26   1.78   1.34   1.30   1.52   1.52   1.24   1.04   1.02   0.76   1.33  -0.38   
1922 -0.59   0.26   0.66   0.82  -0.07  -0.56  -1.01  -0.62  -0.90  -0.75  -1.16   0.20   
1923 0.52  -0.44  -0.85  -1.08  -1.05  -1.04  -0.78  -0.73  -0.97  -0.81  -1.46  -1.74   
1924 -2.32  -2.88  -3.20  -3.84  -5.22  -5.94  -6.47  -6.07  -5.64  -4.11  -3.27  -2.96   
1925 -2.30  -1.84  -2.35  -2.25  -2.18  -2.41  -2.73  -2.66  -2.48  -2.79  -2.92  -3.32   
1926 -3.61  -3.09  -4.07  -5.03  -5.01  -5.78  -6.28   0.42   0.30   0.38   0.98   0.74   
1927 1.03   1.91   1.71   1.62   2.41   2.69   2.78   2.88   3.54   3.17   3.64  -0.25   
1928 -0.24  -0.59   0.33   0.67  -0.64  -1.05  -1.18  -1.63  -1.83  -1.79  -1.91  -2.09   
1929 -2.02  -2.57  -2.83  -2.45  -3.02  -2.98  -3.38  -3.56  -3.73  -4.00  -4.53  -3.76   
1930 -3.61  -3.03  -3.47  -3.65  -3.19  -3.21  -3.33  -3.49  -3.22  -3.09  -3.08  -3.66   
1931 -3.44  -3.84  -2.97  -3.12  -4.05  -3.75  -4.18  -4.45  -4.22  -3.96   0.15   1.33   
1932 1.42   1.34   1.60   1.46   1.76  -0.22  -0.26  -0.35  -0.89  -0.95  -0.84  -1.21   
1933 -1.49  -1.57  -1.14  -1.28  -0.73  -1.06  -1.34  -1.45  -0.83  -0.61  -1.33  -0.58   
1934 -1.07  -1.88  -2.36  -3.34  -4.21  -4.87  -5.35  -5.12  -4.41  -3.47  -3.17  -3.31   
1935 -3.60  -3.91  -3.83  -3.43  -4.10  -4.52  -4.66  -4.67  -4.79  -4.36  -4.37  -4.16   
1936 -3.19  -2.74  -2.89  -3.09  -3.41  -2.64  -2.77  -2.65  -2.23  -2.91  -3.43  -3.51   
1937 -3.48  -3.22   0.38   1.29   0.71   1.85   1.63   1.33   1.11   0.56   1.29   1.57   
1938 1.24   1.66   2.17   1.88   1.75   2.34   2.25  -0.42  -1.02  -0.70  -0.96  -1.56   
1939 -2.12  -1.92  -2.10  -2.78  -3.57  -4.12  -4.43  -4.58  -4.43  -4.34  -5.05   0.07   
1940 0.05   2.15   1.80   1.94   1.72   1.05   1.33   0.68   1.06   1.59   1.89   2.11   
1941 2.57   2.33   1.37   1.18   1.66   2.13   2.18   2.51   2.87  -0.08  -0.30  -0.36   
1942 -0.52  -0.20  -0.77  -1.16   0.59   0.96   0.98  -0.44  -1.05  -1.31   1.46   2.18   
1943 2.01   1.85   1.87   2.07   2.06   2.59   2.91   2.81   1.91   2.72  -0.74  -1.62   
1944 -2.33  -2.51  -2.80  -2.12  -2.93  -3.13  -3.81  -4.06  -3.79  -4.28  -3.45  -3.59   
1945 -3.44   0.32   0.47   0.65   1.50   1.26   1.00   0.54   0.80   0.37   0.62   1.12   
1946 1.03   1.05   1.00   0.57   0.57   0.72   0.72   0.66   0.79   1.16   1.42  -0.84   
1947 -1.55  -2.18  -2.72  -3.03  -4.29  -3.98  -3.96  -3.74   0.72   2.62   2.10   1.56   
1948 1.85   2.19   1.81   2.30   4.47   6.48   7.99   8.20   7.82   6.95   6.26   6.04   
1949 -0.67   0.51   0.75  -0.54  -0.86  -1.51  -1.85  -2.03  -1.88  -1.80  -1.52  -2.21   
1950 0.40   0.68   1.31   1.42   1.19   2.66   3.06   2.58   1.83   3.72   3.63   3.75   
1951 3.96   3.91   3.90   3.52   3.77   4.79   5.39   5.29   4.67   4.94   4.51  -0.10   
1952 -0.21  -0.29  -0.70  -1.15  -1.37  -0.87  -1.13  -1.34  -1.70  -2.52  -2.80  -2.57   
1953 1.02   0.57   0.21   0.69   1.15   1.29   1.36   1.83  -0.51  -0.88  -0.86  -1.22   
1954 -0.67  -1.05  -0.82  -0.84  -1.08  -1.12   0.05   0.29   0.46  -0.15  -0.70  -1.35   
1955 -1.93  -2.54  -2.44  -1.43  -1.34  -2.27  -2.01  -2.43   0.36   0.65   1.77   2.68   
1956 3.94   4.34   3.73   2.96   3.21   3.51   3.73   3.69   3.00   3.41  -0.63  -1.17   
1957 -1.70  -1.94   1.38   1.18   1.24   0.00  -0.29  -0.48   0.21   1.31  -0.51  -0.93   
1958 0.40   0.90   1.11   1.92   1.87  -0.05  -0.31  -0.87  -1.16  -1.60   0.22   0.23   
1959 1.20   1.54   1.32   0.93   1.08   1.06   1.03   0.86   2.25  -0.06  -0.55  -1.34   
1960 -1.94  -1.86  -1.50  -1.05  -0.74  -1.47  -2.11  -1.96  -1.95  -2.07  -1.41  -1.60   
1961 -1.89   0.96   1.61   1.74   2.35   2.43   0.02  -0.23  -0.62  -0.82  -0.76  -0.68   
1962 -1.44  -0.05   0.26   0.20   1.08  -0.40  -0.64   0.33   0.39   1.14  -0.16  -0.56   
1963 -1.27  -1.20  -1.28   1.01  -0.12  -0.89  -0.87  -1.11  -1.47  -1.92  -1.69  -1.44   
1964 -1.55  -2.27  -2.57  -2.80  -3.35  -3.04  -2.99  -2.70  -2.80  -2.89   0.47   2.45   
1965 3.02   2.51   1.85   1.80   1.71   1.87   2.24   2.44  -0.33  -1.12  -0.78  -1.13   
1966 -1.04  -1.69  -1.40  -1.86  -2.67  -2.81  -1.90  -2.15  -2.08  -2.07  -1.04  -0.78   
1967 -0.95  -1.83  -1.82  -1.03  -0.82  -0.83  -1.19  -1.74  -2.14  -2.12  -2.58  -3.03   
1968 -3.10  -2.98  -3.63  -4.05  -4.60  -5.07  -5.34   1.02   0.89   1.43   1.78   2.03   
1969 2.67   2.75   2.06   2.53   2.78   2.61  -0.21  -0.62  -0.50  -0.70  -1.55   0.34   
1970 2.26   2.44   2.08   2.26   2.23   2.10  -0.03  -0.51  -0.58  -0.52  -0.27  -0.41   
1971 -0.42  -1.02   0.89   0.84   0.94   1.33   1.46   1.12   1.85   1.44   1.11   1.39   
1972 1.15   0.93   1.14   1.10   1.63   2.01   2.05   2.22  -0.15  -0.66  -1.06  -0.72   
1973 -0.85  -1.34  -1.95  -2.60  -3.09  -3.81  -4.27  -4.46   0.38   1.00   3.09   4.62   
1974 5.38   5.24   5.16   5.33   5.24   5.16   5.48   4.73   3.63   2.70   2.06   1.64   
1975 2.15   2.53   2.47   2.60   2.50   2.30   2.53   3.73  -0.59  -0.04  -0.31  -0.42   
1976 -0.79  -0.98  -0.98  -0.74  -1.29  -1.81  -1.89  -0.58  -1.15  -1.52  -2.44  -3.29   
1977 -4.27  -4.96  -5.02  -6.13  -6.17  -7.04  -7.43   1.13   1.71   1.02   0.86   1.75   
1978 2.52   2.84   2.26   2.90   3.08   3.12   3.91   4.80   4.63  -0.72  -0.59  -1.01   
1979 -1.26  -1.14  -1.46  -1.42  -2.00  -2.75  -3.03   0.32   0.05   0.49   0.92   0.60   
1980 1.34   2.18   1.86   1.87   2.90   3.50   3.96   3.72   4.00   3.65   3.08   3.58   
1981 2.83   2.77   2.10   1.57   1.95   2.17   2.39   1.96   2.06   2.15   1.86   2.45   
1982 2.27   2.25   2.08   2.42   2.26   2.36   2.45   2.20   3.09   3.82   3.49   3.79   
1983 3.78   4.35   5.19   4.92   5.04   5.08   5.70   5.72   5.34   4.73   5.48   5.75   
1984 4.94   4.75   4.97   5.17   5.41   6.42   7.04   6.35   6.35   5.53   6.32  -0.20   
1985 -0.73  -0.60  -0.54  -1.00  -1.36  -1.63  -2.00  -2.00   0.75   0.66   0.86   0.38   
1986 1.02   1.72   1.61   1.30   1.43  -0.35  -0.38  -0.73   1.38  -0.34  -0.43  -0.89   
1987 -0.83  -1.28  -1.07  -1.47  -1.95  -2.70  -2.48  -2.60  -3.03  -3.57  -4.02  -2.83   
1988 -2.68  -3.34  -3.34  -2.84  -2.86  -2.85  -3.01  -3.24  -3.10  -3.80  -3.08  -3.32   
1989 -3.57  -3.06  -1.76  -1.24  -0.79  -1.16  -1.31  -0.88  -1.36  -1.31  -1.63  -2.27   
1990 -2.50  -2.98  -3.29  -3.52  -3.17  -3.73  -3.99  -2.53  -3.05  -2.29  -3.11  -3.50   
1991 -4.07  -4.83  -3.81  -3.68  -3.32  -2.72  -3.00  -3.00  -3.39  -3.10  -2.12  -2.51   
1992 -2.87  -2.77  -3.52  -3.02  -3.84  -3.96   0.65   0.51   0.38   0.14   0.37   0.64   
1993 0.70   0.70   1.01   1.64   1.93   2.10   3.07   3.42  -0.41  -1.03  -1.56  -1.62   
1994 -2.05  -2.10  -2.87  -3.12  -3.06  -3.34  -3.49  -3.69  -3.81   0.91   1.13   1.06   
1995 2.26   1.99   2.37   3.19   3.50   4.15   5.01   4.74   4.77   4.42   4.38   4.66   
1996 4.80   5.63   5.23   5.13   5.52   5.65   6.04   5.21   4.62   4.76   5.40   7.35   
1997 7.81   7.38   6.89   6.56   6.72   6.77   7.12   6.54   6.03   6.21  -0.22  -1.01   
1998 -0.62  -0.49  -0.70  -1.04  -0.65  -1.08  -0.77  -1.15  -1.49  -1.87  -1.56  -1.46   
1999 -1.61  -1.31  -1.77  -2.23  -2.28  -2.67  -2.63  -2.32  -2.67  -2.57  -3.00  -3.69   
2000 -3.35  -2.78  -2.37  -2.49  -2.45  -2.78  -2.87  -3.15  -2.67  -2.43  -2.11  -2.41   
2001 -2.83  -3.13  -2.92  -2.35  -3.05  -3.04  -3.35  -3.29  -3.48  -3.17  -2.32  -2.02   
2002 -2.38  -2.47  -2.46  -2.32  -2.39  -2.32  -2.45  -2.71  -3.00  -3.23  -3.53   0.90   
2003 1.75   1.54   1.03   1.69  -0.01  -0.44  -0.80  -0.93  -1.21  -1.72  -2.04   0.41   
2004 0.78   1.09  -0.70  -0.91   0.40   0.57   0.50   1.16  -0.27  -0.32  -1.09  -1.61   
2005 -2.10  -3.07  -3.35  -3.51  -3.54  -4.28  -4.71  -4.90  -4.72   0.13   0.34   1.17   
2006 1.88   1.75   1.46   1.86   2.43   2.99   3.01  -0.48  -0.68  -0.90   0.36   1.10   
2007 -0.43  -0.37  -0.79  -0.99  -1.21  -1.44  -1.72  -1.89  -2.02  -1.83  -1.59  -1.58   
2008 -1.48  -1.87  -1.88  -1.82  -2.23  -2.56  -2.85  -2.74  -2.96  -3.07  -2.99  -2.82   
2009 0.01  -0.08   0.88   0.87   0.99  -0.21  -0.40  -0.64  -0.88  -0.19  -0.62  -0.91   
2010 -0.61  -0.80  -1.30   0.00   0.79   1.35   1.36   0.89   1.67   1.71   1.65   2.32   
2011 2.18   1.85   3.21   3.38   4.89   5.47   6.40   6.10   4.99   4.53   3.47   2.38   
2012 1.85   1.15   1.82   2.26   1.69   2.24   2.70   2.02   1.28   2.03   1.91   2.12   
2013 1.26  -1.45 -99.99 -99.99 -99.99 -99.99 -99.99 -99.99 -99.99 -99.99 -99.99 -99.99   
