1895 0.58  -0.50  -0.67   0.02   1.28  -0.51  -0.48  -0.81  -0.28  -1.22  -1.69   0.00   
1896 0.51   0.67   0.55   1.34   2.64   2.32   2.00   1.79   1.39   1.06   2.10   2.42   
1897 2.15   2.71   3.20  -0.60  -1.20  -1.25  -1.15  -1.50  -1.38  -1.69   0.90   1.43   
1898 1.18   1.54  -0.46  -0.89  -0.58  -0.50  -0.61  -0.94  -0.67  -0.77  -0.68  -1.20   
1899 0.12   0.76   0.59   0.88   1.48   1.17   1.04   1.88   1.44   1.90   2.47   2.68   
1900 2.45   2.26   1.49   1.03   1.62   1.45   1.02   1.04   0.93   1.71   1.46   1.22   
1901 1.36   1.95  -0.37   0.26   0.39   0.49  -0.02  -0.46   0.47  -0.57  -0.76  -1.15   
1902 -1.62   1.48   1.23   1.19   1.49   0.99   1.57  -0.01  -0.11  -0.67   0.46   0.91   
1903 1.30  -0.56  -0.45  -0.57   0.19   0.09   0.36   0.57   0.81   0.42   0.93   0.49   
1904 0.34   2.11   3.11  -0.35  -1.16  -1.54  -1.59  -1.98  -2.43  -2.57  -2.89  -3.12   
1905 -3.39  -3.68  -3.64  -4.05  -2.92  -2.17  -1.99  -2.11  -1.75  -1.09  -1.54  -1.99   
1906 -2.11  -1.47  -1.43  -2.23   0.98   1.28  -0.23  -0.52   0.23   0.19   0.59   0.71   
1907 0.83   1.70   1.77   0.00  -0.53   0.01   0.05   0.43   0.44  -0.90  -1.31  -1.27   
1908 -1.46  -1.34  -1.23  -1.48   0.62   0.56   0.52   0.51  -0.55  -0.12  -0.67  -1.31   
1909 0.11   1.17  -0.63  -1.10  -0.93  -1.41   0.50   0.14   0.00   0.02   1.38   1.54   
1910 1.63   2.04  -0.77  -1.18  -1.42  -2.02  -2.74  -3.02  -2.97  -2.50  -1.59  -1.56   
1911 -1.35  -1.40  -2.14  -2.36   1.17   1.10   0.86   0.66   1.16  -0.53  -0.43  -0.81   
1912 0.30   0.69   0.36   0.39   0.55   0.50   0.78   2.03   1.83   1.97   1.90   1.79   
1913 2.10   1.23   1.22   0.70   0.76   1.40   1.78   1.62   1.56   1.68   1.71   1.13   
1914 1.87   1.76  -0.70  -0.76  -1.20  -0.92  -1.28  -1.80  -1.10  -0.71  -0.95  -1.77   
1915 -2.25  -2.16  -2.73  -2.91   1.70   1.18   2.16   1.72   1.19   0.88   1.20   1.22   
1916 1.20   1.77   2.22   1.76   1.66   1.66   2.55   2.36  -0.30  -0.76  -0.95  -1.34   
1917 -1.72  -1.81   0.36   1.06   1.25   0.03  -0.31  -0.93  -1.06  -1.98  -2.68  -2.17   
1918 -2.02  -1.30  -1.42  -1.99  -1.89  -2.69  -2.65  -2.09  -2.50  -2.00  -2.33  -2.84   
1919 -2.73  -1.67  -1.55  -1.59  -1.63  -2.29  -2.92  -3.26  -3.04  -2.89  -2.42  -2.47   
1920 -2.65  -3.36  -0.02   0.58   0.39   0.32   0.28   0.53   1.35   1.85   1.66   1.73   
1921 2.14   2.70  -0.18   0.08   0.31  -0.18  -0.50  -0.73   0.20   0.17   0.62  -0.27   
1922 -0.71  -0.61  -0.27  -0.12  -0.40  -1.27  -1.91  -1.58  -1.81  -1.81  -2.66  -2.89   
1923 -2.64  -2.97  -3.08  -3.09  -2.57  -2.00  -1.20  -0.89  -1.14  -0.99  -1.66  -2.11   
1924 -2.69  -2.85  -3.26  -3.58  -4.41  -4.87  -5.29  -5.08  -4.78  -3.67  -3.05  -2.72   
1925 -2.00  -1.52  -1.98  -1.91  -2.08  -2.34  -2.84  -2.84  -2.81  -3.11  -3.44  -3.93   
1926 -4.36  -3.60  -4.38  -4.84  -4.39  -4.86  -5.37   0.38   0.51   0.57   0.82   0.58   
1927 0.80   1.57   1.21   0.99   1.77   1.40   1.19   1.38   2.42   2.59   3.50   3.51   
1928 3.42   2.64   2.94   3.08  -0.81  -1.23  -1.39  -1.77  -2.10  -1.73  -2.02  -2.39   
1929 -2.81  -3.55  -3.51  -2.80  -2.95  -2.39  -2.59  -2.95  -3.26  -3.63  -4.60  -4.56   
1930 -5.02  -4.31  -4.33  -4.20  -3.24  -3.05  -3.17  -3.33  -3.13  -2.74  -2.99  -3.75   
1931 -3.92  -4.11  -3.82  -4.02  -4.52  -4.07  -4.43  -4.84   0.19   0.10   0.05   0.55   
1932 0.55   0.03   0.72   1.23   1.27  -0.74  -1.15  -1.54  -2.11  -2.11  -1.79  -1.74   
1933 -1.57  -1.82  -1.29  -1.84  -1.85  -2.38  -2.94  -3.24  -2.29  -1.81  -2.52  -1.92   
1934 -1.40  -2.11  -2.33  -2.83  -3.32  -4.09  -4.80  -5.11  -4.74  -3.37  -2.55  -1.81   
1935 -0.75  -0.97  -0.83  -1.15  -1.74  -1.90  -1.67  -1.67  -2.18  -1.96  -2.48  -3.03   
1936 -3.03  -2.95  -3.34  -3.40  -3.69  -3.13  -3.44  -3.74  -3.25  -3.91  -4.86  -5.80   
1937 -6.47  -6.24  -5.95   0.85  -0.80   0.88   0.96   0.74   0.67   0.09   0.90   1.11   
1938 1.19   1.62   1.77  -0.56  -1.23  -2.20  -2.97  -3.38  -3.65  -3.17  -3.61  -4.15   
1939 -4.24  -4.15  -4.28  -4.60  -4.95  -4.29  -4.44  -4.80  -4.94  -4.58  -5.21  -4.87   
1940 -5.28  -3.58  -3.02  -2.50  -2.84  -3.52  -3.67  -4.16   0.62   1.53   1.50   1.43   
1941 1.46  -0.28  -1.17  -1.69   1.14   1.67   1.67   2.54   3.74   3.20   2.75   3.01   
1942 2.40   2.05   1.01   0.66   2.25   2.55   3.42  -0.22  -0.82  -0.94  -0.65  -0.94   
1943 -1.43  -1.52  -1.23  -1.20  -1.37  -0.98  -0.97  -0.87  -1.54  -0.55  -1.16  -1.99   
1944 -2.70  -3.09  -3.48  -3.00  -2.82  -2.56  -2.59  -2.91  -2.59  -3.08  -2.90  -3.46   
1945 -3.46   0.33   1.70   1.59   1.79   1.70   1.33   0.72   1.65   1.58   2.01   1.96   
1946 2.04   2.22   2.32  -0.04  -0.37   0.40  -0.32  -0.70   0.17   0.39   0.92  -0.14   
1947 -0.26  -0.66  -1.24  -1.01  -1.49   0.86   1.07   1.05   1.64   3.24   3.02   2.86   
1948 2.70   2.88   2.15   3.23   4.40   5.26   6.19   6.60   6.08   5.23   5.10   4.88   
1949 3.74   4.31   3.93  -0.69  -1.30  -2.01  -2.56  -2.78  -2.92  -2.27  -2.22  -2.49   
1950 0.19   0.72   1.76  -0.20  -0.78  -0.61  -0.41  -0.65  -1.25   1.98   2.60   3.37   
1951 3.66   3.39   3.45   2.50   1.72   1.16   0.55   0.90   0.83   2.55   3.04   4.07   
1952 4.24  -0.26  -0.53  -0.97  -1.44  -0.79  -1.27  -1.59  -2.12  -2.97  -3.78  -3.98   
1953 0.52   0.13   0.11   0.55   0.88   1.69   1.68   2.29  -0.42  -0.99  -1.20  -1.32   
1954 0.86   0.70   0.46   0.44   0.35   0.59   1.06   2.21   2.47  -0.44  -0.63  -0.95   
1955 -1.32  -1.33   0.14   1.49   1.32   1.21   2.30   1.73   1.79   2.29   2.79   4.24   
1956 4.83   4.63   4.30  -0.72  -1.35  -1.18  -1.15  -0.74  -1.20  -0.75  -1.54  -2.41   
1957 -3.17  -3.07   0.42  -0.39   0.95   1.21   1.17   1.07   0.56   1.08  -0.40  -0.53   
1958 0.59   1.89   1.56   2.32  -0.80  -0.59  -0.64  -1.21  -1.14  -1.23   0.60   0.75   
1959 2.20   2.04   1.73   1.21   2.25   1.75   1.32   1.44   2.90   3.01   3.34   3.10   
1960 2.82   2.65   2.96   3.12   4.00   2.95   2.13   1.89   1.58   1.46   2.76   2.41   
1961 2.12   3.57   3.45   3.32   3.72  -0.09  -0.02  -0.37  -0.70   0.24   0.03   0.42   
1962 0.35   0.30   0.94   0.43   0.77  -0.39  -0.76   0.10   0.23   0.53   0.84   0.81   
1963 0.03   0.22   0.31   0.84   0.74   0.72   0.81   0.56   0.44   0.09   0.53   0.23   
1964 1.07  -0.65  -0.12  -0.15  -0.51   0.67   0.83   1.59   1.74   0.97   1.33   2.24   
1965 2.87  -0.06  -0.65  -0.31  -0.42  -0.67   0.11   0.92  -0.28  -1.24  -1.10  -1.28   
1966 -1.18  -1.64  -0.85  -1.36  -1.84  -1.82  -1.61  -1.71  -1.92  -2.16   0.61   1.38   
1967 2.15   1.24   1.42   1.82  -0.13  -0.33  -0.84  -1.67  -2.42   0.66   0.22   0.05   
1968 0.29   0.62  -0.43  -0.65   0.14   0.18   0.06   1.02   0.96   1.70   2.11   3.18   
1969 4.16   3.94   2.99   3.54  -0.14  -0.14  -0.20  -0.79  -0.22  -0.47  -1.37  -1.80   
1970 0.41   0.60  -0.10  -0.01  -0.45  -0.22  -0.39  -0.89   0.03   0.36   0.25   0.70   
1971 1.03   0.65   1.39   1.61   1.52   2.05   2.37   2.07   2.69   2.39   1.85   2.07   
1972 1.93   1.52   1.24   1.58   1.69   1.73   1.81   2.12   2.37  -0.55  -0.96  -1.03   
1973 -1.00  -1.37  -1.72  -1.98  -2.05  -2.57  -3.18  -3.54   0.25   0.23   1.91   3.69   
1974 4.16   4.10   3.90  -0.16  -0.01  -0.92  -0.69  -1.12  -1.69  -2.45   0.37   0.83   
1975 0.95   1.59   1.76   1.88   1.53   1.52   2.14   2.71   1.76   2.03   1.80   1.53   
1976 1.24   1.28   1.22   1.24   1.19   1.00   1.24   2.87  -0.57  -0.97  -1.93  -3.01   
1977 -4.36  -5.64  -5.85  -6.19  -5.50  -5.80  -6.01  -5.49  -4.63  -4.60  -4.29   0.51   
1978 0.84   0.84   0.25   0.89   1.38   1.11   1.76   2.78   2.88  -0.70  -1.04  -1.85   
1979 -2.79  -1.91  -2.33  -2.18  -1.99  -2.41  -2.46  -2.18  -2.17  -2.01  -2.71  -3.06   
1980 -3.20   0.62   0.51   0.60   1.42   1.66   2.01   2.31   2.22  -0.39  -0.62  -0.45   
1981 -1.02   0.36  -0.35   0.09   0.94   1.81   2.93   2.84   2.60   2.67   2.16   2.10   
1982 2.29   2.42   2.32   2.75   1.95   1.68   2.00   2.06   2.42   2.00   1.84   2.11   
1983 2.56   2.73   3.05   3.01   2.36   2.64   3.77   4.32   3.83   3.18   4.06   3.96   
1984 3.48   3.02   2.84   3.03   3.49   4.56   4.59   4.17   3.73   3.07   4.07   4.21   
1985 -0.79  -0.85  -1.03  -1.54  -1.70  -2.10  -2.89  -2.84  -1.82  -1.41  -1.51  -2.53   
1986 -2.37  -1.91  -2.31  -1.75  -1.82  -2.28  -2.03  -2.58  -1.09  -1.59  -1.72  -2.57   
1987 -3.15  -3.79  -2.84  -3.10  -3.14  -3.43  -2.70  -2.31  -2.77  -3.44  -3.85  -2.99   
1988 -2.93  -3.32  -2.90  -2.79  -2.60  -2.17  -2.42  -2.93  -2.15  -3.00   0.69  -0.20   
1989 -0.65  -0.65   0.96   0.88   1.33  -0.42  -0.65   0.83  -0.67  -0.62  -0.76  -1.67   
1990 -1.76  -1.48  -2.07  -0.05   1.64   2.36   3.31   3.85  -0.77  -0.22  -0.62  -0.92   
1991 -1.08  -1.40  -1.24  -1.07   0.90   1.69   2.51   2.50  -0.55  -1.09  -0.87  -1.54   
1992 -1.46  -1.56  -2.59  -2.30  -2.81  -2.54  -1.65  -1.96  -2.19  -2.30  -1.84  -2.02   
1993 -2.11  -2.53  -2.44   0.90   0.37   0.40   2.27   2.65  -0.29  -0.84  -1.61  -1.83   
1994 -2.34  -2.29  -2.90  -2.47  -2.35  -2.03  -2.37  -2.91  -3.08  -2.82   0.25   0.41   
1995 1.26   0.89   2.01   1.73   1.15   1.72   1.67   1.49   1.59   1.81   1.69   1.77   
1996 1.76   2.37   1.59   2.20   3.20   3.14   3.00   2.50   2.15   2.89   3.51   4.68   
1997 4.45   3.71   3.73   3.76   3.66   3.58   3.97   3.58   3.88   3.64   2.77   1.46   
1998 1.19   0.92   0.88   0.64   2.30   2.43   3.01   2.27   1.36   0.74   1.10   2.50   
1999 2.26   3.25  -0.54  -0.86  -0.78  -0.42  -0.08  -0.12  -0.79  -0.92  -1.08  -1.24   
2000 -0.03   0.16   0.52   0.61   0.75   0.69   0.74  -0.60  -0.60  -0.61  -1.27  -2.40   
2001 -3.68  -4.69  -4.80  -3.97  -4.05  -3.65  -3.55  -3.80  -4.15  -3.39  -3.10  -2.47   
2002 -2.48  -2.41  -2.48  -2.40  -2.07  -2.21  -2.20  -2.54  -2.76  -3.23  -3.34  -2.47   
2003 -1.20  -1.58  -1.12  -0.70  -0.62  -1.14  -1.90  -2.59  -2.56  -2.68  -2.98  -3.24   
2004 -3.34  -3.26  -3.64  -3.79  -2.94  -2.59  -2.45  -1.34  -1.00  -0.81  -1.27  -1.78   
2005 -2.19  -3.10  -2.81  -2.71   0.31   0.88   1.29   1.07   0.75   0.73   0.65   0.57   
2006 1.95   1.80   1.48   1.78   1.73   2.32  -0.02  -0.63  -1.16  -1.37   1.02   1.22   
2007 -0.38  -0.13  -0.45  -0.72  -0.90  -1.30  -1.96  -2.38  -2.64  -2.60  -3.12  -2.98   
2008 -2.45  -2.66  -2.27  -1.93  -2.10  -1.90  -2.18  -1.91  -1.97  -2.10  -2.29  -1.91   
2009 -2.05  -2.10  -1.66  -1.68  -1.69  -1.71  -1.21  -1.41  -1.87  -1.09  -1.01  -1.21   
2010 -1.35  -1.49  -1.53   0.24   0.66   1.80   2.25   2.05   2.09   1.91   2.17   2.27   
2011 2.08   1.52   1.98   2.41   2.71   2.55   2.67  -0.40  -1.18  -1.34  -1.18  -2.06   
2012 -2.64  -2.66   1.89   2.11   1.75   3.93   4.67   4.08   2.92   3.26   4.44   5.52   
2013 4.89   3.75 -99.99 -99.99 -99.99 -99.99 -99.99 -99.99 -99.99 -99.99 -99.99 -99.99   
