1895 0.64  -0.83  -1.02  -1.52  -1.95  -2.48  -2.38  -2.86  -3.59  -3.78  -3.88  -3.80   
1896 -4.24  -3.66  -2.78  -3.37  -3.60   0.46   2.74   2.14   2.53   2.24   2.44   1.73   
1897 1.04   2.27   1.92   1.58   1.67   1.60   1.71  -0.37  -1.45  -2.59   0.42   0.72   
1898 1.74   1.01   1.34   1.26   1.15   0.74   0.68   1.56   1.28   1.81   1.91   1.58   
1899 2.01   2.47   3.00  -0.76  -0.34  -0.11  -0.25  -1.04  -1.02  -1.65  -2.28  -2.28   
1900 -2.56  -1.73  -1.62  -2.43  -2.61  -1.84  -1.67  -2.03  -2.69  -3.09  -1.71  -1.80   
1901 -2.06  -2.77  -2.86   1.83   2.04   2.48  -0.98  -1.01  -0.85  -1.63  -1.75   0.91   
1902 1.23   1.09   1.23  -0.18  -0.61  -0.21  -0.84  -1.52  -1.46  -1.83  -1.77   1.06   
1903 0.85   2.39   1.81   2.13  -0.49  -0.12  -0.57  -1.30  -2.18  -2.37  -2.42  -2.74   
1904 -2.70  -2.69  -2.33  -2.00  -2.04  -1.86  -2.13  -2.54  -3.08  -3.56  -4.62  -4.48   
1905 -4.24  -4.13  -3.69  -3.66   0.19   0.17   0.75   0.74   0.25   1.05   1.27  -0.01   
1906 0.10  -0.62   0.63  -0.33  -0.94   0.22   0.54   0.46   0.63   0.37   0.32   1.19   
1907 2.58   2.34   1.87   2.00   2.05   2.80   3.86   3.92   3.88   3.83   4.00   3.63   
1908 3.04   3.28   3.59   3.64   3.83   3.31   3.22  -0.65  -1.75  -2.37  -3.15  -3.40   
1909 -3.26   0.84   0.73   1.35   1.16   1.67   2.05  -0.25  -0.21   0.00  -0.64  -0.79   
1910 1.01   1.19  -1.75  -2.34   0.23   1.09   1.69  -0.72  -0.55  -0.82  -1.08  -1.09   
1911 0.80  -0.43  -0.70  -0.06  -1.09  -1.11  -1.92   0.49   0.78   1.38   1.51   1.62   
1912 1.27   0.96   1.32   1.37   1.14   1.16   2.61   2.56   2.35   1.60   0.82   0.56   
1913 2.15  -0.17  -0.11  -0.52  -0.36  -0.48   0.60  -0.41  -0.53   0.47   1.37   1.18   
1914 0.87   1.24   0.91   1.31  -0.84  -1.65  -2.14  -1.56  -1.91  -1.69  -2.51   0.78   
1915 1.41  -0.22  -0.80  -1.55   0.43   0.30   0.78   1.24   1.56   1.86   2.34   3.11   
1916 3.65   4.03   4.22   3.61   2.90   3.23   2.17   2.14   2.25   1.92   1.15   1.17   
1917 1.87   2.08   3.01   2.63   2.92   2.55   2.48   1.87   1.62   2.04  -0.56  -1.12   
1918 0.50   0.63   0.45   1.06   0.83   0.97  -0.36  -0.75  -0.67  -0.45  -0.86  -0.40   
1919 -0.15  -0.72  -1.04  -1.47   0.56   0.77   0.76   0.95   0.43   1.48   2.69   3.23   
1920 3.65   3.02   2.54   3.08   2.66   2.67   2.85   2.82   0.00  -0.62  -0.63  -0.88   
1921 -1.07  -1.17  -1.80  -2.27  -2.18  -2.20  -2.77   0.58   1.07   0.94   2.57   3.05   
1922 2.46   2.06   2.43  -0.15  -0.50  -0.44  -0.33  -0.42  -0.80  -1.02  -1.81   0.61   
1923 1.18   1.72   1.29   1.21   0.81   0.96   1.00   1.32   1.21   0.67   0.98   2.18   
1924 2.64   2.52   2.46   1.90   2.98   2.81   2.74   2.53   3.51  -0.71  -0.84  -0.58   
1925 -0.39  -0.47  -0.60  -0.92  -0.83  -1.03  -0.69  -1.52  -2.10   1.80   2.63  -0.83   
1926 -0.48  -0.01  -0.19  -0.27  -0.84  -0.76   0.10   1.28   2.03   2.98   3.30   4.17   
1927 4.42   4.43   3.61   4.42   4.48   4.20   4.15   3.92   3.18   2.94   3.30   3.16   
1928 2.42   1.91   1.71   2.21   1.73   3.34   2.99   2.85   2.27   1.85   2.05   1.59   
1929 1.42   1.30   0.77   0.65   1.59   1.26   1.33   1.01   0.95   1.90   2.94  -0.19   
1930 -0.63  -0.70  -0.88  -1.65  -2.23  -2.74  -4.09  -4.59  -5.22  -5.43  -5.98  -5.94   
1931 -6.43  -6.24  -5.36  -4.29  -3.99  -4.24  -3.75  -2.70  -2.30  -2.65  -3.30  -3.24   
1932 0.64   0.43   1.25  -0.41  -1.33   0.35   1.48  -0.75  -1.53   0.30   0.11   0.02   
1933 0.73   0.84   1.38   1.36   1.91   1.31   1.19   1.60  -0.47  -0.93  -1.55  -1.05   
1934 -1.38  -1.70  -1.21  -1.66  -2.45  -2.83  -3.02  -2.03  -1.79  -2.53  -2.60  -3.01   
1935 0.41  -0.38   1.05   1.12   2.36   2.98   3.05   3.49   3.00   3.07   3.01   2.99   
1936 2.95   2.30   2.36   2.39  -1.00  -2.13  -2.74  -3.10  -3.74   0.32   0.23   0.41   
1937 2.76   2.66   1.71   1.23   0.78   1.05   1.04   1.50   0.76   2.06  -0.20  -0.29   
1938 -0.63  -0.89  -0.89  -0.88   0.70   1.31   2.17   1.78   2.17   1.18   1.49   0.87   
1939 0.79   2.31   2.68   3.60  -1.24  -1.38  -0.77  -1.72  -2.59  -2.81  -3.76  -4.29   
1940 -5.02  -4.35  -3.99  -3.18  -3.45  -2.03  -2.33  -2.07  -1.91  -2.30  -2.40  -2.93   
1941 -3.02  -3.65  -3.73  -4.21  -4.68  -4.09  -3.18  -2.99  -3.08  -2.99  -3.16  -3.53   
1942 -3.67  -3.74  -3.50  -3.95  -3.76   0.32   0.44   1.22   1.39   1.04   1.51   2.80   
1943 2.16   1.47   2.22   2.60  -0.02   0.02  -0.03  -0.55  -1.18  -1.30  -1.83  -2.19   
1944 -2.43  -2.07  -1.24  -0.82  -0.80  -1.41  -2.54  -2.82  -2.53  -2.13  -2.41   0.50   
1945 0.70   1.45   1.28   0.85   1.50   1.46  -0.01  -0.40  -0.09  -0.43   0.81  -0.14   
1946 -0.28  -0.07  -0.64  -1.37   0.43   1.04  -0.33  -0.32  -0.55  -0.72  -1.40  -1.84   
1947 -1.23  -1.82  -2.08  -2.78  -2.66  -1.89  -2.12  -1.59  -0.90  -1.53  -1.62  -2.25   
1948 -2.13   0.33  -0.39   1.19   0.96   0.92   1.14  -0.35  -0.60  -0.78   0.44   0.86   
1949 1.26   1.22  -0.43  -0.38  -0.53  -0.65  -0.57  -0.78  -0.89  -1.02  -1.31   0.27   
1950 1.93   1.76   1.56   0.78   0.70   1.93   2.62   2.30   4.10   3.66   4.61   3.86   
1951 3.94   3.87   3.94   3.48   3.45   3.73   2.51   1.99   2.02   1.15   1.83   2.60   
1952 3.17   2.21   2.39   2.25   2.72  -0.11  -1.08  -0.90  -1.29  -1.81  -2.27  -2.49   
1953 -1.64  -1.93  -1.66  -1.65  -1.64  -1.45  -1.82  -2.30  -2.65  -3.59  -4.29  -4.60   
1954 -4.39  -4.88  -4.26  -4.34  -3.96  -4.05   0.69   1.56   1.55   2.00   1.72   1.76   
1955 1.17   2.26   3.12  -0.41  -0.46  -0.32  -0.99  -1.44  -1.97  -2.01  -2.58  -3.26   
1956 -3.42   1.68   2.81   2.94   2.58   2.23   2.38   2.19   2.64   2.17   1.42   1.95   
1957 2.38   2.43  -0.47  -0.82  -1.28  -1.61  -2.32  -3.30   0.46   0.56   0.35   0.63   
1958 0.42   0.48   0.24   1.06   1.88   1.99   3.24   3.61   0.04  -0.28  -0.35  -0.87   
1959 -0.63  -0.79  -1.34  -0.93  -1.45  -2.03  -2.04  -2.82  -3.59  -2.86  -2.33  -2.44   
1960 -2.37  -1.64  -1.92  -2.57  -2.35  -2.11  -1.99  -1.56  -1.70  -1.78  -2.17  -2.44   
1961 -0.02   0.03   0.11   0.63   0.89   1.89   3.25   2.84   1.67   2.21   2.10   2.54   
1962 2.23   3.01   2.86   3.06   2.03   1.75   2.83   1.75   2.04   1.84   2.70   2.65   
1963 1.90   1.47   2.57  -0.94  -0.91  -1.06  -1.21  -1.26  -1.59  -2.77  -2.73  -3.21   
1964 -3.16  -2.47  -2.12  -1.77  -2.58  -2.91  -3.27  -3.11  -2.59  -3.02  -2.99  -2.60   
1965 -2.14  -2.22  -1.61  -0.66  -1.81  -2.07  -2.16  -2.42  -2.15  -1.97  -2.78  -3.95   
1966 -3.68  -3.25  -3.88  -2.87  -3.14  -4.08  -4.13  -3.79   0.71   0.64  -0.02  -0.05   
1967 -0.87   0.02   1.13   0.89   2.06  -0.81  -0.70  -1.10  -1.46  -1.55   0.34   0.78   
1968 -0.30  -1.24   0.35   0.15   1.37  -0.24  -0.55   0.65   0.36   0.65  -0.16  -0.38   
1969 -0.79  -1.41  -1.99  -2.02  -2.30  -2.45  -0.03   0.82   0.99   0.55   0.33   1.08   
1970 -0.79  -0.46  -0.39  -0.22  -0.84  -1.25  -1.44  -1.54   0.07   0.90   0.76   0.88   
1971 0.83   0.79  -0.57  -1.21   0.79   0.56   1.58   1.01   2.09  -0.37  -0.42  -1.10   
1972 0.81   1.82   1.13   2.07   1.63   1.91   1.36   1.61   1.81   1.66   2.43   3.40   
1973 -0.65  -0.82  -1.22   0.79   1.30  -0.11  -0.20  -0.98  -1.06   0.36   1.41   1.29   
1974 1.87   1.08   1.24   0.85   1.71   2.75   1.95   2.29   2.45   2.10   1.98   2.12   
1975 2.31   2.15   3.02   3.37   3.60   3.12   2.33   2.12   3.02   3.14   2.93   2.91   
1976 2.83  -0.55  -0.82  -1.80  -1.91   0.26   0.36   0.64   1.75   3.33  -0.29  -0.39   
1977 -0.83  -1.55  -1.83  -1.64  -2.34   0.46   0.13   1.26   0.98   1.72   1.91   1.59   
1978 2.59   1.58   1.08   0.91   1.06   0.65   1.22   1.89   0.99   1.18   0.82   3.12   
1979 3.85   3.84   2.69   2.56   2.59   3.07   3.50   4.28   4.87   5.02   5.04   4.44   
1980 3.69   2.85   3.07   3.07   2.37   1.68   2.76   3.48  -0.18  -0.18   0.21  -0.35   
1981 -1.19  -0.64  -1.07  -0.98   0.40   1.12  -0.20  -1.01  -0.95  -0.83  -1.45  -1.61   
1982 0.13   0.24   0.44  -0.62   0.01   1.01   0.91   1.30   1.20   0.96   1.29  -0.17   
1983 -0.89  -1.09  -1.57   0.51   1.55  -0.14  -0.48  -1.07  -1.88   1.37   1.83   1.97   
1984 -0.60  -0.93  -1.11   0.49   0.78  -0.91  -0.83   0.36   0.08   0.68   1.37   1.38   
1985 1.35  -0.07  -0.34  -1.30   0.62  -0.08  -0.28  -0.20  -1.16   0.54   2.04  -0.26   
1986 -0.85  -0.23  -1.04  -1.90  -1.90  -2.33  -2.23  -2.11   0.10  -0.17   1.27   1.52   
1987 0.01  -0.16  -1.01   0.77  -0.42  -0.40  -1.24  -1.76  -1.46  -1.86  -2.36  -2.15   
1988 -2.42  -2.44  -2.70  -2.65  -2.87  -3.73  -3.92  -4.16  -3.68  -3.52   0.41   0.30   
1989 0.12   1.58   1.79   2.08   2.62   3.52   3.33   3.92   5.10   5.61   5.37   4.42   
1990 3.96   3.63   2.43   2.22   2.66   2.39   2.34   2.20   2.17   2.50   2.03   3.59   
1991 3.07   2.92   3.62  -0.26  -1.24  -1.73  -2.53  -3.04  -2.50  -2.98  -2.73   1.04   
1992 -0.54  -0.77  -0.47  -0.76   0.32   0.32   1.23   2.07  -0.20  -0.57  -0.48  -0.16   
1993 -0.67   0.04   1.07  -0.28  -0.65  -0.31  -1.23  -1.58   0.79   1.23   1.73   1.82   
1994 2.87   3.52   4.99   4.44   4.24   3.54   3.01   3.34  -0.07  -0.55  -1.11  -1.50   
1995 -0.61  -0.59  -1.13  -1.52   1.19   1.93   1.01   0.72   0.85   1.02   1.06   0.97   
1996 1.88   1.56   1.63   1.75   3.38   3.20   3.79   3.54   4.69   4.35   4.74   4.04   
1997 3.18   2.18   3.68   2.92   2.88   3.16   3.18   3.06   2.58   1.82   1.44   1.05   
1998 1.11   1.62   1.19   1.85   2.00   3.88  -0.20  -0.52  -1.19  -1.51  -2.08  -2.18   
1999 -1.21  -1.46  -1.14  -1.72  -2.32  -3.23  -3.81  -3.43  -3.77  -3.04  -2.66  -2.57   
2000 -2.87  -2.12  -2.56   0.46   0.28   0.99   1.77   2.15   2.44  -0.59  -0.96  -0.95   
2001 -1.15  -1.60  -1.52  -2.36   1.18   1.09   2.07  -0.41  -0.77  -1.15  -1.96  -2.33   
2002 -2.13  -2.93   0.82   1.46   1.73   1.67  -0.19  -1.19  -1.15   1.28   1.81   1.69   
2003 1.01   2.61   1.26   1.14   2.19   3.26   3.59   3.94   4.88   4.67   6.38   5.78   
2004 5.35   4.65   4.06   4.36   4.79   4.41   4.07   4.01   5.78   5.90   5.99   5.54   
2005 5.05   4.23   4.17   4.25  -0.11  -0.94  -0.75  -0.01  -0.95  -0.56  -0.59  -0.61   
2006 -0.35  -1.15  -1.66  -1.32  -1.61   0.54   1.07   0.93   3.05   4.65   0.03  -0.55   
2007 -0.48  -0.82  -1.02  -0.45  -1.41  -2.11  -1.97  -2.77  -3.31  -3.17  -3.01   0.82   
2008 0.51   0.86   1.10   0.93   1.43   1.93   0.01  -0.01  -1.08  -1.34  -1.45   0.90   
2009 1.64  -0.75  -1.13  -0.04   1.22   1.49   2.28   2.64   2.86   3.01   2.22   2.90   
2010 2.80   2.80   2.38   1.40   2.01   2.22   2.62   2.42   1.82   1.32   1.04   1.23   
2011 0.74   0.63   1.12   2.59   2.80   2.23   1.40   0.91   2.08   3.17   4.06   3.84   
2012 3.16   2.25   1.83   1.61   1.56   1.01   1.84   0.61   1.53   2.48   1.79   2.54   
2013 2.68   1.91 -99.99 -99.99 -99.99 -99.99 -99.99 -99.99 -99.99 -99.99 -99.99 -99.99   
