1895 0.49  -0.57  -0.72  -0.29  -0.49  -0.62  -0.53  -1.24  -2.07  -2.47  -3.26  -3.82   
1896 -4.56  -3.68  -2.83  -3.52  -4.24  -3.72  -2.41  -3.11  -2.35  -2.39  -2.30  -2.81   
1897 -3.02   1.08   0.54   0.19   0.57   0.54   1.07  -0.39  -1.09  -1.86  -2.25  -2.07   
1898 -1.53  -1.94  -1.77  -1.74  -1.34  -1.76  -1.98   1.15   0.38   1.09   1.19   1.17   
1899 1.22   2.06   2.65  -0.84  -1.12  -1.12  -1.49  -1.79  -1.20  -1.78  -2.53  -3.09   
1900 -3.53  -2.67  -2.11  -2.67  -3.16  -2.51  -2.64  -3.36  -3.83  -4.10  -4.30  -4.51   
1901 -4.59  -5.03  -0.02   1.31   2.11   2.11   1.68   2.39   2.20  -0.93  -1.36   1.04   
1902 1.16   1.79   0.03   0.03  -0.71  -0.36  -0.65  -1.34  -1.14  -0.88  -1.45   0.63   
1903 0.89   1.68   1.88   1.96   1.06   1.68   1.62   1.53  -0.63  -0.55  -0.86  -1.14   
1904 -1.08  -1.25  -1.19  -1.21  -1.42  -1.00  -1.02  -1.21  -1.60  -1.90  -2.47  -2.70   
1905 -2.38  -2.20  -2.19  -2.27  -2.20   0.19   1.04   1.39   0.98   1.35   0.82   1.23   
1906 1.11   0.60   1.11  -0.17  -0.63   0.63   0.55   1.30  -0.68  -0.23  -0.73   0.32   
1907 0.74   0.46   0.64   0.75   0.57   1.62   1.96   2.02   2.81   2.65   3.08   3.18   
1908 2.94   3.12   3.14   2.46   2.82  -0.34  -0.11  -0.29  -1.02  -1.49  -2.53  -2.79   
1909 -2.98  -2.55  -2.45  -1.96  -1.93  -1.20  -1.52  -2.02  -2.05  -2.04  -3.13  -3.37   
1910 -2.62  -2.41  -3.66  -3.18  -3.06  -1.76  -1.84  -2.32  -2.52  -3.05  -3.52  -3.81   
1911 -3.23  -3.29  -3.06  -2.61  -3.71  -3.46  -3.97   1.27   1.42   2.05   2.01   1.79   
1912 1.45   1.20   2.13   1.62   1.32   1.44   2.25   2.03   2.51  -0.58  -0.79  -0.63   
1913 -0.39  -0.79   0.33   0.44   0.95  -0.30  -0.21  -0.66  -0.80   0.59   0.47   0.38   
1914 0.64   0.68   0.39   0.67  -0.88  -1.17  -1.31  -1.42  -2.25  -2.63  -3.19  -2.66   
1915 -1.39  -0.86  -1.64  -2.40  -2.81  -2.31  -2.44   0.83   0.60   0.87   0.27   0.40   
1916 0.12   0.47   0.80   0.62   0.20   1.14   1.10  -0.24  -0.05  -0.39  -1.03  -1.11   
1917 0.24  -0.23   0.93   0.38   0.55   0.60   0.97   1.15   0.99   1.85  -0.55  -0.88   
1918 -0.37  -0.77  -0.72   0.95  -0.41  -0.46  -0.78  -1.10  -0.97  -1.09  -1.74  -1.70   
1919 -1.36  -1.48  -1.66  -1.70   0.29   0.37   1.21   1.55   1.01   1.35   1.32   1.40   
1920 1.23   1.53   1.07   1.53   0.68   1.11   1.24   1.51  -0.04  -1.02   0.38   0.48   
1921 -0.18  -0.26  -1.26  -1.66  -1.08  -1.26  -1.44  -1.30  -1.21  -1.57  -1.70  -1.83   
1922 -1.48  -1.25  -0.72  -1.23  -1.45  -0.95  -0.65  -0.72  -1.30  -1.57  -2.66  -2.70   
1923 -2.25  -2.00  -1.88  -1.53  -2.12  -2.10  -1.82  -1.99  -1.89  -2.30  -2.58  -2.59   
1924 0.41   0.50   0.79   1.20   2.52   2.72   2.48   2.50   3.73  -0.81  -1.16  -1.45   
1925 -0.74  -1.29  -1.74  -2.07  -2.12  -2.42  -2.03  -2.80  -3.47   1.50   1.40   1.01   
1926 1.05   1.44  -0.37  -0.85  -1.43  -1.41  -1.34   0.73   1.39   1.81   2.48   2.75   
1927 2.32   2.47  -0.96  -0.13  -0.78  -0.59  -0.46  -0.07  -0.78   0.80   0.91   1.21   
1928 0.88   0.71   0.60   1.57   0.86   1.88   1.61   2.45   2.76  -0.55  -1.07  -1.61   
1929 -1.61   0.29  -0.35   0.89   0.84   1.01  -0.53  -1.06  -1.37   1.32   1.58  -0.26   
1930 -0.63  -1.06  -1.25  -1.57  -2.23  -2.38  -3.34  -4.42  -5.33  -5.85  -6.44  -6.54   
1931 -7.14  -7.14  -6.44  -5.61  -4.41  -4.36  -3.64  -2.73  -2.53  -3.08  -4.07  -4.30   
1932 -4.13  -3.70  -2.72  -2.96  -1.78  -1.63  -1.66  -2.22  -2.88   0.69   1.43   1.14   
1933 1.08   0.67   0.98   1.68   2.02   1.28   1.45   2.20   0.04  -0.46  -1.06  -1.31   
1934 -1.56  -1.78  -1.72  -2.04  -2.28  -2.60  -2.74   0.02   0.86   0.11   0.15   0.23   
1935 1.02  -0.17  -0.67  -0.43  -0.29  -0.26  -0.72   0.04   0.60   0.26   0.40   0.45   
1936 1.20   1.37   3.15   0.01  -0.83  -0.72  -0.32  -0.57  -1.35  -0.95  -1.44   0.57   
1937 1.95   2.11   1.34   2.48   1.81   1.76   0.93   2.55   2.28   4.05  -0.02  -0.34   
1938 -0.70  -1.19  -1.41  -1.95  -1.44  -1.28  -0.70  -1.13  -0.96  -1.51  -1.55   0.12   
1939 0.48   1.12  -0.48   0.47  -0.83   0.67   1.27  -0.33   0.14   0.30  -0.10  -0.26   
1940 -0.52   0.11   0.03   0.93   1.08   0.94   0.99   1.57   1.58   1.18   1.96   1.82   
1941 1.71  -0.72  -1.04  -1.36  -1.98   0.45   0.76   0.98  -0.79  -1.60  -1.90  -1.84   
1942 -1.84  -1.96  -1.50  -2.13   0.61   0.90   0.70   2.22   2.35   4.10   3.75   4.09   
1943 4.17  -0.46  -0.39  -0.10  -0.24  -0.96  -0.75  -1.55  -2.28  -2.01  -2.31  -2.77   
1944 -2.70  -2.20  -1.07  -0.88  -1.08  -1.38  -1.74  -2.41   0.48   0.79   0.40   0.70   
1945 0.65   0.80  -0.77  -0.70   0.09   0.15   1.40   1.51   3.47   2.63   3.18   3.17   
1946 -0.33  -0.27  -0.58  -1.31  -1.06  -0.59  -0.77  -0.35  -0.49  -0.43  -1.11  -1.46   
1947 -1.29  -1.56  -1.95  -2.31  -2.34  -2.40  -1.54  -1.68  -2.09  -2.87  -2.57  -3.12   
1948 -2.81  -2.81   0.06   0.38   0.70   0.53   0.48   0.64   0.78   1.06   1.48   2.29   
1949 2.73   2.11   1.07   0.74   0.77   1.78   2.37   2.81  -0.10  -0.07  -0.23  -0.21   
1950 -0.60  -0.31  -0.25  -0.80  -0.35  -0.35  -0.43  -0.63   1.28   1.03   1.75   2.15   
1951 2.15   2.12   2.05   1.93   1.47   2.76  -0.64  -1.48  -1.92  -2.62   0.04   0.58   
1952 1.12   0.71   0.99   2.04   2.08  -0.09  -0.64  -0.51  -0.31  -0.82   0.59   0.66   
1953 1.19   0.97   1.34   1.25   1.29  -0.54  -1.08  -1.62  -1.95  -2.54  -3.20  -3.48   
1954 -3.93  -4.25  -3.20  -3.45  -3.34  -2.81  -2.83   1.03   0.40   1.67   1.69   2.02   
1955 -0.83  -0.73  -0.12  -0.44  -0.87   1.14  -0.64   1.90  -0.30  -0.72  -0.89  -1.58   
1956 -1.54   0.69   0.80  -0.25  -0.63  -0.79   0.43   0.98   1.16  -0.12  -0.64  -0.54   
1957 -0.44  -0.07  -0.62  -0.46  -1.09  -0.81  -1.26  -2.30  -2.38  -1.96  -2.21  -0.02   
1958 0.23   0.27   0.57   0.56   0.50   0.49   1.27   1.59  -0.32  -0.88  -1.31  -2.00   
1959 -2.13  -2.42  -2.48  -2.14  -2.29  -2.37  -1.84  -2.14  -2.43   0.61   0.31   0.38   
1960 0.27   0.98   0.82   0.24   1.59  -0.02  -0.20  -0.25   0.31  -0.66  -1.52  -2.09   
1961 -2.06   0.89   1.08   1.86   1.48   1.69   1.73  -0.31  -0.81  -1.31  -1.57   0.17   
1962 -0.18   0.72   1.47  -0.04   0.11  -0.38  -0.50  -1.39  -1.40   0.72   1.41   1.45   
1963 -0.49  -0.71   1.04  -0.51  -1.19  -0.57  -1.09  -1.19  -1.31  -2.37   0.65   0.53   
1964 1.02   1.46   0.99   1.63  -1.11  -1.74  -2.20  -2.63  -2.03  -2.25  -2.69  -2.81   
1965 0.47   0.87   1.42   1.30  -1.05  -1.67  -2.12  -2.43  -2.77  -2.74  -3.53  -4.58   
1966 -4.40  -3.63  -4.12  -2.81  -3.14  -3.88  -4.68  -5.23   1.53   1.30   1.33   1.23   
1967 0.62   0.26   0.91   0.15   0.71   0.29   0.85   1.63   1.58   1.73   1.51   2.42   
1968 2.24  -0.81  -0.48  -1.23   0.66  -0.38  -1.37  -1.88  -2.01  -2.15  -2.04  -2.36   
1969 -2.63  -2.82  -2.94  -3.33  -4.05  -4.37  -3.50  -2.90  -2.80  -3.25  -3.34   0.87   
1970 0.19   0.12   0.40   0.83   0.01   0.53   1.36  -0.46  -0.89  -0.92   0.52   1.08   
1971 1.47   1.97  -0.53  -1.07   1.00  -0.46  -0.67   0.62   1.52   1.64   1.70   0.79   
1972 0.62   1.70   1.08   1.56   2.24   4.17   3.62   3.08   2.03   2.40   3.53   4.46   
1973 3.95   3.74   2.69   3.63   3.25   2.75   2.14   2.20   1.74   2.06   1.43   2.13   
1974 1.97  -0.50  -0.64  -0.95  -0.92   1.36  -0.69  -1.00  -0.81  -1.25  -1.62   0.55   
1975 0.58   0.56   1.32   1.25   1.37   2.19   2.12   2.46   4.31   4.03  -0.21  -0.21   
1976 0.19  -0.83  -1.47  -2.05  -2.32  -2.39  -2.33  -2.21   0.72   2.98  -0.25  -0.46   
1977 -0.94  -1.58  -1.44  -1.40  -2.42  -2.40  -2.73  -2.71  -2.85   0.06   0.80   0.99   
1978 2.49   1.54   1.52   0.69   1.18   0.91   2.12   3.33   2.46   1.87   1.51   1.85   
1979 3.05   3.67   2.64   2.22   2.35   2.33   2.76   2.79   3.73   4.29   4.34  -0.29   
1980 -0.20  -0.68   0.27   0.86   0.72   0.37   0.80  -0.23  -0.83  -1.06  -0.73  -1.40   
1981 -2.05  -1.55  -2.12  -2.13   0.41   0.87   1.25   0.56   0.89   1.18  -0.39  -0.52   
1982 0.28   0.66   0.97  -0.12  -0.90   0.94   1.41  -0.42  -0.57  -1.04  -1.20  -1.66   
1983 -2.08   0.19   0.36   1.64   1.89   1.79  -1.07  -1.76  -2.19   0.77   1.17   2.19   
1984 1.46   2.34   3.23   3.70  -0.33  -0.93   0.55   1.04  -0.44  -0.54  -0.12  -0.47   
1985 -0.72  -0.21  -0.66  -1.66  -0.97  -1.32  -0.65  -0.61  -1.38   0.51   2.90  -0.33   
1986 -0.75  -0.23  -0.51  -0.77  -1.03  -1.56  -1.78  -1.83  -2.57  -3.05   0.48   0.87   
1987 1.43   1.09   0.47   1.69  -0.24  -0.59  -1.53  -2.17   1.33  -0.34  -0.13  -0.15   
1988 -0.02  -0.51  -1.18  -1.26   1.54  -0.81  -1.14  -0.97  -1.05  -1.58  -1.70  -2.29   
1989 -2.54  -2.40   0.53  -0.53   1.26   1.51   2.47   2.15   1.92   2.07   2.24  -0.42   
1990 -0.44  -0.97  -1.66  -1.81  -0.86  -1.72   0.67   0.61   0.40   1.43   0.85   1.45   
1991 1.63  -0.58   0.54  -0.56  -1.50  -2.30  -2.78  -3.38  -3.65  -4.10  -4.42  -3.72   
1992 -3.67  -3.45   0.13   0.21   0.50   0.31   0.80  -0.28  -0.05  -0.84  -0.87   0.69   
1993 0.24   0.17   1.93   2.89  -0.82  -0.90  -1.45  -2.01   0.80   0.56   1.04   1.72   
1994 2.16   3.05   4.18  -0.57  -0.28  -0.89   0.30   1.11  -0.20  -0.87  -0.83  -0.83   
1995 0.76  -0.51  -1.37  -1.62   0.14   0.89   0.79   0.61   0.14   0.57   1.10   1.03   
1996 3.12   2.67   3.06   2.30   3.64   3.41   4.76   5.32   7.37   6.85   7.04   6.81   
1997 5.78   4.75   4.80   3.79   3.03   2.84   2.34   1.75   1.86   1.07   2.25   2.07   
1998 2.97   3.93   3.91   4.06   3.49   3.68  -0.72  -1.18  -1.73  -2.41  -3.48  -4.56   
1999 -4.07  -4.08  -3.46  -3.24  -3.58  -4.24  -4.76  -4.79  -3.35  -3.26  -3.39  -3.30   
2000 -3.31  -3.04  -2.73  -2.56  -2.53   0.49   0.78   1.29   2.11  -0.75  -0.75  -0.72   
2001 -0.56  -1.10   0.46  -0.48  -0.69   0.58   1.38   0.04  -0.11  -0.81  -1.67  -2.23   
2002 -2.25  -2.96   0.29   0.94   1.38   0.92   1.57   0.94   1.16   1.74   2.11   2.42   
2003 2.14   3.46   2.87   2.87   3.73   5.04   4.95   5.10   6.93   6.38   6.38   6.44   
2004 5.58   5.53   4.53   5.08   4.71   4.58   4.03   3.49   5.72   5.02   4.99   4.54   
2005 4.37   3.51   3.68  -0.12  -0.09  -0.91  -0.65  -0.82  -1.94   0.31   0.60   0.41   
2006 0.73  -0.33  -1.41  -1.33  -1.55   1.51  -0.35  -0.89   0.67   1.27   2.07  -0.36   
2007 -0.74   0.43   0.44   0.72  -0.81  -0.82  -1.27  -0.87  -1.27  -1.41  -1.99   0.34   
2008 0.01   0.07   0.21   0.97   1.80   1.87   2.41   2.40   2.29  -0.63  -0.90  -0.12   
2009 -0.03  -0.78  -1.29   0.24   0.95   1.20  -0.01  -0.26  -0.74   0.26   0.13   1.30   
2010 1.72   2.06   2.08  -0.80  -0.75  -1.50  -2.05  -2.91  -2.73  -2.86  -2.99  -3.07   
2011 -3.56   0.08   0.59   2.08   2.80   2.23   1.32   1.17   2.40   2.62   2.87   2.85   
2012 2.89  -0.55  -1.03  -1.32  -1.15  -1.27   0.16   0.40   0.54   1.23   0.76   1.18   
2013 2.06   1.44 -99.99 -99.99 -99.99 -99.99 -99.99 -99.99 -99.99 -99.99 -99.99 -99.99   
