1895 0.11  -0.21  -0.98  -1.75  -1.43  -1.58  -1.80  -2.30  -2.23  -2.73  -2.91  -3.27   
1896 -3.23  -3.25   0.28   2.08   2.28  -0.20  -0.67  -1.32   0.00   0.64   1.74   1.50   
1897 2.20   2.33   2.85   2.14   1.12   1.94   2.53  -0.07  -0.62  -0.88  -1.14  -1.34   
1898 -1.52   0.27   0.75  -0.34  -0.70  -0.78  -0.93  -1.11  -1.86   0.95   0.89  -0.60   
1899 -0.64  -0.53  -0.22  -0.54   0.16   1.05   0.76   0.89   0.60   1.00  -0.33  -0.14   
1900 -0.24  -0.12  -0.36  -0.81  -2.22  -3.49   1.34   1.69   2.72   3.73  -0.01  -0.16   
1901 -0.38  -0.53   0.54  -0.87  -1.50  -0.89  -0.72  -1.38  -0.97  -0.84  -0.96  -1.11   
1902 -1.31  -1.03  -1.22  -1.55   1.23   0.91   1.49  -0.53  -0.76  -0.83   0.14   1.00   
1903 0.59   0.48   1.12   1.30   2.23   0.97   1.88   2.82   3.83   4.14   3.53   3.13   
1904 2.33   2.21   2.48   2.00   1.89   1.72   1.66   1.21   1.63   2.71  -0.58  -0.20   
1905 -0.19  -0.18  -0.36  -0.97   1.36   2.88   3.06   3.30   2.97   3.11   3.61   2.96   
1906 3.40   2.79   2.64   1.69   2.68   2.90   2.26   2.22   1.87   2.05   2.62   2.56   
1907 2.82   2.34   1.93   1.86   1.62   1.38   1.73   1.80   2.32   1.75   1.42   1.06   
1908 0.75   1.00   1.14   1.38   2.17   2.50  -0.13  -0.96  -1.42  -1.73  -2.12  -2.09   
1909 0.20   0.60  -0.54   0.88   0.90  -0.43  -0.66  -0.42  -0.55  -0.74   0.46   1.17   
1910 1.15  -0.12  -1.46  -1.63  -2.30  -3.81  -4.45  -4.56  -4.59  -5.17  -5.89  -6.41   
1911 -6.60  -6.22  -6.79  -6.87   0.25  -0.24   0.24   0.59   1.03   2.76   2.94   3.25   
1912 -0.28  -0.56  -1.20  -1.38  -0.23  -1.54   1.34   2.28   2.21  -0.29  -0.60  -0.07   
1913 -0.46  -0.49  -0.11  -0.50   0.93   0.24   2.16   1.66   1.66   2.10  -0.14  -0.73   
1914 -0.54  -0.66  -0.75   0.39   0.29   2.33   1.83   2.09  -0.29  -0.41  -0.69  -0.92   
1915 0.01   0.84  -0.72  -1.89   0.69   1.52   1.58   1.23   1.36   1.41   2.21   1.74   
1916 2.57   2.18   2.14   2.42   2.53   3.56  -0.90  -1.13   0.26   0.42   0.21   0.14   
1917 0.51   0.46   0.82   0.88  -0.40  -0.09  -0.24  -0.53  -0.70  -0.12  -0.52  -0.75   
1918 -0.43  -0.49  -0.78  -0.92   1.05  -1.15  -1.39  -1.41  -1.97  -1.93   0.02   0.37   
1919 0.03   0.63   0.29   0.68   0.09   0.39   0.94   0.66   0.12   0.48   1.27   0.90   
1920 1.07   0.72   1.54   1.55   1.15   2.44  -0.43  -0.97  -1.57  -1.88  -1.94  -1.70   
1921 -1.91  -1.87  -1.24  -0.90  -0.76  -1.75  -1.91  -2.40  -2.13  -2.57  -2.92  -2.78   
1922 -2.71   1.36   1.44   1.63  -0.29  -0.34  -0.61  -1.44  -1.66  -2.36  -1.79  -1.90   
1923 -1.46  -1.41  -1.40  -1.27  -1.83  -1.54  -1.50  -2.03  -2.51  -2.86  -3.71  -4.03   
1924 -4.35  -4.31  -4.30   0.98   0.97   1.01   0.80   2.20   2.39  -0.50  -0.54  -0.62   
1925 -0.84  -0.74  -1.25  -1.61  -2.09   1.30   1.73  -0.67  -0.33  -0.26  -0.27  -0.12   
1926 -0.23  -0.02  -0.16  -0.64  -0.69  -0.65   0.09   0.40   1.02   1.49   1.83   2.01   
1927 1.66   1.34   1.65   1.28   1.59   1.15   1.53  -0.80   0.04   0.02   0.32   1.03   
1928 -0.31  -0.05  -0.43  -0.13  -1.03   0.15   0.33   1.48   1.81   2.25   1.75   1.53   
1929 2.13   2.00   1.75   1.92  -0.43  -0.77  -0.92  -1.68  -1.38  -1.28  -1.61  -1.87   
1930 -1.85  -1.30  -1.64  -2.13  -1.50  -1.20  -1.48  -2.71  -2.53  -2.40  -2.17  -2.47   
1931 -2.52  -2.36  -2.36  -2.85  -3.21  -2.14  -2.68  -2.75  -2.70  -2.47  -1.75  -1.85   
1932 -1.24  -1.15  -1.38  -1.51  -1.44  -2.04  -2.21  -2.21  -3.08  -3.10  -2.82  -2.56   
1933 -2.30  -2.04  -1.97  -1.63  -1.70  -2.56  -2.60  -3.89  -4.06  -3.22  -3.40  -2.97   
1934 -2.73  -2.76  -2.91  -2.80  -3.79  -3.92  -4.46  -4.71   1.18   1.63   1.86   2.18   
1935 2.68   2.17   2.02   1.73   1.16   1.51   2.29   2.80   2.03   2.63   2.56   2.29   
1936 2.32   2.48   2.91  -0.17  -0.41  -1.31  -2.95  -3.11  -3.62  -3.84  -4.39  -4.08   
1937 -3.67  -2.98  -3.43  -2.54  -1.96  -2.60  -2.68  -2.78  -2.67  -2.57  -2.63  -2.67   
1938 0.30   0.19   0.50   1.41   2.98   2.93   2.81   2.44   2.69   2.08   2.52   2.20   
1939 2.39   2.94  -0.45  -0.55  -0.69   0.85  -0.69  -0.28  -0.97  -1.08  -2.05  -2.39   
1940 -2.73  -2.32  -2.00  -1.63  -1.16  -1.21  -1.71  -1.54  -2.59  -2.84   0.64   0.67   
1941 0.68   0.79  -0.28  -0.59  -0.82  -0.96  -1.11   1.53   2.38   3.21   2.82   2.45   
1942 1.78   1.27   1.86   1.05   2.41   2.23   2.45   1.77   2.46  -0.32  -0.45  -0.29   
1943 -0.09  -0.30  -0.26  -0.60   0.58   1.87  -0.54  -0.90  -1.26  -1.39  -1.36  -1.88   
1944 -1.90   0.13   0.20   0.30   1.13   2.04  -0.33  -0.60  -0.98  -1.75  -2.09  -2.47   
1945 -2.51   0.67   1.06   1.93   1.56   2.51   2.89   3.49   2.96   2.17   2.24   2.39   
1946 2.50   2.40  -0.74  -1.59  -1.67   1.75  -0.85  -1.80   0.34   0.99   1.33   1.34   
1947 -0.28  -0.58  -1.13   0.91   1.01  -0.27  -1.21  -1.45  -1.73  -2.79  -2.78  -3.19   
1948 -3.34  -2.65  -2.29  -2.08  -3.10  -3.32  -3.24  -3.85  -4.85  -5.48  -5.30  -5.24   
1949 -4.65  -4.39  -3.42  -3.81  -3.53  -3.43   1.27  -0.75  -1.00  -0.85  -0.98   0.02   
1950 0.93   0.71   1.11   2.00   2.06  -0.61  -0.33  -1.01  -1.63  -1.58  -1.84   0.28   
1951 -0.33   0.66   1.21   1.32   1.20   2.22   2.68   3.49   4.38   4.34   4.16   3.90   
1952 3.74   3.17   3.14   2.16   1.56   1.92   2.65   3.17  -0.92  -1.56  -1.95  -2.40   
1953 -2.21   0.51   0.70   1.26   1.85   2.20   2.04   2.44  -0.88  -2.06  -1.95   0.58   
1954 0.39   0.23   0.19   2.17   2.94   3.31   3.32   2.48   2.88   3.01  -0.23  -0.60   
1955 -0.69  -0.45  -0.59  -1.17  -1.54  -1.95   1.24   1.23   0.69   0.83   1.03   1.16   
1956 -0.29  -0.64  -0.58  -0.84  -0.92  -0.89  -0.84  -0.43  -1.10  -1.40  -1.60  -1.86   
1957 -2.11  -1.77  -1.93  -2.32   0.18   0.79   1.02   0.96   1.08   0.68   1.15  -0.27   
1958 -0.46  -0.87  -1.36  -1.35  -1.65   0.20   1.59   1.55   1.53  -0.35  -0.09  -0.43   
1959 -0.79  -1.00  -1.60  -2.13   0.72   0.16   0.45   1.43   1.87   2.11   1.56   1.93   
1960 -0.02  -0.25  -0.89   0.54   1.04  -0.21  -0.59   1.10   1.07   0.66   1.17  -0.18   
1961 -0.66  -0.61   0.51   0.93   1.39  -0.86  -1.11  -2.41  -2.23  -2.22  -2.25  -2.11   
1962 -1.99   0.53  -0.24  -0.58   1.33   0.71   0.69   1.41   1.82  -0.31  -0.72  -0.95   
1963 -1.19  -1.21  -1.21  -1.24  -1.21  -1.60  -1.98  -2.26  -2.33  -3.23  -4.11  -4.39   
1964 -4.73  -5.00  -5.40  -4.38  -3.56  -3.89  -4.37  -0.01   0.73   0.04   0.14   0.62   
1965 0.32   0.76   1.64   1.67   2.11   1.52   2.21   1.77   2.60   1.86   2.60   3.38   
1966 3.01   2.84   3.23  -0.27  -1.09  -1.63  -1.52  -0.75  -1.23   0.32  -0.32   0.23   
1967 1.56   1.55   1.18   1.27   0.77   2.14  -0.47   0.47  -0.57  -0.58  -1.25  -1.49   
1968 -1.50  -1.74   0.08   0.80   1.52   3.05   3.63   2.49   3.22   4.14   3.62   4.67   
1969 5.62  -0.48  -1.10  -1.44  -2.23  -2.33  -2.06  -2.91  -3.28  -2.61  -2.76  -1.99   
1970 -2.01  -2.13  -2.07  -1.84  -0.84  -1.57  -1.07  -2.04  -0.02   1.62   2.63   2.55   
1971 2.69   3.27   2.70   1.86   1.92   1.38   1.50   1.50   1.43   2.55   2.99   2.96   
1972 3.02   2.69   2.34   2.06   1.33   1.32   2.74   3.17   3.12   3.15   3.21   3.60   
1973 3.35   2.88   2.81   2.17   3.05   2.26   1.83   2.07   1.85   1.89   1.97   1.95   
1974 -0.25  -0.21  -0.54  -0.31  -0.15  -0.12  -0.78  -0.36  -0.71  -1.03  -0.93  -1.01   
1975 0.96   0.81   1.00   1.90  -0.74   0.68  -0.88  -0.55  -0.69  -1.18   1.55   1.41   
1976 1.72   1.66   2.71  -0.70  -1.89  -2.44  -3.13  -4.26  -5.11  -5.55  -6.78  -7.55   
1977 -8.02  -8.12  -7.16  -6.34  -6.33  -5.73   0.60   1.66   2.54   2.82   2.88   2.91   
1978 2.39   1.83   1.03   1.49   1.11   0.68   2.02   3.01   2.91   2.14   2.10   2.00   
1979 1.88   2.21   2.96   2.31   2.52   3.06  -0.02  -0.27  -1.06  -0.35  -0.41  -0.77   
1980 -0.18  -0.41  -0.74  -1.65  -2.53   0.08  -0.17   0.84   1.98   1.91  -0.29  -0.54   
1981 -1.01   1.31   1.10   1.75   0.96   1.73  -0.24  -0.23  -0.73   0.69   0.10   0.22   
1982 0.96   0.60   0.62   0.72   1.17  -0.53   0.61   0.11   0.57   1.85   2.42   3.18   
1983 3.05   2.57   2.31   2.35   1.81   1.03   1.33   1.58   1.79   2.09   3.50   3.41   
1984 2.87   2.93   2.25   2.32   1.97   2.54   2.04   1.40   1.78   2.32   1.87   2.29   
1985 1.74   1.46   1.99   1.66   1.55   1.31   0.96   1.40   3.19   3.40   3.74   3.55   
1986 2.94   2.82   2.58   2.85   2.21   1.91   2.88   3.03   4.26   3.91  -0.07  -0.39   
1987 -0.57  -0.94  -1.53  -2.88  -2.94  -3.96  -3.03  -3.43  -3.59  -3.41  -3.11  -2.63   
1988 -2.26  -2.46  -2.11  -2.78  -3.56  -4.52  -5.44  -5.18  -4.33  -4.30  -3.43  -3.04   
1989 -2.61  -2.61  -2.29  -2.20  -1.49  -1.67  -2.28  -1.58  -1.94  -2.28  -2.68  -3.04   
1990 -3.21  -3.04   0.92   1.15   0.82   1.31   0.99   1.25   1.62   2.19   1.60   1.26   
1991 0.89   0.86   1.46   1.53   2.22   2.18   2.94   1.82   3.21   2.92   5.36  -0.05   
1992 -0.22  -0.34  -0.45   0.59  -0.89  -1.32   0.71   0.42   0.15   0.32   0.74   0.87   
1993 1.00  -0.38  -0.86   0.31   1.19   1.76   1.63  -0.22  -0.17  -0.32   0.51   0.29   
1994 0.42  -0.06  -0.40   0.93  -0.87  -1.38  -1.01  -1.24   0.78   0.76   0.98   0.58   
1995 0.23   0.06   0.48   0.83  -0.04  -0.90   0.25   1.54   1.10   2.49   2.29   2.22   
1996 3.10   2.89   2.72   2.30   1.98   2.08   2.72   1.59   1.35   2.28   3.43   3.78   
1997 4.27  -0.45  -0.38  -1.20  -1.48  -1.83  -0.80  -0.76  -0.93  -0.86  -0.99  -1.27   
1998 0.27   0.99   2.00  -0.71  -1.11  -0.75  -1.47  -1.77  -2.50  -2.37  -2.47   0.00   
1999 0.32   0.52   0.02   0.07   0.61   0.79   2.45   2.67   0.00  -0.24  -0.60  -0.94   
2000 -0.76  -0.12  -0.34  -0.53  -0.99   0.38   1.01   0.04  -0.45  -0.93   1.54   1.46   
2001 1.60   2.09   1.42   3.90   3.59   3.31   2.87   2.53   1.62   1.51   1.49   1.30   
2002 0.84   1.58   1.87   2.61   2.49   2.29   2.36   2.66   3.44   4.50  -0.53  -0.71   
2003 -1.11  -1.20   0.26   0.33   1.04   1.01   1.00  -1.30  -1.54  -1.83  -2.18  -2.30   
2004 -2.34   0.69   0.77   0.78   1.72   1.00   1.12   0.95   0.84   1.43   1.02   1.10   
2005 1.42   1.45  -0.23  -0.93  -1.14  -0.76  -1.50  -2.38  -2.33   1.68   2.30   2.13   
2006 1.94   1.63   1.77  -0.78  -1.18  -2.15  -2.44  -2.46  -2.99  -3.13  -3.79  -3.73   
2007 -3.73  -3.52  -2.84  -2.79  -3.09  -3.78  -4.05  -4.13   0.33   2.10   1.35   1.87   
2008 1.32   1.14   0.53   1.67   1.63   1.56  -0.15  -1.00  -1.03  -0.74  -0.98   0.47   
2009 -0.29  -0.26  -0.21  -0.69  -1.72  -2.23  -2.64  -2.20  -3.38  -1.53  -1.89  -1.08   
2010 -0.94  -1.14  -1.80  -2.61  -2.70   0.79   1.62   2.47   3.49   3.71   3.61   3.92   
2011 3.51   3.05   2.94   2.77   2.50   1.94   2.72   2.63  -0.65  -1.28  -1.98  -2.10   
2012 -2.04  -2.18  -2.58  -2.36  -1.02  -0.58  -1.00  -2.01  -2.91  -2.70  -3.30  -3.25   
2013 -2.91  -2.22 -99.99 -99.99 -99.99 -99.99 -99.99 -99.99 -99.99 -99.99 -99.99 -99.99   
