1895 0.23  -0.21  -0.93  -1.72  -1.31  -1.79  -1.93  -2.44  -2.76  -3.30  -3.59  -3.52   
1896 -3.43  -3.42  -3.14   1.37   1.34  -0.26  -0.55  -1.16   0.29   0.83   1.52   1.22   
1897 1.57   1.60   1.97   1.43   0.78   1.80   2.01  -0.18  -0.78  -1.27  -1.60  -1.58   
1898 -1.55   0.29   0.71  -0.08  -0.59  -0.71  -1.00  -1.18  -1.85   0.77  -0.17  -0.61   
1899 -0.58  -0.56   0.45   0.12   0.21   1.14  -0.12  -0.40  -0.41  -0.26  -0.70  -0.39   
1900 -0.36  -0.10  -0.43  -0.65  -1.87  -3.00   1.52   1.39   1.83   3.51  -0.04  -0.28   
1901 -0.48  -0.56   0.62  -1.01  -1.37  -0.97  -0.65  -1.32  -1.17  -0.97  -1.23  -1.29   
1902 -1.42  -1.07  -1.16  -1.48   1.20   0.81   1.79  -1.02  -1.12  -1.36   0.04   0.61   
1903 0.21   0.20   0.79   0.96   1.58  -1.02   1.02   2.28   2.96   3.06   2.44   2.07   
1904 1.36   1.36   1.64   1.28   1.82   1.65   1.74   1.42   2.03   3.02   1.97   2.15   
1905 1.93   1.85   1.55   0.68   1.91   3.54   3.66   3.99   3.42   3.52   3.36   2.90   
1906 3.48   2.93   2.88   1.92   2.57   2.90   2.19   2.02   1.52   1.71   2.27   2.26   
1907 2.63   2.12   1.90   2.19   2.01   1.62   2.12   2.28   2.92   2.11   1.62   1.43   
1908 1.19   1.35   1.51   1.80   2.26   2.26  -0.07  -1.09  -1.69  -2.31  -2.70  -2.71   
1909 -0.04   0.33  -0.37   1.33  -0.07  -0.52  -0.78  -0.72  -0.91  -1.17   0.36   1.00   
1910 1.00  -0.09  -1.33  -1.15  -1.52  -3.07  -3.77  -3.84  -3.83  -4.43  -4.80  -5.16   
1911 -5.16  -4.31  -4.25  -4.25   0.52   0.26   0.44   0.72   1.41   3.33   3.58   3.75   
1912 3.14   2.63   1.68   1.17   2.59   0.99   2.18   3.35   3.21   2.86   2.21   2.44   
1913 2.12   1.90   2.34   1.66   2.65   1.87   3.30   2.57   2.40   2.76   2.31   1.50   
1914 1.38   1.01   0.73   1.04   1.04   2.94   2.38   2.66  -0.34  -0.40  -0.59  -0.75   
1915 0.12   0.94  -0.69  -1.93   0.72   1.04   1.32   1.54   2.08   1.93   2.69   2.08   
1916 2.73   2.37   2.40   2.55   2.61   3.93   2.33   1.62   1.89   2.35   2.08   1.71   
1917 1.98   1.76   1.90   1.79   1.41   1.90   1.46   1.13   0.83   1.74   0.96   0.56   
1918 1.07   1.00   0.74   0.57   1.87  -1.07  -1.43  -1.61  -2.01  -2.12  -2.03   0.22   
1919 -0.24   0.57   0.33   0.72   0.40   0.57   0.86   0.54   0.25   1.14   1.61   1.24   
1920 1.46   1.08   1.86   1.76   1.16   2.63  -0.46  -0.82  -1.66  -2.02  -1.99   0.38   
1921 -0.31  -0.40   0.49   0.97  -0.21  -1.35  -1.66  -1.90  -1.87  -2.03  -2.29   0.36   
1922 0.16   1.55   1.53   1.85   1.43   1.63   1.52  -0.78  -0.74  -1.45   0.31  -0.33   
1923 0.27   0.10   0.25   0.31  -0.58  -0.30  -0.42  -0.92  -1.39  -1.67  -2.33  -2.41   
1924 -2.42   0.05   0.13   1.20   1.74   1.59   1.63   3.35   3.23  -0.82  -0.81  -0.90   
1925 -1.15  -0.97  -1.37  -1.69  -2.16   1.16   1.52  -0.62   0.16   0.47   0.14   0.34   
1926 0.08   0.40   0.38   0.16   0.41   0.52   0.61   1.04   1.48   2.07   2.54   2.54   
1927 2.26   1.83   1.92   1.43   2.00   1.52   1.92   0.90   1.13   1.44   1.83   2.12   
1928 1.57   1.77   1.41   1.65   0.82   0.96   1.06   1.94   2.35   3.08   2.58   2.23   
1929 2.90   2.80   2.50   2.80  -0.18  -0.11  -0.18  -0.90  -0.95  -1.11  -1.57  -1.71   
1930 -1.54  -1.10  -1.26  -1.56  -1.20  -0.63  -1.13  -2.47  -2.58  -2.41  -2.74  -3.04   
1931 -3.06  -2.94  -3.00  -3.62  -4.16   1.06   0.45   0.00   0.35   0.44   1.34   0.98   
1932 1.42   1.69  -0.41  -0.47  -0.59  -1.35  -1.66  -1.39  -2.10  -2.57  -2.92  -2.58   
1933 -2.00  -1.32  -1.63  -1.16  -1.04  -1.76  -2.79  -3.99  -4.54  -4.38  -4.96  -4.96   
1934 -4.82  -4.76  -4.29  -3.77  -4.85  -4.83  -5.23  -5.28   1.59   1.76   2.99   2.83   
1935 3.39   2.78   2.28   1.91   1.21   1.87   2.57   2.29   1.84   2.53   2.12   1.71   
1936 1.65   1.69   2.04  -0.11   0.11  -0.83  -2.24  -1.65  -2.21  -2.17  -2.73  -2.48   
1937 -1.75  -0.69  -1.43  -1.15  -1.32  -2.23  -2.50  -3.22  -3.08   0.35  -0.15  -0.45   
1938 0.28   0.43   0.91   1.79   2.76   3.02   3.35   3.60   3.72   3.20   3.59   3.23   
1939 3.54   3.83   3.23   3.13   2.97   4.32  -0.75  -1.21  -1.87  -2.34  -3.40  -3.46   
1940 -3.62   0.34   0.10   0.23   0.87   1.81   1.52   1.74  -0.71  -1.03   0.72   0.97   
1941 -0.16  -0.22  -0.68  -1.27  -0.99  -1.91  -0.02   2.18   2.89   4.25   3.58   3.25   
1942 2.62   2.12   2.88   1.96   3.63   3.27   3.72   2.64   4.17   3.80   3.41   3.36   
1943 3.13   2.48   2.55   2.00   2.71   3.91  -0.63  -0.64  -1.02  -0.90  -0.53  -1.18   
1944 -1.17  -1.11   0.31   0.04   0.21   1.00  -0.71  -1.35  -1.44  -2.19  -2.39  -2.67   
1945 -2.56   0.98   0.92   1.88   2.29   2.10   2.20   2.74   2.25   1.71   2.42   2.47   
1946 2.89   2.72  -0.63  -1.63  -1.70   2.13  -0.50  -1.20   0.20   0.55   0.93   0.94   
1947 -0.24  -0.35  -0.72   0.87   1.07  -0.11  -0.81  -0.93  -1.29  -2.37  -2.42  -2.68   
1948 -2.65  -2.07  -2.02  -2.07  -3.06  -3.30  -3.09  -3.92  -4.50  -5.21  -4.96  -5.16   
1949 -4.39  -4.19  -3.59  -3.93  -3.76   0.14   1.82   0.99   0.76   0.57   0.70   0.54   
1950 1.66   1.31   1.59   2.10   1.84   1.61   1.79  -0.12  -1.03  -1.50  -1.59   0.64   
1951 0.23   0.85   1.83   2.18   2.12   2.59   3.23   3.40   3.79   3.96   3.56   3.18   
1952 3.18   2.57   2.45   1.66   1.29   1.30   2.33   2.67  -1.03  -1.73  -2.13  -2.15   
1953 -1.99   0.65   0.86   1.44   1.39   2.07   2.69   0.05  -0.86  -2.09  -2.39   0.22   
1954 -0.13  -0.20   0.26   1.56   2.17   2.11   1.63   0.89   1.42   2.21  -0.18  -0.55   
1955 -0.70  -0.71  -0.36  -0.79  -0.71  -0.98  -0.15  -0.03  -0.62  -0.15  -0.22  -0.12   
1956 -0.45  -0.83  -0.79  -0.96  -0.91  -0.63  -0.36  -0.14  -0.72  -1.69  -1.29  -1.42   
1957 -1.74  -1.58  -1.86  -2.14  -2.10  -2.09  -1.78  -1.48  -1.48  -1.73  -1.03  -1.23   
1958 -1.36  -1.71  -2.07  -2.03  -2.15   0.05   0.92   1.29   1.19   1.09   1.11  -0.38   
1959 -0.70  -0.80  -0.97  -1.21  -1.07  -1.62   0.10   1.41   2.80   3.22   2.59   2.90   
1960 2.61   2.20   1.25   2.00   2.72   2.61   2.18   2.54  -0.17  -0.18   0.32  -0.35   
1961 -0.86   0.34   0.73   0.61   0.63  -0.57  -0.09  -0.65  -0.71   0.32   0.59   0.64   
1962 0.43   0.99  -0.52  -0.75  -0.34  -0.84  -0.91   0.61   0.78  -0.21  -0.69  -0.77   
1963 -1.05  -1.21  -1.21  -1.48  -1.39  -1.83  -2.23  -2.62  -2.63  -3.49  -4.21  -4.48   
1964 -4.58  -4.60  -4.55  -3.71  -3.31  -3.97  -4.16   0.11   0.62  -0.61   0.53   0.81   
1965 0.40   0.54   0.75   1.18   1.62   1.04   1.27   0.86   1.47   0.78   1.52   2.00   
1966 1.67   1.30   2.20  -0.07  -1.02  -1.57  -2.04   0.89   0.29   0.77   0.44   0.58   
1967 1.62   1.38   1.28   1.99   1.40   2.19  -0.39  -0.14  -0.74  -0.29  -0.79  -1.08   
1968 -1.04  -1.36  -1.27   0.33   1.55   3.27   3.71   2.61   3.08   3.12   2.43   3.26   
1969 3.94  -0.51  -0.98  -1.48  -1.51  -0.73  -0.33  -1.47  -1.92  -1.36  -1.60  -1.20   
1970 -1.21  -1.47  -1.67  -2.23  -0.97  -1.71  -1.35  -2.57   0.28   0.91   1.26   1.46   
1971 1.88   2.77  -0.29  -1.00  -0.75  -1.08   0.27   0.05   0.16   0.33   0.51   0.99   
1972 1.00   0.91   1.25   1.31  -0.97  -1.31   0.73   2.19   2.66   2.73   2.73   3.33   
1973 2.90   2.50   3.13   3.08   4.64  -0.58  -0.77  -0.61  -0.85  -1.27  -1.56  -1.21   
1974 -1.41  -1.40  -1.70   0.24   0.39  -0.02  -0.45   0.45   0.35   0.14   0.49   0.27   
1975 0.76   0.80   0.68   1.50  -0.85  -0.92  -1.86  -1.62  -1.59  -1.97   1.17   1.30   
1976 1.62   1.62   2.48  -0.27  -0.91  -1.65  -2.19  -3.08  -4.08  -4.79  -5.91  -6.90   
1977 -7.47  -7.58  -7.14  -6.04  -6.60   0.04   0.13   1.21   1.81   1.86   2.03   2.08   
1978 1.72   1.21   0.39   0.70   0.86   0.50   2.06   3.27   3.18   2.57   2.43   2.29   
1979 2.14   2.34   3.21   2.45   2.57   2.67  -0.24  -0.42  -1.30   1.09   1.14   0.71   
1980 1.28  -0.42  -0.93  -1.45  -2.02   0.56   0.56   2.02   3.13   3.07   2.28   1.92   
1981 1.22   1.93   1.23   1.60   1.48   2.57  -0.53  -1.04  -1.63  -1.08  -1.78  -0.03   
1982 0.49   0.01   0.03   1.16   1.10   0.65   1.76   1.41   2.05   2.91   3.14   3.90   
1983 3.75   3.29   2.94   2.46   2.92   1.68   1.19   1.02   1.31   1.80   2.81   2.61   
1984 -0.34   0.29   0.08   0.31  -0.51  -0.50  -0.64  -0.90   0.38   0.97   0.72   1.55   
1985 1.01   1.02   1.50   1.28   1.17   1.08   0.79   1.23   2.46   2.84   3.65   3.49   
1986 -0.23  -0.24  -0.13  -0.32  -1.80  -0.01   1.05   1.20   2.60   2.91  -0.21  -0.60   
1987 -0.76  -1.23  -1.58  -2.49  -2.73  -3.50  -2.71  -3.28  -3.78  -3.15  -2.63  -1.88   
1988 -1.71  -1.95  -1.55  -2.13  -3.14  -4.09  -4.48  -4.23  -4.27  -4.13  -3.26  -2.78   
1989 -2.58  -2.58  -2.26  -2.40  -1.92  -1.99  -2.72  -2.72  -3.50  -3.68  -3.98  -4.25   
1990 -4.27  -4.04   0.44   0.41   0.72   1.18   1.03   1.49   2.19   2.89   2.20   1.83   
1991 1.35   1.19   1.97   2.26   2.48   2.12   2.87   1.79   2.07   2.36   4.38   3.94   
1992 3.35   2.95   2.75   2.69   2.02   1.26   1.37   0.94   1.29   1.23   1.78   1.99   
1993 2.05   1.31   0.60   1.17   1.79   2.66  -0.18  -0.51  -0.40  -0.21  -0.05  -0.33   
1994 -0.29  -0.48  -0.86  -0.32  -1.00  -1.46   0.29   0.15   0.90   0.89   0.88  -0.52   
1995 -0.78  -0.94  -0.76  -0.43  -0.22  -1.38  -0.03   1.21   0.88   2.49   2.28   2.16   
1996 3.05   2.71   2.77   2.97   1.99   2.14   3.04   2.38   1.85   2.61   3.00   3.21   
1997 3.95  -0.37  -0.03  -0.78  -0.51  -0.75   0.47   0.65   0.45   0.78   0.34   0.01   
1998 0.42   0.50   1.22  -0.81  -1.29  -0.70  -1.71  -2.44  -3.26  -3.50  -3.87  -4.07   
1999 0.54   1.01  -0.72  -0.96   1.17   0.63   2.42  -0.23  -0.78  -1.00  -1.41  -1.51   
2000 0.16   0.57  -0.08  -0.16  -0.71   0.91   1.54  -0.06  -0.10  -0.68   0.45   0.53   
2001 0.55   0.90   0.32   1.66   1.73  -0.15  -0.29  -0.72  -0.80   0.29   0.39   0.64   
2002 0.23   0.98   1.76   2.93   2.75   2.64   2.75   2.72   3.25   4.54   3.47   2.81   
2003 2.12   1.89   2.02   2.63   3.04  -0.41  -0.68  -1.73  -2.23  -2.65  -2.78  -2.75   
2004 -2.54   0.67   1.44   1.44   2.25  -0.19  -0.63  -0.82  -1.34   0.66   0.39   0.73   
2005 0.78   0.82  -0.21  -0.90  -1.23  -1.28  -1.62  -2.59  -2.84   0.92   1.33   1.26   
2006 1.28   1.12   1.32  -1.13  -0.91  -1.96  -1.55  -1.30  -1.76  -1.70  -1.92  -1.11   
2007 -0.97  -1.04  -0.63  -0.66  -1.10  -1.71  -2.17  -2.80  -2.97   1.07   0.44   1.20   
2008 0.97   0.90   0.39   1.40   1.44  -0.37  -0.60  -1.74  -2.23  -2.37  -2.80  -2.27   
2009 -2.23  -2.04  -1.98  -1.40  -1.78  -2.22  -2.49  -1.98  -2.99  -1.30  -1.94  -1.26   
2010 -1.05  -1.25  -1.97  -2.89  -3.19   1.40   2.50   2.77   4.44   4.11   3.79   3.92   
2011 3.53   3.01   2.98   3.26  -0.15  -0.15  -0.23  -0.54  -0.87  -1.08  -1.54  -1.24   
2012 -1.02  -1.26  -1.86  -1.88  -1.32  -1.24  -1.36  -2.23  -2.91  -1.99  -2.01  -1.69   
2013 -1.16  -0.74 -99.99 -99.99 -99.99 -99.99 -99.99 -99.99 -99.99 -99.99 -99.99 -99.99   
