1895 0.53  -0.24  -0.85  -1.57  -1.26  -2.04  -2.53  -2.63  -3.13  -3.63  -3.96  -3.58   
1896 -3.85  -3.90  -4.06   0.95   1.05   0.58   0.60   0.45   0.95   0.98   1.31   1.03   
1897 1.75   1.57   1.72   1.65  -0.40  -0.14  -0.53  -1.10  -1.91  -2.48  -3.02  -3.33   
1898 -3.03  -2.30  -1.92  -1.85  -1.85  -1.74  -2.06  -2.25  -2.76  -1.88  -2.06  -2.37   
1899 -2.35  -2.07  -1.35  -1.65  -0.99  -0.75  -0.62  -1.63  -1.88  -2.08  -3.01  -3.11   
1900 -3.37  -2.35  -2.30  -2.34  -2.74  -3.08   1.42   0.82   0.72   1.65   1.70   1.31   
1901 1.19   1.08   1.64  -1.05  -1.32  -1.68  -1.21  -1.97  -1.92  -1.76  -2.42  -2.67   
1902 -3.08  -2.66  -2.66  -2.92   0.67   1.03   2.81   1.75   1.84   1.46   1.27   1.71   
1903 1.34   1.34   1.29   1.41   1.73   1.09   1.81   3.01   3.12   2.95   2.63   2.31   
1904 1.99   2.01   2.07   1.79   2.45   1.87   1.90   1.53   1.62   2.02  -0.83   0.36   
1905 0.43   0.57   0.57  -0.54   0.67   1.42   1.52   1.65   1.24   1.41   1.17   1.18   
1906 2.09   2.01   2.09  -0.65  -0.44  -0.20  -0.39  -0.65  -1.07   0.16   0.36   0.71   
1907 1.54   1.03   0.91   1.20   1.23   0.80   1.53   1.31   1.65   1.05   0.61   0.68   
1908 0.69   1.21   1.33   1.51   2.17  -0.36  -0.32  -0.77  -1.76  -2.51  -3.12  -3.46   
1909 -3.73  -3.27  -3.18  -1.22  -1.43  -1.59  -1.84  -2.43  -2.65  -2.94  -2.50  -1.89   
1910 -1.47  -1.34  -2.49  -2.23  -1.91  -2.70  -3.61  -3.44  -3.35  -3.62  -3.98  -4.37   
1911 -4.70  -3.88  -3.85  -3.75   0.41  -0.37  -0.26  -0.50   0.43   1.93   2.61   2.96   
1912 2.55   2.17   1.43   1.01   2.11   1.19   1.86   2.67   2.66   2.59   2.21   2.46   
1913 2.44   2.39   2.85   2.28   3.03   2.34   2.77  -0.57  -0.77  -0.43  -0.89  -1.56   
1914 -1.46  -1.53  -1.50   0.29   0.29   0.86   0.87   1.02   1.26  -0.12  -0.50  -0.58   
1915 0.30   1.08  -0.61  -1.93   0.75   0.70   1.28   1.68   2.60   2.25   2.87   2.54   
1916 3.18   2.78   2.84   2.74   2.76   3.39  -1.13  -1.86   0.34   0.93   0.94   0.82   
1917 0.79   0.52   0.67   0.88   0.71   1.56   1.17   0.81   0.40   1.29  -0.71  -1.11   
1918 0.43   0.69   0.37   0.26   1.62  -0.41  -0.81  -1.33  -1.69  -1.72  -2.01  -1.89   
1919 -2.20   0.44   0.45   0.97   0.91  -0.33  -0.35  -0.91   0.12   1.08   1.67   1.37   
1920 1.34   0.92   1.66   1.86  -0.43   0.49   0.00  -0.10  -0.84  -1.29  -1.26  -0.74   
1921 -1.00  -1.15   0.30   0.90  -0.46  -1.23  -1.77  -1.42  -1.18  -1.10  -1.58   0.41   
1922 0.22   1.69   1.44   1.90   1.53   1.63   2.45  -0.41  -0.44  -1.00  -1.02  -1.26   
1923 -1.08  -1.13   0.53  -0.07  -0.51  -0.64  -0.79  -0.90  -0.79  -0.80  -1.67  -1.61   
1924 -1.58   0.23   0.45   1.01   1.45   1.38   1.97   3.00   2.75  -0.92  -0.91  -0.77   
1925 -1.09  -0.68  -1.06  -1.48  -2.10  -1.84  -1.41  -1.82   0.04   0.44  -0.51  -0.41   
1926 -0.55   0.72   0.73   0.47   0.59   0.99   1.15   1.35   2.30   2.81   3.50   3.42   
1927 2.97   2.43   2.12   1.88   2.38   1.84   2.09   0.91   1.18   1.28   1.46   1.82   
1928 1.46   1.74   1.57   1.76   1.15   1.43   1.40   1.74   1.88   2.60   2.90   2.66   
1929 3.46   3.23   2.84   3.56   3.03   3.05   2.79  -0.77  -1.12  -1.15  -1.74  -2.11   
1930 -2.03  -1.57  -1.56  -1.76  -1.74  -1.17  -1.52  -2.67  -3.19  -3.11  -4.05  -4.89   
1931 -5.45  -5.68  -5.64  -6.14  -5.93  -5.66  -5.67  -6.00  -4.53  -3.76  -2.60  -2.14   
1932 -1.40  -1.02  -1.34  -1.97  -1.84  -2.12  -2.33  -2.78  -3.64  -3.23  -3.46  -3.30   
1933 -3.05  -2.70  -2.02  -1.46  -0.72  -0.69  -0.57  -1.05  -1.67  -1.43  -1.97  -2.06   
1934 -2.34  -2.53  -2.10  -2.29  -2.78  -2.13  -2.44  -2.56  -2.18  -2.31   1.57   1.54   
1935 1.60   1.58   1.06   1.08   0.69   1.47  -0.87  -1.25  -1.42  -1.62  -1.69  -1.82   
1936 -1.56  -0.99  -1.24  -1.52  -2.07  -2.53  -3.85  -2.96  -2.94  -2.70  -3.25  -3.12   
1937 -2.36  -1.24  -1.73  -0.83  -1.20  -1.23  -2.10  -3.02  -3.24  -2.80  -3.05  -3.34   
1938 0.80   2.15   2.26   1.61   1.21   1.36   1.17   1.51   2.81   2.02   1.88   2.06   
1939 2.55   2.70  -0.22  -0.17  -0.88  -0.57  -1.46  -1.76  -1.87  -1.95  -3.01  -3.80   
1940 -4.02  -4.18  -4.70   0.06   0.35   1.73   1.14   2.79   1.90   1.71   2.36   2.24   
1941 2.38  -0.13  -0.51  -1.04  -0.99  -1.75  -2.32  -2.42   0.84   1.65   1.49   1.61   
1942 0.03  -0.26  -0.19  -0.79   1.70   2.04   2.45   1.93   2.42   2.00   1.87   2.35   
1943 2.56   2.10   2.38   1.68   1.80   2.15  -0.36  -0.20  -0.86  -1.31  -1.32  -1.97   
1944 -2.20  -1.80  -1.55  -1.30  -1.73  -0.78  -0.95  -1.12  -1.05  -1.76  -1.54  -1.83   
1945 -2.16  -1.56  -2.22   0.40   1.06   1.89   1.58   1.57   2.04   1.56   2.33   2.30   
1946 2.68  -0.17  -0.28  -1.53  -1.32  -0.79  -1.41  -1.75  -2.13  -2.62  -2.71  -2.58   
1947 -2.12  -2.39  -2.34   0.95   1.66   2.01   1.89  -0.16  -0.28  -1.13  -1.23  -1.55   
1948 -1.96  -1.40  -0.85  -0.99  -1.27  -1.36  -1.35  -2.05  -2.62  -3.16  -2.34  -2.12   
1949 -1.39  -1.33  -0.80  -1.15  -1.79  -1.97  -1.69  -2.06  -2.62  -3.08  -3.66  -4.09   
1950 0.11   0.00   0.32   0.93  -0.53  -0.94   1.60   1.60  -0.20  -0.85  -1.20   0.18   
1951 0.28   0.54   1.19   2.26  -0.98  -1.32   0.58   0.72   0.49   1.66   1.76   1.90   
1952 2.31   1.81   2.09  -0.72  -0.74  -1.20   1.73   0.01  -0.94  -1.68  -1.65  -1.55   
1953 -1.51   1.18   1.01   1.79  -0.56  -0.55  -0.91  -1.11  -1.83  -2.89  -4.06  -4.44   
1954 -5.08  -5.12  -5.63   0.37   0.31   0.83   0.90   0.27   1.04   2.04  -0.21  -0.16   
1955 -0.42  -0.33  -0.53  -0.59  -0.72  -0.72  -0.15  -1.27  -2.13  -1.71  -2.27  -2.68   
1956 -3.21  -3.41  -3.02  -2.95   0.77   0.53   2.05   2.65  -0.20  -0.94  -0.63  -0.58   
1957 -0.89  -1.20  -1.51  -0.04   0.89  -0.07  -0.03  -0.52  -1.15  -1.48  -0.98  -0.77   
1958 -0.95  -1.37  -1.86  -1.84  -2.41  -2.53  -2.30  -2.09  -2.03  -1.90  -2.05  -2.68   
1959 -2.70   0.56   1.02   0.97   1.20   0.24   0.33   0.50   0.90   2.23   2.53   3.52   
1960 3.31   2.99   2.37   2.83   4.05   3.78   4.17   4.49   4.68   4.62   4.06   3.13   
1961 2.34   2.07   2.39   1.95   1.25   1.49   1.87   1.48   2.35   2.99   3.46   3.18   
1962 3.08   3.29  -0.22  -0.30  -0.74  -0.51  -0.42  -0.03  -0.17  -0.09  -0.67  -1.01   
1963 -1.35  -1.53  -1.09  -1.70  -1.45  -1.61  -1.41  -1.45  -1.55  -2.65  -3.21  -3.85   
1964 -4.16  -4.61  -4.78  -4.23  -3.49  -4.23   0.96   0.89   1.27  -0.65  -0.85  -1.22   
1965 -1.11  -1.06   0.48   1.37  -0.16  -0.48  -0.60   0.36   2.36   2.43   2.68   3.23   
1966 3.11   3.36   3.61  -0.28  -0.32  -1.08  -1.21  -1.02  -1.67  -2.36  -2.74  -2.60   
1967 0.33   0.40   0.06   0.67   0.63   1.52  -0.19  -0.45  -1.28   1.36   1.47   1.49   
1968 -0.03  -0.32  -1.12   0.78   1.22   2.14  -0.10  -0.50  -0.55  -1.10  -1.65   0.48   
1969 1.35  -0.60  -0.77  -0.76  -0.84   1.87   2.00  -1.28  -1.67  -0.86  -1.42  -1.56   
1970 -1.72  -2.06  -2.28  -2.65  -1.43  -2.17  -2.32  -3.16   0.87   1.24   1.60   1.71   
1971 1.89   2.60   2.47  -0.62  -0.98  -1.16  -1.16  -1.04  -1.43  -1.66   0.29   1.54   
1972 -0.29  -0.45  -0.18  -0.15  -0.61  -0.99   0.35   1.64   2.65   2.96   2.60   3.17   
1973 3.19   2.99   2.72   3.11   4.74   4.03   2.95   2.28   1.72   1.92   1.21   1.54   
1974 2.00   1.94   1.72   1.67   1.88   2.43   2.50   2.23   1.54   1.14   0.74   0.76   
1975 0.92   1.11   1.82   1.86   1.46   1.32   0.61   2.32   1.87   0.83   0.86   0.59   
1976 0.87   1.13   2.64   2.61  -0.04  -1.19  -1.11  -2.14  -3.10  -3.18  -4.18  -5.14   
1977 -6.02  -6.04  -5.12  -4.76  -5.01  -4.65   0.45   0.80   0.98   0.87   1.22   1.67   
1978 1.81  -0.43  -1.20   0.77   1.50   1.35   2.02   1.99   2.57   2.69   3.15   3.35   
1979 3.75   3.39   4.51   4.27   3.91   3.38   2.67   3.10  -1.00  -0.79  -0.81  -0.80   
1980 -0.33  -0.67  -1.07  -0.82  -1.32   0.65   0.83   2.17   2.44   2.57   2.26   2.35   
1981 1.60   2.22  -0.81   0.91  -0.93  -1.01  -1.30   0.74   1.13   1.81   1.55   1.37   
1982 2.08   1.35   1.36   1.53   1.24   0.93   1.55   1.88   1.36   1.29   2.40   3.12   
1983 2.73   2.77   2.91   2.55   3.71   2.63   2.14   2.05   1.96   1.87   2.12   2.22   
1984 1.80   1.75   1.56   2.00   1.85   2.50   2.17   2.33   2.72   3.70   4.18   4.16   
1985 3.90   4.12   4.11   3.47   2.55   1.71   2.04   3.06   3.22   3.74   5.67   5.62   
1986 4.84   4.68   4.22   3.27   2.15   2.53   3.26   3.07   5.54   5.24   0.04  -0.28   
1987 -0.37  -0.79  -0.83  -1.06  -1.15  -1.88  -2.13   0.37   0.26   0.20   0.37   1.01   
1988 1.20  -0.31  -0.68  -0.43  -1.67  -3.04  -3.66  -3.61  -3.14  -2.49  -1.58  -1.37   
1989 -1.53  -1.72  -1.06  -1.77  -0.56  -1.16  -1.03  -1.58  -2.41  -1.88  -2.25  -2.72   
1990 -2.64  -2.66  -1.81  -2.31   0.69   2.47   2.10   2.59   2.84   3.04   2.92   3.06   
1991 2.61   2.00   2.22   2.13   1.64   0.74   1.86   1.04   0.58   1.64   2.08   2.21   
1992 1.89   1.60   1.74   1.97  -0.74  -1.39  -1.01  -1.34   0.79   0.49   1.81   2.29   
1993 2.51   2.00   1.31   2.79   2.65   3.74   4.85   4.04   3.92   3.56   3.35   2.61   
1994 2.78   2.78   2.13   2.51   1.68   0.87   1.83   2.01  -0.29  -0.73  -0.99  -1.57   
1995 -1.59  -1.86  -1.51  -1.12  -1.09  -2.16  -2.89   0.82   0.10   1.07   1.38   1.31   
1996 1.84   1.52   0.93   1.39   0.85   2.25   2.34  -0.61  -1.17  -0.73  -1.20  -0.04   
1997 0.56   0.87   0.87   0.01   0.44   1.21   1.23   1.84  -0.44  -0.83  -1.44  -1.95   
1998 0.43   0.32   1.58  -0.11  -0.70   0.69  -0.82  -0.35  -0.79  -0.92  -1.28  -1.93   
1999 0.67   0.65  -0.82  -0.78   0.50   1.13   2.32  -0.08  -0.44  -0.97  -1.76  -2.10   
2000 -2.02  -1.71  -2.18  -2.03   0.54   0.76   1.51   2.03   2.68   1.92   1.96   2.23   
2001 2.00   2.19   1.23   1.46   2.03   2.23   1.31   1.82   1.66   1.55   0.96   0.75   
2002 0.59   0.87   1.05   1.58   1.68   2.10  -0.52  -0.54  -0.94  -0.19  -0.82  -1.23   
2003 -1.62  -1.78   0.10   0.06   0.66   0.50   1.26  -0.16  -0.20  -0.50   1.05   1.22   
2004 1.23   1.33   2.12   1.49   4.13   4.56  -0.01  -0.08  -1.16   0.36   0.12   0.54   
2005 0.98   1.12  -0.36  -1.23  -1.35  -2.06  -2.28  -2.31  -2.43  -2.88  -2.42  -2.56   
2006 0.41  -0.06  -0.13  -0.55   1.36  -0.67  -0.80  -1.61  -1.60   0.80   0.55   1.05   
2007 0.97   1.03   1.26  -0.23  -0.70  -0.94  -0.87  -0.54  -1.10  -0.70  -1.56   0.30   
2008 1.22   1.98   1.46   2.58   1.83   3.41   3.70  -0.60  -1.23  -1.33  -1.84   0.82   
2009 0.51   0.78   0.90   1.12   1.10  -0.30  -0.98  -0.43  -1.12   1.41   0.88   1.54   
2010 -0.18  -0.28  -1.10   0.23   0.04   1.25   3.53   2.93   3.16   2.89   2.32   2.32   
2011 2.02   1.89   2.05   3.27   2.88   3.11   3.04  -0.68  -0.45  -0.72   0.44   0.48   
2012 0.53  -0.42  -0.50  -0.49  -0.08  -0.73  -0.27  -0.49  -1.31   1.19   0.60   0.96   
2013 1.49   2.11 -99.99 -99.99 -99.99 -99.99 -99.99 -99.99 -99.99 -99.99 -99.99 -99.99   
