1895 0.27  -0.26  -0.70  -1.42  -1.28  -1.53  -1.71  -1.93  -2.38  -2.72  -2.92  -2.92   
1896 -3.18  -3.31  -3.67   0.79   1.22  -0.44  -0.32  -1.25   0.32   0.59   0.83   0.66   
1897 1.07   1.03   1.33   1.60  -0.69  -0.26  -0.50  -1.16  -1.95  -2.57  -3.01  -3.18   
1898 -2.98   0.11   0.41   0.52   0.47  -0.05  -0.12  -0.18  -0.72   0.66  -0.07  -0.42   
1899 -0.54  -0.49   0.35   0.19   0.81   1.11  -0.07  -0.30  -0.89  -1.31  -1.86  -1.76   
1900 -1.83  -1.14  -1.13  -1.08  -1.71  -1.95   1.90   1.90   2.28   3.59   3.37   2.89   
1901 2.54   2.28   2.80  -1.08  -1.54  -1.75  -1.65  -2.90  -2.56  -2.38  -2.74  -2.87   
1902 -2.89  -2.52  -2.62  -2.89   0.78   1.48   3.56   3.34   3.37   2.94   3.01   3.36   
1903 2.72   2.64   2.43   2.33   3.21   2.25   3.13   4.35   4.52   4.06   3.54   2.94   
1904 2.59   2.40   2.62   2.44   2.76   2.34   2.43   2.23   2.40   2.66   1.85   2.22   
1905 2.09   2.14   1.87   1.22   1.92   2.52   1.91   2.07   1.67   1.91   1.88   1.75   
1906 2.29   2.10   2.52   1.64   1.64   1.55   1.26   1.18   1.13   1.27   1.80   1.96   
1907 2.27   1.74   1.47   1.57   1.56   1.64   2.99   3.54   3.55   2.83   2.53   2.33   
1908 2.02   2.33   2.22   2.32   3.23   3.15   3.04  -0.61  -1.50  -1.72  -1.98  -2.15   
1909 -2.00   0.37   0.34   1.98   1.71   1.87  -0.28  -0.69  -0.70  -0.83   0.87   1.37   
1910 1.59  -0.04  -1.35  -1.32  -1.21  -2.18  -3.37  -3.35  -3.12  -3.48  -3.77  -4.08   
1911 -4.19  -3.35  -3.36  -3.16  -2.67  -3.34   0.02   0.14   1.02   2.45   2.88   3.23   
1912 2.80   2.52   2.24   1.82   2.28   1.42   2.24   2.83   2.91   3.04   2.62   2.73   
1913 2.53   2.36   3.11   2.49   3.46   2.69   3.44   2.39   2.09   2.26   1.91   1.44   
1914 1.37   1.12   1.03   0.98   0.74   1.32   1.31   1.05   1.77   1.78   1.37   1.25   
1915 1.56   2.24  -0.43  -1.81   1.18   0.90   1.74   1.87   2.80   2.35   2.94   2.59   
1916 3.17   2.74   2.59   2.40   2.41   2.73   1.59   1.08   1.38   1.88   2.09   1.74   
1917 1.74   1.40   1.54   1.79   1.61   2.51  -0.34  -0.66  -0.80   0.79  -0.55  -0.84   
1918 0.49   0.60   0.14   0.23   1.59   0.00   0.03  -0.04  -0.51  -0.41  -0.46  -0.18   
1919 -0.39   0.57   0.63   1.15   0.94   1.30   1.66   1.21   1.44   2.33   3.01   2.59   
1920 2.36   1.87   2.67   2.88  -0.21   0.20  -0.02  -0.31  -0.98  -1.24   0.07   0.28   
1921 -0.19  -0.32   0.00   0.83  -0.25  -0.89  -1.01  -0.02   0.64   0.77   0.58   1.10   
1922 0.96   2.00   1.86   2.24   1.78   1.11   2.01  -0.75  -1.10  -1.65  -1.41  -1.53   
1923 -1.30  -1.34   0.73  -0.13  -0.65  -0.37  -0.64  -0.60  -0.30  -0.28  -0.70   0.25   
1924 0.25   0.39   0.92   1.31   1.31   2.28   2.62   4.42   4.13  -0.87  -0.81  -0.63   
1925 -0.85  -0.61  -0.96  -1.47  -2.12   0.90   1.14   0.57   0.88   1.46   1.18   1.33   
1926 1.18   1.53   1.35   0.99   0.86   1.08   1.49   1.66   3.36   3.50   4.02   3.87   
1927 3.30   2.80   2.58   2.60   2.95   2.23   2.26   1.26   1.45   1.76   1.90   2.01   
1928 1.49   1.88   1.72   1.70   0.92   1.34   1.69   2.65   2.78   3.52   3.89   3.53   
1929 4.09   3.91   3.48   3.89  -0.40  -0.28  -0.05  -0.74  -0.72  -0.75  -1.05  -1.32   
1930 0.10   0.26  -0.14  -0.31  -0.40   0.68  -0.21  -1.32  -1.78  -1.62  -2.23  -2.75   
1931 -2.99  -3.26  -3.31  -3.66  -3.82  -4.02  -5.04  -5.35   0.58   0.34   1.04   1.24   
1932 1.64   1.73   1.54   0.82   0.84   0.86   0.75   1.00   0.69   0.65   0.59   1.10   
1933 0.94   0.66   1.28   1.26   2.88  -1.47  -1.26  -1.88  -1.79  -1.83  -2.59  -2.88   
1934 -3.12  -3.45  -3.79  -4.35  -5.33  -5.55  -4.74  -4.71   0.66   0.19   1.81   1.56   
1935 1.75   1.67   1.28   0.99   1.14   1.72   1.66   2.30   1.62   1.37   1.80   1.47   
1936 1.53   1.65  -0.52  -1.17  -1.98  -2.11  -3.39  -3.14  -2.69  -2.32  -2.72  -2.37   
1937 -1.32  -0.67  -0.96  -0.57  -0.85  -0.86  -2.16  -3.06  -3.41  -2.40  -2.64  -2.86   
1938 0.23   1.06   1.62   1.23   1.57   1.98   2.12   2.54   4.32  -0.62   0.40   0.27   
1939 0.42   0.75  -0.43  -0.54  -1.43  -1.70  -2.24  -2.67  -3.27  -3.23  -3.88  -4.51   
1940 -4.69  -4.71  -5.24  -5.15  -0.01   0.02   0.66   2.31   1.24   1.03   1.48   1.71   
1941 1.98  -0.27  -0.15  -0.54  -0.14  -0.45  -1.01  -1.85   1.13   2.25   2.02   2.16   
1942 0.05  -0.22  -0.52  -1.48   0.52   0.97   1.23   1.06   2.36   2.29   2.67   2.74   
1943 2.79   2.26   2.47   1.82   1.83   1.69   1.55   2.20   1.80   2.27   2.08   1.71   
1944 1.69   1.86   2.12   2.13   1.84   2.68  -0.41  -0.35  -0.59  -1.28  -1.44  -1.48   
1945 -1.52   0.46   0.46   1.05   1.76   2.25   1.63   1.88   1.83   0.95   1.82   1.77   
1946 2.41  -0.25  -0.15  -1.26  -1.69  -1.21  -1.89  -0.04   0.93   0.87   1.20   1.13   
1947 1.34   0.78   0.61   1.44   2.00   3.45   3.16  -0.82  -0.86  -1.13  -1.14  -1.11   
1948 -1.39   0.64   1.08  -0.25   0.33  -0.33  -0.53  -1.36  -2.12  -2.31  -2.35  -2.27   
1949 -1.54  -1.42  -0.92  -1.49  -1.89   1.26   1.47  -0.65  -1.19  -1.83  -2.60  -2.74   
1950 0.04   0.14   0.23   0.82   0.93   1.64   3.56   2.91   2.51   1.44   0.73   0.95   
1951 1.10   1.44   2.62   3.64   3.12   2.96   3.95   4.29   3.61   4.60   4.50   4.03   
1952 4.23   3.64   3.68   2.56   2.54   2.70   3.48   3.37   2.28   1.29   1.33   1.53   
1953 1.23   1.90   1.95   2.43  -0.47  -0.69   0.65  -0.04  -0.87  -1.92  -2.54  -2.36   
1954 -2.60  -2.72  -2.91   0.84   1.15   2.20   2.11   1.91   1.81   2.52  -0.42  -0.36   
1955 -0.52  -0.36  -0.61  -0.22  -0.63  -0.50  -0.89  -2.06  -2.90  -2.56  -3.21  -3.60   
1956 -4.01  -4.14  -4.16  -3.33  -2.60  -3.14  -2.53  -2.00  -2.35  -2.94  -2.38  -2.47   
1957 -2.53  -2.63  -2.78  -2.72   0.84   1.03   1.43   1.47  -0.41  -0.53  -0.12  -0.02   
1958 -0.28  -0.74  -1.32  -1.21  -2.09  -2.27  -2.60  -2.90  -3.27  -3.35  -3.64  -4.21   
1959 -4.28   0.21   0.81   0.59   0.89   0.90   0.48   1.89   1.91   3.33   3.44   3.61   
1960 3.69   3.19   2.43   2.69   3.90   3.55   3.17   3.33   3.33   3.43   3.09   2.47   
1961 1.86   1.91   2.69  -0.26  -0.76  -1.40  -0.87  -1.62   1.70   2.50   3.61   3.36   
1962 2.88   3.11  -0.03  -0.28  -0.18  -0.85   0.82   0.87  -0.34  -0.30  -1.07  -1.50   
1963 -1.69  -1.75  -1.31  -1.67  -2.00  -2.48  -2.38  -2.86  -3.04  -3.99  -4.13  -4.54   
1964 -4.94  -5.33  -5.92  -5.67  -4.52  -4.62  -4.60  -4.34  -4.27  -4.83  -5.17  -5.46   
1965 -5.34  -5.13  -0.04   0.82   0.86  -0.69  -0.90   0.82   3.17   2.89   2.95   3.32   
1966 3.28   3.29   3.40  -0.39  -0.68  -0.95  -0.26  -0.72  -1.50  -2.05  -2.78  -2.61   
1967 -2.10  -1.87  -1.69  -1.90  -1.80  -0.74  -1.64  -1.69  -1.63   0.91   0.85   1.01   
1968 0.01  -0.32  -1.02   0.70   0.32   1.67   1.86   1.36   2.02   1.68   1.33   2.29   
1969 3.05   2.30   1.75   1.50   1.01   2.54  -0.12  -1.32  -1.76  -1.11  -1.69  -1.48   
1970 -1.68  -1.92  -1.78  -1.91  -0.68  -1.10  -1.02  -2.02   1.22   1.32   1.24   1.39   
1971 1.58   2.72   0.03  -0.13  -0.22  -0.60  -0.90  -1.26  -1.54  -1.84   0.32   1.00   
1972 -0.22  -0.40  -0.33  -0.27  -0.78  -1.21   1.16   2.46   3.38   3.82   3.35   3.56   
1973 3.48   3.13   3.73   5.32   6.12  -0.39  -0.92  -1.30  -1.15  -1.44  -1.73   0.07   
1974 0.22   0.35   0.60   0.77   1.19   1.64   1.13   1.38   0.57   0.52   0.19   0.43   
1975 0.46   0.64   0.86   1.80  -0.39  -0.25  -0.95  -0.47  -1.25  -2.16  -1.77  -2.11   
1976 -2.28   0.69   1.58   2.17  -0.54  -1.52  -1.92  -2.62  -3.52  -3.44  -4.33  -5.04   
1977 -5.55  -5.52  -5.25  -5.10  -5.22  -4.95   0.85   0.97   0.85   0.99   1.44   1.47   
1978 1.36   0.87   0.11   0.82   1.17   2.36   3.70   2.83   2.69   2.21   2.54   2.21   
1979 2.55   2.40   2.85   2.35   2.04   1.29   1.10   2.33  -0.88  -0.64  -0.51  -0.50   
1980 -0.11  -0.36  -0.81  -1.07  -1.45  -1.48  -1.70   2.01   3.00   2.84  -0.29  -0.41   
1981 -0.79  -0.01  -0.76   0.75  -1.08   0.17   0.99   2.14   2.09   2.45   2.12   1.87   
1982 2.14   1.47   1.69   1.73   1.86   1.34   1.33   1.48   0.58   0.59   1.64   2.33   
1983 1.91   2.19   1.98   1.70   2.37   1.57   1.29   1.14   0.94   1.14   1.60   1.75   
1984 1.30   1.18   0.80   1.35   1.59   1.76  -0.08  -0.84  -0.85   1.55   2.02   2.22   
1985 2.03   2.16   2.29  -0.52  -0.84  -1.21  -1.23  -1.17   1.14   1.49   2.72   2.93   
1986 2.56   2.75   2.28   1.51   1.13   0.71   0.72   0.76   1.83   1.98   0.05  -0.26   
1987 -0.33  -0.69  -0.63  -0.74  -0.55  -1.34   0.90   1.45   1.11   0.81   1.18   1.96   
1988 2.08  -0.25  -0.48  -0.88  -2.04  -3.19  -3.94  -4.20  -3.83  -3.79  -3.54  -3.56   
1989 -3.56  -3.57  -3.43  -3.44  -3.59  -3.89  -3.69  -3.03  -3.09  -2.41  -2.51  -2.79   
1990 -2.44  -2.36   0.50   0.40   0.95   2.38   1.69   2.50   1.51   1.46   1.02   1.47   
1991 1.29   0.79   1.43   2.56   2.59   1.99   1.56   1.14   1.39   2.24   3.67   3.50   
1992 3.24   2.92   2.88   3.08   1.94   0.95   1.72   1.21   2.65   2.05   3.61   3.85   
1993 3.78   3.52   3.37   4.55   4.89   6.00   7.54   7.71   7.02   6.20   5.56   4.66   
1994 4.62   4.63   3.34   3.01   2.05   2.24   3.04   3.17   3.28   2.47   2.52   2.15   
1995 1.91   1.22   1.61   2.60   2.87   2.02   1.91   1.50   0.63   1.23   1.39   0.95   
1996 1.79   1.31   0.75   0.60   0.65   1.72  -0.14  -0.58  -1.23   0.23   0.28   0.30   
1997 0.58   0.80   1.04  -0.54   0.49   0.54   1.87   1.85  -0.25  -0.21  -0.62  -0.75   
1998 0.34   0.96   2.53   2.52   2.30   3.85   3.18   3.56   2.90   3.22   2.85   2.34   
1999 2.82   2.70   1.81   3.93   4.07   3.56   5.14  -0.03  -0.51  -0.70  -1.04  -1.24   
2000 -1.10  -1.00  -1.58  -1.54   1.22   3.24   3.38   3.17   2.80   1.85   1.60   2.01   
2001 2.03   2.40   1.69   2.07   2.89   3.03   2.01   2.67   3.42   3.19   2.74   2.61   
2002 2.05   2.31   1.99   2.27   2.07   2.38   2.01   1.99   1.75   1.98  -0.46  -0.81   
2003 -0.89  -1.04  -1.07  -1.31   0.81  -0.23  -0.29  -1.17  -1.30  -1.70   0.98   1.15   
2004 0.89   1.12   1.91   1.08   4.49   4.71   4.64   4.46   3.01   2.95   2.44   2.30   
2005 2.92   2.92  -0.13  -0.98  -1.00  -0.96  -0.42  -0.60  -0.83  -1.51   0.16  -0.18   
2006 0.26   0.04   0.34   1.30   1.47   1.07   0.77   0.72   1.04   1.11   1.17   1.11   
2007 1.18   1.58   1.56   2.12   1.12   0.66   0.55   4.97   4.37   5.04   4.02   5.11   
2008 5.04   5.38   4.70   6.48   5.98   7.74   7.60   6.21   5.20   4.55   3.73   4.29   
2009 3.80   3.57   3.97   4.03   3.57   3.15   3.47   3.60   2.49   3.84   2.98   4.05   
2010 3.98   3.52   2.40   2.17   2.35   3.72   5.60   5.59   5.72   4.97   4.47   4.65   
2011 4.12   4.28   4.51   4.50  -0.13  -0.01  -0.17  -0.74  -0.74  -1.17  -0.88  -0.39   
2012 -0.12  -0.46  -1.00  -0.61  -0.72  -1.86  -2.59  -3.09  -3.61  -2.80  -3.04  -2.53   
2013 -1.91  -1.29 -99.99 -99.99 -99.99 -99.99 -99.99 -99.99 -99.99 -99.99 -99.99 -99.99   
