1895 0.40  -0.30  -0.67  -1.28  -1.39  -2.09  -2.60  -2.78  -3.17  -3.53  -3.87  -3.16   
1896 -3.38  -3.22  -3.37  -3.03  -2.84  -2.89  -2.84  -2.78   0.60   0.59   0.82   0.44   
1897 1.47   1.27   1.34   1.69   1.41   1.49  -0.16  -0.76  -1.61  -2.08  -2.64  -2.76   
1898 0.53   0.99   0.91  -0.02  -0.04  -0.09  -0.49  -0.70  -0.95  -0.28  -0.49  -0.78   
1899 -0.91  -0.73  -0.21  -0.73  -0.40  -0.27  -0.25  -0.92  -1.36  -1.50  -2.52  -2.64   
1900 -2.98   0.88   0.82  -0.35  -0.41  -0.71   1.58   1.26   1.26   1.91   2.06   1.55   
1901 1.50   1.36   1.73  -0.94  -1.13  -1.54  -1.04  -1.83  -1.87  -1.79  -2.47  -2.63   
1902 -3.01  -2.81  -2.77  -2.99   0.19   0.80   2.25   1.71   1.86   1.57   1.36   1.61   
1903 -0.19   0.28  -0.35  -0.16  -0.12  -0.39   0.89   2.03   2.16   2.08   1.71   1.49   
1904 1.59   1.59   1.63   1.62   2.03   1.56   1.52   1.22   1.46   1.81  -0.75   0.09   
1905 0.15   0.19   0.28   0.01   0.52   1.17   1.25   1.54   1.15   1.24   0.96   0.88   
1906 1.64   1.69   1.70  -0.60  -0.93  -0.67  -0.86  -0.91  -0.89   0.20   0.40   0.65   
1907 1.52   0.96   0.78   1.04   1.24   0.97   1.48   1.59   1.53  -0.39  -0.68   0.05   
1908 0.09   0.99   0.94   1.00   1.51  -0.32  -0.32  -0.80  -1.80  -2.46  -2.86  -3.16   
1909 -3.26   0.42   0.40   2.07  -0.11  -0.19  -0.54  -1.15  -1.18  -1.54   0.22   0.53   
1910 0.70  -0.01  -1.18  -1.17  -0.67  -1.43  -2.33  -2.38  -2.14  -2.45  -3.05  -3.45   
1911 -3.79  -3.13  -3.32  -2.98  -2.73  -2.91   0.12  -0.16   1.18   2.44   2.90   2.96   
1912 2.50   2.17   1.71   1.46   2.00   1.27   2.07   2.75   2.60   2.56   2.41   2.30   
1913 2.33   2.20   2.53   2.09   2.34   1.76   2.53  -0.50  -0.66  -0.34  -0.80  -1.33   
1914 -1.11  -1.12  -1.08  -0.99  -1.05   0.35   0.40   0.43   1.01  -0.03  -0.47  -0.47   
1915 0.33   0.88  -0.42  -1.67   0.64   0.46   0.70   1.19   1.99   1.72   1.89   1.64   
1916 2.45   2.01   2.14   1.69   1.71   2.39  -1.00  -1.54  -1.20  -0.60  -0.65  -0.72   
1917 -0.98  -1.28   0.03   0.45   0.72   1.69  -0.20  -0.44  -0.63   0.72  -0.72  -1.14   
1918 0.11   0.34  -0.40   0.20   1.00  -0.21  -0.53  -0.89  -1.10  -1.11  -1.29  -1.22   
1919 -1.63   0.33   0.50   0.82   1.00  -0.25  -0.08  -0.58   0.29   0.93   1.33  -0.26   
1920 -0.48  -0.79   0.50   0.98   0.56   0.86  -0.13  -0.24  -0.87  -1.29  -1.75  -1.46   
1921 -1.82  -2.01  -1.70  -0.90  -1.42  -2.02  -2.24   0.22   0.77   0.76   0.18   0.53   
1922 0.31   1.17   0.95   1.43   1.07   1.12   1.63  -0.49  -0.79  -1.28  -1.44  -1.78   
1923 -1.93  -1.94   0.71   0.42   0.40   0.29   0.26   0.37   0.67   0.75   0.02   0.05   
1924 0.27   0.44   0.63   0.49   1.04   1.23   1.67   2.74  -0.02  -0.74  -0.91  -0.75   
1925 -1.11  -0.77  -1.05  -1.54  -2.04   0.08   0.38  -0.45   0.17   0.52  -0.44  -0.42   
1926 -0.51   0.55   0.60   0.50   0.45   0.90   0.98   1.32   3.01   3.29   4.16   3.78   
1927 3.18   2.70   2.15   2.33   2.93   2.39   2.58   1.69   1.97   1.98   2.18   2.30   
1928 1.90   1.94   1.84   1.92   1.47   1.84   1.74   2.15   2.10   2.64   3.14   2.87   
1929 3.49   2.99   2.52   3.37   3.47   3.53  -0.08  -0.65  -0.94  -0.90  -1.50  -1.79   
1930 -1.46  -1.08  -1.09  -1.19  -1.56  -0.93  -1.22  -2.17  -2.59  -2.58  -3.31  -3.98   
1931 -4.32  -4.49  -4.04  -4.48  -4.28  -4.10  -4.33  -4.28   0.22   0.60   1.46   1.46   
1932 1.96   1.72   1.79  -0.81  -1.17  -1.84  -2.07  -2.57  -3.29   0.55  -0.35  -0.47   
1933 -0.59   0.12   0.62   0.67   2.95  -0.49  -0.43  -0.95  -1.02  -1.14  -1.80  -2.23   
1934 -2.65  -2.94  -3.12  -3.41  -3.45  -3.84  -4.48  -4.97   0.41   0.05   1.71   1.40   
1935 1.64   1.86   1.54   1.41   1.73   1.88  -0.49  -0.63  -1.14  -1.52   0.43   0.19   
1936 0.51   1.00  -0.67  -0.98  -1.68  -1.81  -2.99   0.46   1.09   1.37   0.78   1.13   
1937 1.91   2.04   1.72   2.57   2.15   2.21  -0.38  -1.00  -1.45  -1.34  -1.98  -2.17   
1938 0.94   1.82   1.88   0.91   0.84   1.75   2.26   3.04   4.56  -0.41  -0.42  -0.48   
1939 0.25   0.70  -0.38  -0.39  -0.78  -0.85  -1.55  -1.74  -2.44  -2.44  -3.49  -4.35   
1940 -4.63  -4.47  -4.99  -4.88   0.65   1.81   1.35   2.78  -0.62  -0.73   0.38   0.26   
1941 0.88  -0.18  -0.08  -0.73  -1.00  -1.30  -1.44  -2.06   1.38   1.94   0.03  -0.03   
1942 0.05  -0.31  -0.36  -1.51   0.52   0.75   0.63   0.64   1.10   1.14   1.74   2.54   
1943 2.87   2.45   2.68  -0.33   0.33  -0.17  -0.56  -0.29  -1.00  -1.46  -1.45  -1.93   
1944 -2.02   0.54   0.99   1.32  -0.66  -0.67  -1.01  -1.41  -1.67  -2.52  -3.02  -3.38   
1945 -3.94  -3.75  -4.62  -4.56   1.32   1.54   0.74   1.08   1.69   1.26   1.73   1.50   
1946 1.99   1.78   1.74  -0.94  -1.10  -0.72  -1.43  -2.03  -2.43  -2.83  -3.10  -3.19   
1947 -2.67  -2.91  -2.72   0.60   1.68   1.98  -0.17  -0.81  -0.39  -0.87   0.23   0.16   
1948 0.04   0.39   1.34  -0.44   0.52  -0.33  -0.94  -2.00  -2.63  -3.26  -3.44  -3.20   
1949 -2.68  -2.02  -1.74  -2.07  -2.54  -2.15  -1.65  -2.24  -2.48  -2.78  -3.59  -3.49   
1950 0.31   0.31   0.56   1.27   0.75   1.22   2.57   2.54   2.16   1.22   0.78   1.00   
1951 1.17   1.43   2.19   2.78   2.41   2.09   1.93   1.96   1.64   2.60   3.14   3.14   
1952 3.23   2.67   3.23   2.58   2.37   2.04   3.79   3.76  -0.77  -1.41  -0.93  -0.57   
1953 -0.54  -0.16  -0.39  -0.20  -0.39  -0.61  -0.60  -0.74  -1.20  -2.07  -3.17  -3.34   
1954 -3.71  -3.56  -3.69   0.54   0.30   2.08   2.78   3.17   2.89   3.56   3.07   3.40   
1955 -0.21  -0.06  -0.42  -0.50   0.09   0.71  -0.16  -0.94  -1.46  -1.41  -2.09  -2.75   
1956 -3.45  -3.45  -3.53  -2.69  -2.05  -2.31  -1.28  -1.06  -1.79  -2.72  -3.00  -3.21   
1957 -3.29  -3.23  -3.07  -2.74  -1.66  -1.40  -1.50  -1.33  -1.93  -2.12  -1.86  -1.54   
1958 -1.48  -1.88  -2.39  -2.62  -2.87  -2.80  -3.21  -3.39  -3.24  -2.84  -2.58  -2.99   
1959 -0.05   0.24   0.87   1.11  -0.66  -1.29   0.56   0.37   0.18   1.62   2.02   2.35   
1960 3.18   3.39   3.26   3.14   3.54   2.91   3.32   3.83   3.67   3.90   3.77  -0.46   
1961 -0.92  -0.99   0.83   1.06  -0.55  -1.05  -1.03  -1.46   1.52   2.12   2.45   2.08   
1962 2.36   2.32  -0.11  -0.73  -1.13  -1.74  -1.27  -1.72  -1.93  -2.15  -2.96  -3.64   
1963 -4.22  -4.51  -4.98  -5.21  -5.06  -5.01  -4.89  -4.71  -4.51  -5.25  -5.42  -5.81   
1964 -5.91  -6.04  -5.85  -4.71  -4.57  -4.71  -3.26  -3.13  -3.03  -3.54  -3.40  -3.65   
1965 0.48   0.38   0.83   1.10  -0.72  -1.42  -1.39   1.05   2.61   3.25   3.18   3.70   
1966 3.40   3.17   3.21   2.94  -0.09  -0.86  -1.17  -1.12  -1.80  -2.07  -2.20  -2.02   
1967 -1.93  -1.67  -1.82  -1.79   0.08   1.40  -0.50  -0.79  -1.21   0.58  -0.05  -0.18   
1968 -0.32  -0.58  -1.52   0.08   0.32   1.62   1.66   1.44   1.44   0.93   0.89   1.33   
1969 1.46  -0.58  -0.86   0.11   0.19   1.84   2.22  -0.85  -1.22  -0.25  -0.49  -0.57   
1970 -0.88  -1.29  -1.41  -1.59   0.67   0.69   0.71  -0.96   1.51   1.67   1.84   2.00   
1971 1.91   2.56  -0.04  -0.43  -0.92  -1.02  -1.38  -1.45  -2.04  -2.27  -2.27   0.91   
1972 0.47   0.16   0.35   0.40   0.07   0.42   1.17   2.40   3.80   4.15   3.65   3.86   
1973 3.41   3.10   2.76   4.12   4.55   3.66   2.60   1.28   1.41   1.57   1.14   1.68   
1974 2.26   2.54   2.93   2.99   3.43   3.38   3.01   2.95   2.11   1.88   1.46   1.31   
1975 1.45   1.51   1.76   1.97  -0.81   0.43   0.07   0.71  -0.64  -1.49  -1.35  -1.68   
1976 -1.87   0.26   1.81   2.10   2.12  -0.75  -1.29  -1.85  -2.44  -2.25  -3.01  -3.80   
1977 -4.43  -4.65  -4.38  -4.58  -5.33   0.40   0.81   1.55   1.61   1.71   1.99   2.22   
1978 2.09   1.45   0.72   1.11   1.27   1.89   3.02   3.04   3.58   3.28   3.31   3.42   
1979 3.77   3.20   3.67   4.15   3.33   2.90   2.17   3.13  -0.97  -0.98  -0.91  -0.74   
1980 -0.75  -0.78  -1.27  -0.89  -1.31   0.27   0.67   1.72   2.47   2.27   1.99   2.26   
1981 -0.53   0.51  -0.77  -0.07  -0.45  -0.70   0.51   1.21   1.63   2.19   2.12   1.68   
1982 1.95   1.25   1.37   1.80   1.62   1.40   1.90   1.89   1.06   1.17   2.09   2.90   
1983 2.22   2.25   2.60   2.77   3.14   2.13   1.46   1.28   1.03   0.98   1.20   1.49   
1984 1.04   0.98   0.83   1.44   1.84   1.96   1.89   1.40   1.22   2.29   2.92   3.47   
1985 3.23   3.37   3.42  -0.77  -1.20  -1.72  -1.87  -1.81   0.10   1.41   3.49   3.48   
1986 2.97   3.70   2.95   2.15   1.72   2.01   2.59   3.00   4.79   4.45  -0.16  -0.40   
1987 -0.54  -0.89  -0.92  -0.34  -0.31  -1.36   0.52   1.78   1.73   1.45   1.46   2.60   
1988 2.90  -0.16  -0.53  -0.32  -1.44  -2.58  -3.51  -3.86  -3.22  -2.81  -1.95  -1.73   
1989 -1.88  -1.90  -1.50  -1.96  -1.86  -2.14   1.01   1.72   1.66   1.46   1.28   0.72   
1990 1.05   1.13   1.20   0.67   2.06   2.34   1.97   2.09   1.55   1.75   1.85   2.19   
1991 1.93   1.30   1.95   0.05  -0.23  -0.72  -0.75  -1.22   0.24   1.71   2.56   2.45   
1992 -0.20  -0.12  -0.14  -0.20  -1.09  -1.73   0.43   0.44   0.80   0.48   1.55   1.82   
1993 2.13   1.80   1.76   3.41   2.83   3.87   3.88   3.58   3.69   3.01   2.60   2.00   
1994 2.04   2.88  -0.52  -1.00  -1.68  -1.66   0.43   1.02  -0.55  -1.15   0.26  -0.31   
1995 0.41  -0.57  -0.68   0.81   0.81  -1.07  -1.33   1.27   0.59   1.37   1.96  -0.30   
1996 0.28  -0.29  -0.83   0.14   0.54   2.50   2.33   1.77   1.14   1.47   0.91   0.71   
1997 0.97   1.86   1.25   0.77   0.96   1.82   1.95   2.32   2.01   1.56   1.18   0.91   
1998 1.61   1.68   2.29   2.53   2.19   2.28   1.67   1.97   1.27   1.54   1.17   0.74   
1999 2.13   1.85   1.15   2.19   2.38   3.07   3.33  -0.28  -0.07  -0.51  -1.29  -1.32   
2000 -1.45  -1.10  -1.56   0.35   2.20   2.64   3.22   3.22   3.94   3.21   3.31   3.46   
2001 3.08   3.90   2.89   2.72   3.06   3.22   2.49   2.62   3.16   3.77   3.18   2.74   
2002 2.34   2.38   2.08   2.25   2.03   2.13   1.36   1.73   1.63   1.69  -0.44  -0.80   
2003 -1.26  -1.57  -1.56  -1.83  -0.66  -1.09  -1.01  -1.60  -1.95  -2.12   0.69   0.83   
2004 0.63   0.43   1.14   0.61   3.65   4.00  -0.17   0.18  -1.01  -1.07  -1.26  -1.37   
2005 1.05   1.34  -0.39  -1.05  -0.96  -1.74  -1.89  -2.41  -2.34  -2.99  -2.64  -2.80   
2006 0.42   0.26   0.76   0.84   1.47   1.04   1.04   0.80   1.04   2.03   2.24   2.60   
2007 2.30   2.43   2.33   2.73   1.81   1.52   1.29   3.55   2.79   2.63   1.78   2.57   
2008 2.69   3.93   3.81   4.38   3.78   5.89   5.73   4.53   4.40   4.20   3.50   4.53   
2009 3.97   4.06   4.51   4.98   4.52   4.74   3.75   3.66   2.83   3.91   3.41   4.00   
2010 3.43   3.07   2.08   2.14   2.09   3.17   4.99   3.98   3.44   2.85   1.97   1.53   
2011 1.15   1.72   2.11   3.00   2.75   2.59   2.43  -0.49   0.44   0.09   0.21   0.47   
2012 0.49  -0.23  -0.25  -0.39  -0.50  -1.71  -2.09  -2.47  -2.83  -2.06  -2.81  -2.15   
2013 -1.21   1.92 -99.99 -99.99 -99.99 -99.99 -99.99 -99.99 -99.99 -99.99 -99.99 -99.99   
