1895 1.42   1.45   1.90   1.69   1.77   2.37   2.39   2.19   2.17   1.34   1.51   1.24   
1896 1.54   1.43   2.10   2.35   3.55   2.96   2.98   2.78   2.79   1.93   2.55   1.94   
1897 1.86   2.08   2.94  -0.21  -0.95  -1.02  -1.08  -1.16  -1.64  -1.44  -0.91  -0.77   
1898 -1.14  -1.34  -1.12  -1.38   0.64   0.81   0.79   0.52   0.13   0.50   0.46   0.22   
1899 1.25   2.37   2.84   2.88   3.28   2.95   2.79   2.65   2.14   2.89  -0.28  -0.25   
1900 -0.48  -0.25  -0.15  -0.38  -0.08  -1.24  -1.72  -2.25  -2.39  -2.07  -2.32  -2.68   
1901 -3.00  -2.90  -3.00  -2.79  -2.65  -2.28  -2.44  -2.54  -2.54  -2.96  -3.19  -2.67   
1902 -3.26  -3.05  -3.13   0.01   0.69   0.42   1.45  -0.75  -0.41  -1.15  -1.17  -1.07   
1903 -0.86  -1.12   0.08   0.42   1.11  -0.65   0.44   0.43   0.63   0.25   0.65   0.56   
1904 0.65   1.89   3.40   3.18  -0.25  -0.75  -0.44  -0.33  -0.58  -0.96  -1.56  -1.59   
1905 -1.82  -2.24  -2.07  -2.12   0.80   1.23   1.45   1.61   1.49   1.78   1.72   1.49   
1906 1.98   2.39   3.11   2.34   3.35   3.55   3.48   4.80   4.31   3.63   3.68   4.03   
1907 5.04   5.43   6.07   5.74   5.15   5.50   5.50   5.95   5.62   4.57   3.87   3.90   
1908 3.58   3.41   3.66   3.11   4.34   4.95   4.90   5.74   5.14   5.86   5.12   5.14   
1909 6.41   6.62   6.43   5.89   5.90   5.84   6.31   6.25   6.45   5.51   6.19   6.23   
1910 6.85   7.24   6.57   5.58   5.53   4.43   3.76   2.85   2.79   2.90   3.04   2.69   
1911 3.88   3.84   3.56   3.57   4.40   4.42   4.08   3.54   3.23   3.38   3.67   3.39   
1912 3.67   3.93   4.17   4.33   4.89   3.93   4.21   5.31   5.98   7.10   7.09   7.20   
1913 7.89   7.25   7.20   6.42   5.99   5.88   6.44   6.24   5.96   6.38   6.32   5.38   
1914 6.06   6.05   5.60   5.16   4.57   4.29   3.89   3.12   3.00   3.03  -0.43  -1.18   
1915 -1.43  -1.60  -1.78  -2.42   1.54   2.80   3.82   4.54   5.45   4.67   4.71   4.98   
1916 6.04   6.40   6.50   5.77   6.00   5.87   5.87   5.60   5.11   5.30   4.97   5.37   
1917 5.72   6.12   6.15   6.12   6.31   5.53   4.75   4.04   3.72   3.18   2.42   2.77   
1918 3.56   3.73   3.85   4.01   3.87   3.03   3.14   2.92   3.34   3.38  -0.21  -0.86   
1919 -1.34  -1.04  -1.00  -0.95  -1.32  -2.49  -3.42  -4.08  -3.78   1.19   1.28   1.16   
1920 1.31   1.15   1.41   1.76   1.66   1.31   1.14   1.48   1.42   2.08   1.91   1.87   
1921 1.86   1.66   1.96   2.10   2.42   2.29   2.13  -0.39  -0.78  -1.49   0.28   0.90   
1922 1.05   1.34   1.54   1.86   1.93   1.58   1.36   2.02   1.31   0.99   0.90   1.30   
1923 1.55   1.42   1.71   1.86   2.25   2.35   2.75   3.09   3.72   4.49   4.14   4.09   
1924 3.90   4.09   4.33   3.90   2.99   2.31   2.21   1.55   1.43   1.87   1.89   1.71   
1925 1.80   1.94   2.20   2.04   1.82   2.15   2.25   2.60   2.81   3.67   3.28   3.27   
1926 3.38   3.62   3.46   2.51   1.98   1.61   1.41   2.13   2.42   1.85   2.30   1.99   
1927 2.06   2.56   2.72   2.92   4.10   3.81   3.46   4.29   4.84   4.84   5.48   5.51   
1928 5.73   5.17   5.32   5.14   3.71   4.26   4.46   4.04   3.17   3.10   2.77   2.35   
1929 2.45   2.35   2.76   3.06   2.85  -0.10  -0.39  -0.91  -0.67  -1.12  -1.26  -1.25   
1930 -1.33  -1.22  -1.12  -1.52  -1.07  -1.30  -1.46   2.38   2.15   2.76  -0.03  -0.42   
1931 -1.05  -1.45  -1.69  -1.82  -1.89  -2.02  -2.47  -2.46  -2.38  -2.25  -2.10  -2.20   
1932 -2.18  -2.38  -2.14  -2.02   0.43   0.58   1.22  -0.12  -0.58  -0.30  -0.47  -0.70   
1933 -0.84  -0.98  -1.24  -0.82  -0.73  -1.61  -2.38  -1.18  -1.03  -1.49  -1.95  -1.95   
1934 -2.48  -3.08  -3.50  -4.11  -5.17  -3.61  -3.30  -3.31  -2.81  -2.90  -2.96  -2.77   
1935 -3.06  -3.40  -3.29  -2.07  -2.04  -2.75  -3.41  -3.86  -4.34  -4.12  -4.09  -4.62   
1936 -4.38  -3.47  -2.86  -1.76  -2.64  -3.06  -3.43  -3.15  -3.38  -3.35  -3.79  -4.06   
1937 -4.45  -4.03  -4.18  -3.89  -4.47  -3.89  -3.17  -3.75  -3.30  -3.36  -0.04   0.50   
1938 0.69   0.59   1.35   1.45   1.78   1.52   2.47   2.44   1.48   3.45   3.48   3.44   
1939 3.63   3.52   3.56  -0.36  -0.92  -0.55  -0.97  -1.35  -1.78  -1.68  -2.53  -2.98   
1940 -3.01  -2.01  -1.56  -0.79  -1.43  -1.47  -1.59  -2.29  -1.52  -1.93  -1.91  -2.34   
1941 -3.08  -3.47  -4.09  -3.92   0.13   0.32   0.91   2.75   3.52   3.54   3.97   4.57   
1942 4.57   4.37   3.91   3.64   5.09   4.63   3.96   2.93   2.49   2.22   3.27   3.67   
1943 5.21   5.23   5.48   5.30   5.55   5.31   4.79   4.62   4.02   3.94   3.90   3.42   
1944 2.69   2.67   2.83   2.27   2.37   4.50   4.70   3.90   4.34   3.68   3.65   3.14   
1945 2.47   2.36   2.25   2.32   3.32   5.70   5.56   6.95   7.16   6.28   6.35   6.39   
1946 6.24   5.80   6.51   5.25   5.43   4.26   4.28   3.62   3.53   5.13   5.22   5.50   
1947 5.31   5.28   5.41   5.24   4.46   5.01   4.67   4.65   4.92   3.99   4.35   4.03   
1948 4.28   4.44   4.67   4.49   3.76   3.52   3.10   2.63   2.12   1.32   1.65   1.99   
1949 1.81   2.27   2.74  -0.70  -1.23  -1.11  -1.73  -2.47   0.39   1.35   0.96   0.95   
1950 1.89   2.17   2.76   3.12   2.68   2.58   3.45   3.03   3.86   3.57   3.79   3.61   
1951 4.18   4.32   4.69   4.30   4.15   4.13   5.09   5.96   5.09   5.99   5.55   6.12   
1952 6.23   6.26   6.17   4.92   4.64   3.83   3.95   4.00  -0.86  -1.84  -2.39  -2.51   
1953 -2.42  -2.15  -2.26   0.98   1.39  -0.51  -1.12  -1.56  -2.13  -2.72  -3.02  -2.99   
1954 -2.57  -2.53   0.34   1.14   0.65   1.32   1.29  -0.39  -0.83  -0.87  -1.52  -1.82   
1955 -2.41  -2.64  -2.74  -2.78  -2.38  -2.41  -2.48  -3.13  -3.12  -3.08   0.45   2.08   
1956 2.74   2.61   2.92   3.49  -0.63  -1.52  -2.00  -2.15  -2.61  -2.59  -2.70  -2.68   
1957 -2.85  -2.48  -2.22  -1.63  -1.44  -0.69  -0.72  -0.81  -1.08  -1.01  -1.21  -1.14   
1958 -1.66  -1.98  -2.29   0.38   0.06   0.54   0.84   0.77  -0.40  -1.01  -0.57  -0.76   
1959 -0.85   0.39   0.39   0.46   1.16  -0.28  -0.55  -1.00  -0.96   0.39  -0.36  -1.08   
1960 -1.76  -1.97  -2.31  -1.97  -2.12  -2.40  -3.15  -2.80  -3.44  -3.35  -3.13  -3.48   
1961 -4.33  -4.11  -4.61  -4.53  -3.97  -4.99  -5.12   0.29   2.05   2.53   2.35   2.50   
1962 2.87   3.83   3.77   2.93   3.26   3.35   3.83   4.28   3.99   3.11   2.96   2.24   
1963 2.20   2.02   1.69   2.71   3.03   3.13   2.72   1.94   2.93  -0.61  -0.77  -0.98   
1964 -0.70  -0.88  -0.93   0.24   0.31   1.39   1.22   0.98   0.23   0.29   0.27   1.41   
1965 2.16   2.05   1.88   2.05   1.87   2.11   2.23   2.47   3.04  -0.64  -0.83  -0.89   
1966 -1.28  -1.65  -2.03  -1.72  -2.03  -1.96  -2.65  -2.72   0.39   0.03   0.02   0.18   
1967 0.55   0.46   0.80   1.16   1.18   1.91   2.38   1.91   1.28   2.13   1.92   2.38   
1968 2.87   2.68   2.32   2.16   1.85   2.80   2.52   4.64   4.52   3.86   3.95   3.79   
1969 4.62   4.39   3.68   2.96   2.12   3.37   3.14  -0.59  -0.87  -0.59  -0.78  -0.96   
1970 -0.89  -1.26  -1.22   0.54   0.62   0.51   0.52   0.01   1.10   1.12   1.58   1.99   
1971 2.48   2.86   2.99   3.21  -0.35  -0.97  -1.32  -1.63   0.43   0.75   0.54   0.82   
1972 1.33   1.63   1.70   1.55   0.73   0.61   0.76   1.30   2.31   2.63   2.24   2.41   
1973 -0.10  -0.34  -0.56  -0.30  -0.58  -0.96  -1.08  -0.04   0.62  -0.48  -0.26  -0.64   
1974 -1.08  -1.60  -0.79  -1.29  -1.27  -1.86  -2.24  -2.11  -2.45  -2.10  -2.61  -2.70   
1975 -2.64  -2.67  -2.80   0.19   0.66   0.71   1.87   1.70   1.09   2.46   2.80   3.01   
1976 3.16   3.27   3.53  -0.13  -0.68  -0.42  -0.81  -1.02  -0.68  -0.78  -1.39  -2.07   
1977 -2.78  -3.70  -4.70  -6.00  -5.88  -6.57  -6.87  -6.10  -6.16  -6.34  -6.16   0.21   
1978 0.89   1.77   1.68   1.22   1.74  -0.71  -0.91  -1.24  -1.37  -1.64   0.16   0.71   
1979 0.71   0.68   1.16  -0.50  -1.30  -1.75  -2.27  -1.74  -2.71  -2.74  -3.04  -3.55   
1980 -3.35  -3.36  -3.27  -3.84  -2.89  -3.09  -2.61  -1.95  -1.32  -1.75  -1.46  -1.30   
1981 -1.87  -1.81  -2.17  -2.58   1.54   1.86  -0.20  -0.90  -1.41   0.21   0.18   0.41   
1982 0.44   0.68   1.09   2.74   2.24   2.32   2.52   2.99   2.86   3.14   3.03   2.93   
1983 -0.20  -0.70  -0.86  -1.24  -1.64  -2.01   0.52   0.47   0.74   1.09   1.22   1.21   
1984 -0.58  -1.24  -1.92  -2.12  -2.03  -2.22   0.51   0.72   1.02   1.26   1.19  -0.16   
1985 -0.67  -0.86  -0.90  -1.63  -1.90  -2.44   0.24   0.15   0.77   0.47   1.06  -0.50   
1986 0.33   1.62  -0.51  -0.55  -1.20  -1.69   0.52   0.80   1.46   0.90   1.46  -0.70   
1987 -1.17  -1.60  -2.01  -3.33  -2.96  -3.18  -1.62  -1.58  -2.37  -3.12  -3.44  -3.69   
1988 -4.12  -4.61  -5.20  -4.90  -3.53  -4.36  -5.07  -5.80  -5.93  -5.97  -4.79  -4.75   
1989 -4.42  -4.02  -3.14  -2.66  -1.75  -1.82  -1.71  -1.28  -1.80  -1.26  -1.40  -1.40   
1990 -1.23  -1.53  -1.87  -2.08  -1.55  -1.84  -1.98  -1.77  -2.27  -1.70  -2.07  -2.22   
1991 -2.82  -3.42  -3.56  -2.95  -1.37  -1.89  -2.22  -2.71  -2.02  -1.38  -1.32  -1.68   
1992 -2.46  -2.93  -3.80  -4.44  -4.65  -3.10  -2.69  -3.18  -2.74  -2.58  -2.80  -2.86   
1993 -2.81  -2.90  -3.24   0.55   1.01   1.62   3.08   3.39  -0.51  -0.52  -0.84  -1.01   
1994 -1.33  -0.97  -1.15  -1.39  -1.61  -1.63  -1.68  -2.23  -2.65   0.14   0.18   0.37   
1995 -0.25  -0.53   0.80   1.19   0.81   0.72   1.08   0.98   0.69   0.79   1.01  -0.34   
1996 0.34   0.09   0.54   0.37   1.42  -0.70  -1.12  -1.82  -1.79  -2.10   0.14   0.79   
1997 1.01   1.33   1.24   1.43   1.13   1.03   2.03   2.60   2.80   2.71  -0.59  -0.34   
1998 -0.45  -1.15  -1.54  -2.40  -3.19  -1.47  -1.68  -2.16  -2.07  -2.66  -2.50  -3.03   
1999 -3.61  -3.97  -4.70  -4.33  -3.95  -3.51  -4.06  -2.96  -3.33  -3.74  -4.49  -4.36   
2000 -4.58  -4.49  -4.51  -4.66  -3.76  -3.92  -4.82  -5.24  -5.04  -4.46  -4.81  -5.35   
2001 -6.22  -6.49  -7.28  -7.06  -7.28  -7.19  -7.40  -8.20  -8.13  -7.47  -7.54  -7.56   
2002 -7.95  -8.21  -8.52  -7.92  -7.37  -7.38  -7.69  -7.83  -7.39  -6.47  -5.90  -6.26   
2003 -6.54  -6.25  -6.04  -5.85  -5.60  -5.74  -6.57  -7.21  -7.26  -6.72  -6.91  -6.93   
2004 -7.50  -7.82  -8.76  -9.72  -9.21  -8.78  -8.76  -7.85  -6.89  -6.18  -6.53  -6.95   
2005 -6.94  -7.44  -8.28  -8.38  -7.42  -6.41  -6.78  -6.01  -5.47  -4.72  -4.08  -4.22   
2006 -4.30  -4.75  -5.70  -6.05  -6.36  -6.77  -6.97  -7.49  -7.00  -5.90  -5.50  -5.34   
2007 -5.58  -5.27  -5.95  -5.82  -6.60  -6.70  -7.09  -7.08  -6.95  -5.31  -5.33  -4.91   
2008 -4.49  -4.49  -4.46  -4.26  -3.06  -2.97  -2.97  -3.49  -3.60  -3.49  -3.31  -3.21   
2009 -3.44  -3.85  -3.69  -2.87  -3.07  -1.95  -1.34  -0.99  -1.83  -0.80  -0.89  -1.38   
2010 -1.59  -2.02  -2.32  -1.96  -1.57  -1.37  -1.76  -1.36  -2.07  -2.28   1.30   1.88   
2011 1.95   2.09   2.68   2.45   3.17  -0.44  -0.95  -1.53  -2.47  -2.51  -2.00  -2.21   
2012 -2.54  -2.65  -2.95  -3.41  -3.40  -4.42  -4.99  -6.05  -6.25  -5.66  -5.98  -5.33   
2013 -5.60  -6.07 -99.99 -99.99 -99.99 -99.99 -99.99 -99.99 -99.99 -99.99 -99.99 -99.99   
