1895 0.94  -0.83  -0.46  -0.73  -0.38  -0.37  -0.29  -0.77  -0.55  -1.21  -1.22  -1.55   
1896 0.44   0.02   0.59   0.42   1.70   1.27   1.43   1.31   1.38   0.85   1.61   1.08   
1897 0.90   1.22   2.28  -0.56  -1.49  -1.58  -1.63  -1.98  -2.28   0.24   0.48   0.90   
1898 -0.12  -0.48  -0.45  -1.19   1.10   1.06   0.01  -0.39  -0.96  -0.81  -0.81  -1.11   
1899 1.09   2.35   2.54   2.34   2.50  -0.10  -0.32  -0.17  -0.66   0.62  -0.35  -0.60   
1900 -0.73  -0.43  -0.67  -0.70  -0.64  -1.65  -2.22  -2.62  -2.57  -2.26  -2.68  -3.04   
1901 -3.50  -2.62  -2.63  -2.64  -2.40  -2.31  -2.52  -2.45  -2.56  -2.60  -3.26  -2.83   
1902 -3.53   0.20   0.07   0.04   0.35   0.17   0.95  -0.59  -0.50  -1.04  -1.19   0.07   
1903 0.93   0.03   0.17   0.21   0.75  -0.88  -0.84  -1.07   0.31   0.05   0.38   0.17   
1904 0.23   2.04   4.33  -0.25  -0.36  -0.85  -0.57  -0.59  -1.14  -1.02  -1.97  -2.07   
1905 -2.52  -2.85   0.36   0.00   0.82   1.21   1.09   0.90   0.98   1.11  -0.13  -0.41   
1906 1.00   1.41   2.13   1.30   2.52   2.66   2.32   3.54   3.14   2.71   2.75   3.31   
1907 4.19   4.36   5.53   4.92   4.62   5.15   4.93   5.23   4.78   3.86   2.94   3.09   
1908 2.52   1.63   1.66   1.01   2.61   3.73   3.51   3.87   3.47   4.18   3.48   3.28   
1909 4.82   5.30   4.46   3.82   3.93   3.49   3.88   4.29   4.62   3.83   5.19   5.34   
1910 5.61   5.66   4.71   3.78   3.57   2.58   1.94   1.00   1.04   1.04   1.37   1.13   
1911 2.83   2.10   1.19   1.00   1.72   2.01   1.60   1.10   0.96   1.23   1.79   1.75   
1912 2.42   3.08   2.77   3.08   3.58   2.68   3.09   3.93   4.65   5.95   6.12   5.97   
1913 6.16   5.26   5.22   4.21   3.43   3.80   4.83   4.77   4.64   4.88   5.28   4.36   
1914 5.26  -0.04  -0.69  -0.51  -0.79   0.67   0.98  -0.44  -0.22  -0.35  -1.25  -2.43   
1915 -3.33  -3.51  -3.45  -3.84   1.77   2.41   3.02   2.93   4.11   3.52   3.73   4.06   
1916 5.05   5.46   5.73   4.81   4.72   4.65   4.73   4.58   3.86   4.00   3.72   4.21   
1917 4.20   4.38   4.37   4.39   5.13   4.48   3.75   2.89   2.66   1.97   1.09   1.53   
1918 2.51   2.49   2.35   2.30   2.14   1.19   1.40   1.32   1.91   2.27  -0.26  -1.07   
1919 -1.69  -1.03  -1.01  -1.16  -1.52  -2.25  -2.97  -3.51   0.13   1.45   1.66   1.53   
1920 1.24   0.61   0.88   1.05   1.01  -0.47  -0.81   0.28   0.35   1.33   1.58   1.88   
1921 2.24   1.98   1.82   1.99   2.38  -0.60  -0.92  -1.01  -1.30  -1.86   0.06   0.57   
1922 0.75   0.94   0.66   0.86   0.98   0.38   0.07   0.86  -0.67  -0.85  -0.94   0.34   
1923 1.01  -0.46  -0.71   0.29   0.69   1.12   1.56   1.95   3.13   4.02   4.01   3.87   
1924 -0.30  -0.25  -0.41  -0.65  -1.19  -1.46  -1.53  -1.86   0.03   0.80   0.96   0.98   
1925 1.59   1.87   1.53   1.13   0.79   1.15   1.33   1.67   1.88   2.54   2.20   2.23   
1926 2.17   2.42  -0.84  -1.44  -1.33  -1.63   0.03   0.65   0.97   0.64   1.48   1.24   
1927 1.47   2.40   1.86   1.73   2.58   2.02   1.48   1.96   2.86   3.01   4.27   4.09   
1928 3.85   2.88   3.16   3.00  -0.76  -0.32  -0.23  -0.40  -0.92  -0.54  -0.64  -0.92   
1929 0.34   0.10   0.49   0.84  -0.27  -0.03  -0.35  -0.68  -0.15  -0.38  -1.10  -1.37   
1930 -1.62  -0.98  -0.94  -1.78   0.29  -0.17  -0.30   1.90   1.79   2.74   2.52  -0.52   
1931 -1.01  -1.61  -1.24  -1.52  -1.50  -2.19  -2.44  -2.36  -2.40  -1.93  -2.17  -2.03   
1932 -1.88   0.31   1.69   1.76   1.31   1.99   2.33   2.35   1.39   1.22   0.86   0.90   
1933 1.75   2.02   1.45   1.30   2.14  -1.00  -1.85  -1.84  -1.90  -2.89  -3.91  -4.00   
1934 -4.45  -4.51  -3.69  -4.30  -5.45  -4.87  -4.97  -5.29  -4.85  -4.11  -3.73  -3.25   
1935 -3.12  -3.41  -2.49  -1.30  -0.71  -1.41  -1.92  -2.29  -2.84  -2.99  -3.21  -3.63   
1936 1.04   2.94   3.12   2.93  -0.72  -0.74  -0.64  -0.42  -0.75  -1.28  -2.38  -2.69   
1937 -2.90   1.26   1.04   2.33  -0.91  -0.92  -0.33  -1.08  -1.17   0.18   0.53   0.97   
1938 1.27   1.10   2.73   2.42   2.62   2.27   2.94   2.81   2.00   2.30   2.34   2.19   
1939 2.31   2.46  -0.47  -1.12  -1.88  -1.24  -1.19  -1.75  -1.67  -1.75  -2.91  -3.62   
1940 -3.33  -1.86  -1.50  -0.74  -1.57  -1.76  -2.07  -2.67   0.93   1.40   1.52  -0.06   
1941 -0.10  -0.12  -0.89   0.20   0.53   0.85   1.22   2.92   3.10   2.93   2.81   3.59   
1942 2.98   2.94   2.04   1.88   2.84  -0.07  -0.26  -0.94  -1.35  -1.67   1.44   2.43   
1943 3.73   3.35   3.32  -0.72  -0.85  -0.79  -0.96  -0.78  -1.43  -0.80  -1.14  -1.63   
1944 -2.16   0.18   0.36   0.08   0.59   2.71   0.00  -0.62  -0.64  -1.22   0.52   0.63   
1945 0.49   1.51   1.59   1.72   2.53   4.29   3.89   4.99   5.32   4.84   5.13   5.62   
1946 5.21   4.73   4.58   3.26   3.19   2.14   1.60   0.90   1.22   2.90   3.16   3.46   
1947 3.08   2.39   2.41   2.05   1.96   3.01   2.61   3.23   3.11   2.61   3.02  -0.27   
1948 -0.27  -0.26  -0.44   0.45   0.10   0.49  -0.10  -0.33  -0.34  -0.58   0.12   0.98   
1949 0.61   1.40  -0.06  -0.79  -0.29  -0.31  -0.49  -0.86   0.01   1.03   0.90   0.69   
1950 1.75   1.89   3.09   2.62   2.52   2.35   2.82   2.26   3.27   3.03   3.82   3.56   
1951 3.83   3.85   3.78   3.27   2.87   2.46   2.76   4.22   3.40   4.08   3.90   4.41   
1952 4.33   4.13   3.85  -0.29  -0.55  -0.90  -0.86  -1.02  -1.58  -2.53  -3.44  -3.55   
1953 -2.58  -2.51  -2.25  -2.00  -1.09  -1.04  -1.35  -1.60  -2.06  -2.41  -2.85  -3.04   
1954 0.22   0.22   0.92   0.63   0.24   1.03   0.98  -0.24  -0.72  -1.06  -1.65  -2.02   
1955 -2.63  -2.57   0.33   0.39   0.22   0.50   0.80   0.82   0.86   0.81   1.15   3.26   
1956 4.13  -0.24   0.01   0.21  -0.42  -1.08  -1.60  -2.12  -2.62  -2.30  -2.71  -2.89   
1957 -3.07   0.36   0.64   1.22   1.97   1.84   1.81   1.81  -0.41  -0.69  -1.10   0.18   
1958 0.18   0.35   0.01   0.37  -1.21  -1.85  -2.07  -2.79  -2.89  -3.40  -2.77  -2.83   
1959 -2.90  -2.52  -2.71  -2.78  -2.09  -2.38  -2.79  -2.76  -2.08  -2.08  -2.82  -3.68   
1960 -4.67  -4.49  -3.89  -3.82  -4.14  -4.10  -4.59  -4.12  -4.41  -3.67  -3.19  -3.54   
1961 -4.59  -4.65  -4.56  -4.38  -4.14  -4.76  -5.14  -4.71   1.56   1.94   1.99   2.26   
1962 2.01   2.36  -0.30  -0.85  -0.68  -1.11  -0.69  -0.71  -1.34  -1.87  -2.51  -3.53   
1963 -4.11  -3.81  -3.93   1.08   1.12   1.72   1.20   1.13   1.89  -0.57  -0.59  -1.05   
1964 -1.09  -1.74   0.15   0.10   0.31   1.67   1.57  -0.12  -0.88  -1.47  -1.47   1.65   
1965 2.27  -0.71  -1.25  -0.91  -1.28   0.43   0.42   0.55   1.29  -0.75  -0.61  -1.12   
1966 -1.64  -2.05  -2.42  -2.35  -2.35  -2.35  -2.56  -2.95  -2.53  -2.86  -2.96  -3.17   
1967 -2.85  -2.94  -2.93   0.45   0.30   1.53   1.78  -0.06  -0.49   0.57  -0.03  -0.14   
1968 -0.29  -0.29  -0.75   0.13   0.34   0.52   0.28   1.66  -0.06  -0.39  -0.40  -0.74   
1969 1.06  -0.29  -1.20  -1.95  -3.05  -1.99  -2.13  -2.30  -2.28  -1.87  -2.54  -2.64   
1970 -1.43  -2.15  -2.52   0.65   0.61   0.57   0.78   0.26   0.79   1.24   2.07   2.43   
1971 3.21   2.47   2.85   3.24   2.89   2.65   2.15   1.95   1.99   2.80   2.88   3.33   
1972 3.95   3.66   3.21   3.25   2.56   2.49   2.18   2.04   2.41   2.98   2.52   2.61   
1973 -0.12  -0.25  -0.46  -0.21  -0.72  -0.86   0.24   0.07   1.10   0.97   2.24   2.57   
1974 2.70   2.04   2.82  -0.13  -0.25  -0.77  -1.29  -1.24  -1.95  -1.66  -2.23  -2.68   
1975 -2.89   0.34   0.59   1.37   1.64   1.75   2.42   2.27   1.35   2.23   2.54   2.57   
1976 2.48   2.92   2.84   3.04  -0.80  -0.69  -0.86  -0.39  -0.37  -0.67  -1.76  -2.86   
1977 -4.23  -5.51  -5.78  -6.18  -5.38  -5.45   0.38   1.18   1.08   0.89   1.19   2.58   
1978 2.69   2.93  -0.63  -0.59   0.61  -0.66  -1.02  -0.39  -0.07  -0.81  -1.11   0.21   
1979 0.42   0.39  -0.59  -0.76  -1.16  -1.58  -1.91  -1.47  -2.08  -1.91  -2.44  -3.35   
1980 -2.99  -2.98  -2.60  -2.82   1.48   1.44   1.96   2.44   2.67  -0.09  -0.28  -0.41   
1981 -0.90  -1.35  -1.72  -1.84   1.60   1.80   0.03  -0.38  -1.01   0.59   0.96   1.78   
1982 2.10   1.81   1.82   2.55   2.28   1.96   2.86   2.73   3.69   3.87   3.82   3.90   
1983 3.39   3.08   2.74   2.66   2.53   2.16   2.98   3.78   4.19   4.51   5.74   6.13   
1984 4.73   3.92   3.46   3.30   3.29   3.41   3.83   3.82   4.22   4.13   4.17   4.01   
1985 -0.87  -0.99  -0.74  -1.53  -1.69  -2.04   0.61   0.01   1.04   1.33   2.35   1.90   
1986 1.82   3.56   2.72   3.16   2.85   1.75   2.02   1.90   2.43  -0.23   0.00  -0.96   
1987 -1.41  -1.86  -2.33  -3.16   0.80   0.32   1.80   1.95  -0.72  -1.48  -1.70  -1.82   
1988 -1.89  -2.36  -2.68  -2.39  -2.38  -3.32  -4.15  -4.71  -4.79  -5.52  -4.18  -4.26   
1989 -3.73  -3.71  -2.36  -2.80  -2.37  -2.21  -2.03  -1.57  -1.47  -1.07  -0.93  -1.51   
1990 -1.33  -1.70  -2.20  -1.81  -1.57  -1.88  -1.80  -1.78  -1.77  -1.26  -1.17  -1.49   
1991 -2.21  -2.89   0.25   0.46   1.71   1.10   1.00   1.10   1.39   1.42   1.80  -0.57   
1992 -1.51  -1.99  -2.57  -2.61  -3.19  -2.76  -2.16  -2.39  -2.17  -2.41  -2.80   0.13   
1993 -0.21   0.19   0.12   0.71   1.17   1.65   3.30   4.16   3.58   3.62  -0.08  -0.25   
1994 -0.53   0.49  -0.84  -1.25  -1.40  -1.82  -2.25  -2.28  -2.61   1.08   1.27   1.31   
1995 1.55   1.15   2.14   2.31   2.80   2.81   3.65   3.77   3.22   3.05   3.86   4.17   
1996 4.76   4.17   3.63   3.36   4.30   3.33   2.78   1.76   1.42   1.09   1.56   3.66   
1997 5.28   5.18   4.93   4.88   4.86   4.58   5.62   6.18   6.24   6.05   5.82   5.17   
1998 6.05   5.05   4.77   4.41   4.09   5.45   5.10   4.80   4.45   3.92   3.98   3.64   
1999 4.30   5.35   4.37   4.39   4.53   4.43   4.01   4.03   3.69  -0.67  -1.10  -1.52   
2000 -1.25  -0.84  -0.93  -1.46  -1.01  -1.27  -1.45  -1.46  -1.51  -1.08  -1.49  -1.75   
2001 -2.84  -3.00  -3.20  -2.98  -3.22  -3.41  -3.45  -3.89  -4.10  -3.73  -3.75  -3.30   
2002 -3.06  -3.59  -3.03  -2.62  -2.58  -2.90  -2.79  -3.04  -2.06  -1.59  -1.60  -1.84   
2003 -1.62  -1.80  -1.51  -2.09  -2.32  -2.65  -3.18  -3.10  -2.84  -3.25  -3.39  -3.07   
2004 -2.87  -2.98  -3.46  -3.76   0.74   0.99   1.27   2.22   2.54   2.96  -0.26  -0.53   
2005 -0.67  -1.13  -1.23  -1.70   0.94   1.72   1.46   1.96   2.08   2.27   2.73   3.43   
2006 4.07  -0.32  -0.42  -0.28  -0.78  -1.23  -1.64  -1.78  -1.53  -0.93  -0.95  -0.90   
2007 -1.32  -1.28  -1.95  -2.20  -2.94  -3.47  -3.74   0.07   0.15   1.23   1.09   0.93   
2008 1.40   1.28   1.55   0.97   1.65  -0.15  -0.50  -1.00  -1.19  -1.21  -1.31   0.26   
2009 0.37  -0.46   0.20   0.76   0.27   2.17   2.13   2.10   1.35   2.17  -0.43  -0.92   
2010 -1.21  -1.88  -2.16   0.83   1.34   2.35   2.06   2.30   1.73   2.29   2.82   3.32   
2011 3.00   2.46   2.60   4.05   4.98   4.81   4.41   4.15  -0.63  -0.26  -0.16  -0.53   
2012 -0.18  -0.31  -0.20  -0.52  -0.26  -1.13  -1.18  -1.96  -2.17   0.51   0.41   1.14   
2013 0.65  -1.12 -99.99 -99.99 -99.99 -99.99 -99.99 -99.99 -99.99 -99.99 -99.99 -99.99   
