1895 0.69   1.37   3.43   3.92   4.24   5.49   5.41   5.56   5.00   4.61   5.14   4.54   
1896 4.34   4.29   5.52   5.46   5.21   4.96   5.76   5.71   5.91   5.03   4.95   3.69   
1897 3.49   3.20   3.76  -0.73  -1.60  -1.94  -2.18  -2.07  -2.79  -2.92  -2.59  -2.21   
1898 -2.15  -2.26  -1.84  -2.51   1.46   1.32  -0.42  -0.75  -1.29   0.50   0.56   0.57   
1899 1.37   2.23   3.46   2.98   3.38   3.29   3.60   3.81   3.10   3.55   2.36   2.25   
1900 1.72   1.79   1.42   3.13  -1.07  -2.44  -2.45  -2.48  -2.23  -2.76  -2.84  -2.71   
1901 -2.90  -2.90  -2.83  -3.01  -2.37  -1.88  -2.54  -3.06  -2.92  -2.94  -3.39  -2.26   
1902 -2.33  -2.37  -1.91  -2.03  -2.28  -2.53  -2.48  -3.08  -2.69  -2.86  -3.14  -2.41   
1903 -2.27  -1.95  -1.68  -1.58  -1.57  -2.55   0.43   0.61   0.99   0.53   0.70   0.87   
1904 1.12   1.69   2.76   2.58   3.34   2.76   3.11   3.33   2.44   1.96   0.89   0.88   
1905 1.15   0.92   0.64   1.13   2.41   3.22   4.49   5.31   5.26   5.62   5.16   4.64   
1906 4.79   4.65   5.86   5.34   6.52   6.44   6.57   7.93   7.39   7.53   7.24   7.19   
1907 7.35   7.19   7.81   7.58   8.04   8.14   8.67   9.19   8.77   7.21   6.29   5.94   
1908 5.38   5.11   5.13   4.17   6.92   7.72   8.06   9.02   8.47   8.72   7.86   7.62   
1909 7.41   7.22   7.26   7.30   7.73   8.16   8.77   8.62   8.61   7.45   7.01   7.05   
1910 7.10   7.11   5.87   4.72   5.04   3.98   3.55   3.01   3.45   3.35   3.20   2.89   
1911 3.42   3.52   2.85   2.69   2.44   2.30   1.89   2.17   2.41   3.18   4.01   4.22   
1912 4.34   4.62   5.23   5.78   6.20   5.04   5.89   7.43   8.55   8.71   7.92   7.74   
1913 7.92   7.88   8.43   7.38   7.38   6.99   7.54   7.62   7.36   7.97   7.33   6.95   
1914 6.35   6.24   5.99   6.54   6.06   5.38   4.80   4.43   4.03   3.80   2.70   2.13   
1915 2.12   1.82   1.92   1.04   1.50   3.38   5.26   6.80   8.55   8.12   7.98   7.86   
1916 7.73   7.76   7.76   6.99   7.24   7.13   7.19   7.33   6.77   6.82   6.39   6.43   
1917 6.29   6.42   6.86   7.35   8.28   7.45   6.67   6.09   5.53   5.50   4.28   4.57   
1918 4.64   4.52   3.99   4.73   4.78   4.14   4.94   5.40   6.06  -0.36  -0.22  -0.22   
1919 -0.37  -0.47  -0.83  -1.23  -2.43  -3.97  -5.07  -5.87  -5.36   2.29   2.57   2.67   
1920 2.65   2.94   3.13   4.40   5.05   4.63   4.75   5.01  -0.12  -0.29  -0.43  -0.55   
1921 -0.50  -0.81  -1.07  -1.23  -1.11  -1.19  -1.48  -2.15  -2.43  -3.17   0.29   0.63   
1922 0.75   0.88   0.29   1.08   1.82   1.77   2.43   3.02   2.12   1.93   2.46   2.38   
1923 2.33   2.47   2.81   2.95   2.81   2.75   3.80   4.54   6.22   7.31   6.57   6.35   
1924 6.11   6.14   7.00   6.47   6.44   5.83   6.03   5.69   5.50   6.27   5.93   5.73   
1925 5.43   4.96   4.33   4.18   3.93   4.21   4.26   4.31   4.52   5.92   5.56   5.68   
1926 5.94   5.52   5.32   4.50   4.50   4.34   5.07   6.02   6.45   6.09   5.67   5.01   
1927 4.69   4.16   4.20   4.59   5.79   5.51   5.94   7.05   7.18   6.51   6.39   6.11   
1928 5.99   5.74   5.22   4.62   3.90   5.08   6.49   6.87   5.93   5.89   5.90   5.40   
1929 5.21   5.14   6.21   6.51   7.15   6.28   5.90   4.89   5.20   4.96   5.12   4.68   
1930 -0.01  -0.18   0.17  -1.16  -1.20  -1.73  -2.45   1.49   1.36   2.62   2.26   1.84   
1931 1.51   1.38   1.84   1.60   1.84  -0.87  -0.29  -0.71   0.33   0.65   0.63   0.14   
1932 0.75   0.34   0.63   1.27   1.65   1.96   1.97   1.73   1.44   2.56   2.31   2.15   
1933 2.10   1.95   2.91   4.51   5.42  -0.88  -1.20  -0.20  -0.29  -0.71  -0.87  -0.80   
1934 -0.62  -0.70  -0.22  -0.05  -1.76  -2.09  -2.58  -2.97  -2.05  -1.80  -2.14  -1.82   
1935 -2.12  -2.08   0.13   0.51   2.49   2.35   2.59   2.66   2.31   1.92   1.86   1.92   
1936 2.16   2.34   2.73  -0.09  -1.72  -1.91  -2.10  -2.32  -2.57   0.28   0.27  -0.03   
1937 -0.26   0.30   1.13   1.18   1.08   1.82   4.01   3.59   2.98   2.47   2.56   3.22   
1938 3.48   3.18   3.11   2.86   4.23   4.12   4.83   4.54   3.66   2.46   3.01   3.07   
1939 3.00   3.28   3.57   3.31   3.30   3.37   3.42   3.99  -0.34  -0.62  -1.42  -1.45   
1940 -1.36   0.21   0.15   1.77   0.76   0.78   0.81   0.30   0.91   0.61   1.03  -0.21   
1941 -0.38  -0.83   0.04   2.03   1.52   1.18   1.97   3.35   4.25   4.22   3.74   3.54   
1942 2.95   2.60   2.35   1.95   2.65   2.27   2.27   2.05   2.12   3.43   4.41   4.09   
1943 4.18   3.87   3.90   3.44   4.20   4.26   4.30   4.54   3.48   3.12   2.47   2.43   
1944 2.51   2.32   2.63   3.25   3.17   5.45   5.96   5.79   4.77   3.73   3.52   3.34   
1945 2.90   2.95   3.10   2.94   2.36   3.88   3.88   4.29   5.41   4.46   4.41   4.12   
1946 3.73   3.28   3.78   2.44   3.10   3.29   3.38   3.38   3.75   4.45   3.89   3.86   
1947 3.67   3.68   3.66   3.62   3.63   4.68   4.83   4.37   4.24   3.49   3.97   3.27   
1948 3.36   3.21   2.75   2.60   1.39   2.15   2.45   2.14   1.83   1.11   1.34   1.15   
1949 1.83  -0.12  -0.02  -0.45  -0.79  -0.81  -0.96  -1.54  -1.67  -0.85  -1.62  -1.72   
1950 -1.57  -1.89  -1.68  -1.36  -0.98  -1.43  -0.85  -0.81  -0.60  -1.27  -1.16  -1.43   
1951 -1.52  -1.73  -1.79  -2.24  -3.31  -2.90  -2.41  -2.21  -1.22  -1.23  -1.54  -1.52   
1952 -1.91  -1.70  -1.70  -3.00  -2.50  -3.29  -3.11  -3.10  -3.98  -4.51  -4.45  -4.34   
1953 -3.74  -2.83  -3.47  -3.15  -2.99  -2.74  -3.41  -3.06  -3.53  -3.91  -3.97  -3.92   
1954 -3.77  -4.11  -3.32  -4.04  -4.61  -5.39  -6.51  -6.36  -6.76  -6.22  -6.60  -6.46   
1955 -6.32  -5.27  -4.81  -4.72  -4.13  -3.67  -4.38  -5.08  -4.89  -4.98  -4.21  -3.13   
1956 -2.96  -2.82  -2.58  -2.41  -2.24  -3.33  -3.49  -3.36  -3.99  -4.30  -3.76  -3.76   
1957 -3.83  -3.88  -4.24   0.51   0.79   1.51   0.90   1.08   0.85   1.20   1.43  -0.39   
1958 -0.80  -0.83  -0.93  -0.06  -1.58   0.03   1.18  -0.45  -1.49  -2.16  -1.76  -1.52   
1959 -1.68  -1.36  -1.52  -1.99  -1.86  -2.34  -3.49  -4.22  -4.02  -3.32  -2.98  -3.14   
1960 -3.31  -3.23  -3.78  -4.66  -5.83  -6.49  -7.77  -7.10  -7.36  -7.17  -6.41  -5.93   
1961 -5.96  -5.13  -5.28  -5.29  -5.09  -6.24  -6.52  -7.24   1.19   2.26   1.90   1.75   
1962 1.73  -0.14  -0.36  -1.37   0.85   1.82   2.78   2.90   2.91   2.31   1.76   1.40   
1963 1.52   1.68   0.88   2.12   1.55   2.85   2.83  -0.11  -0.08  -0.82  -1.19  -1.21   
1964 -1.22   0.29  -0.32   0.22   0.24   1.94   1.57   1.81  -0.79  -1.23   0.61   0.90   
1965 1.58  -0.05  -0.24  -0.87   0.51   0.62   0.99   1.54   2.25  -1.03  -1.67  -1.96   
1966 -2.15  -2.18  -2.49  -1.87  -3.18  -3.75  -4.60  -4.90  -4.24  -3.76  -3.72  -3.55   
1967 -3.27  -2.76  -2.90  -2.61  -2.44   1.82   1.91   1.59   2.37  -0.14  -0.21   0.30   
1968 0.36  -0.06  -0.51  -0.81   0.59   1.86   2.26   4.41   4.50   3.69   3.34   3.69   
1969 3.64  -0.12  -0.28  -0.28  -1.19  -0.34  -0.25  -1.03  -2.04   0.41   0.59   0.55   
1970 0.39   0.25   0.88   1.38   2.39   2.25   2.72   1.95   1.85   1.83   2.21   2.00   
1971 2.33   2.83   2.85   3.68   4.34   3.30   2.89   2.23   1.81   3.95   3.87   3.39   
1972 4.11   3.92   3.87   3.38   2.94   2.67   3.02   4.03   3.41   3.30   2.80   2.52   
1973 2.10   1.51   1.58   2.74   1.71   1.38   1.80   1.72   2.75   2.53   2.42   2.42   
1974 2.26   2.00   1.46   2.03  -0.28  -1.19  -1.64   0.27  -0.36   0.79   0.58   0.37   
1975 0.73   0.57   0.69   1.30   1.99   3.08   3.60   3.53   2.45   2.23   2.12   2.27   
1976 2.09   1.85   1.37   1.65   1.09   1.81   1.90   2.02   1.86   2.05   1.92   1.40   
1977 1.56   1.65   2.32  -0.59  -0.62  -1.03  -1.00   0.79   0.73   0.91   0.81   1.28   
1978 1.51   1.84   1.27   1.32   4.82   3.89   4.65   4.82   4.59   3.47   3.66   3.85   
1979 -0.03   0.04  -0.35  -0.55  -0.53  -1.20  -1.13  -0.78  -1.75  -1.56  -1.53  -1.84   
1980 -1.77  -1.63  -1.53  -2.50  -2.34  -3.28  -4.36  -3.00  -2.97  -2.84  -2.77  -2.62   
1981 -2.84  -2.83  -3.14  -4.47  -3.03  -3.45  -2.95  -3.27  -3.65  -3.17  -3.63  -3.48   
1982 -3.22  -3.44  -2.91  -2.91   0.19   0.81   0.95   0.86   2.65   3.23   2.66   3.19   
1983 -0.30  -0.44  -0.51  -0.66  -0.59  -0.99  -1.53  -1.62  -2.11   0.35   0.85   0.93   
1984 0.79   0.51   0.75   1.96   1.44   1.87   1.85   1.66   1.80  -0.27  -0.31  -0.50   
1985 -0.57  -0.82  -1.07  -1.89  -2.52  -2.95  -3.44  -3.90  -2.79  -2.83  -2.38  -2.10   
1986 -2.18  -1.60  -2.40  -2.69  -2.86  -3.33  -4.14  -4.69   1.94   2.53   2.96   2.32   
1987 2.01   2.23   2.46  -1.40  -1.55  -2.11   1.05   1.69   1.63  -0.48  -0.34  -0.62   
1988 -0.82  -0.68  -0.92  -1.61  -2.44  -4.09  -5.54  -6.31  -5.83  -5.73  -5.48  -5.26   
1989 -5.22  -5.17  -4.84  -4.95  -4.82  -4.90  -5.33  -5.86  -5.44  -4.51  -4.20  -3.13   
1990 -3.10  -3.04  -3.00  -2.53  -2.78  -3.09  -3.10  -2.93  -3.47  -3.02  -3.06  -2.99   
1991 -3.09  -2.93  -3.22  -2.15  -1.76  -1.24  -1.57  -2.19  -2.31  -2.20  -1.31  -1.57   
1992 -1.92  -2.59  -2.98  -3.79  -4.48  -3.66  -2.92  -2.96  -3.34  -3.66  -3.09  -2.51   
1993 -2.41  -2.18  -2.37  -2.12  -2.19   1.58   2.84   2.93   2.45   2.61   2.33   2.33   
1994 2.91   3.09  -0.25  -0.51  -1.64  -2.52  -2.43  -2.96  -3.00   2.90   3.14   2.75   
1995 2.78   2.64   2.81   3.21   4.56   5.12   5.96   6.03   6.03   5.90   5.45   4.72   
1996 4.55   3.99   4.57   3.68   4.51   3.44   2.90   2.68   2.53   2.81   2.66   2.50   
1997 2.66   2.65   1.95   2.12   1.79   1.74   3.55   3.57   3.17   3.14   2.36   2.56   
1998 2.49   2.30   2.56   0.00  -1.54   0.69   0.92   1.95   2.15   3.87   3.73   3.39   
1999 2.98   2.69   1.88   3.10   3.12   3.05   2.81   2.43   2.78  -0.54  -1.47  -1.25   
2000 -0.63  -0.56  -1.20  -1.35  -1.00  -1.24  -1.94  -2.85  -2.89  -2.78  -2.53  -2.12   
2001 -2.17  -1.85  -2.09  -2.52  -3.52  -3.78  -3.93  -5.01  -4.92  -3.97  -3.71  -3.77   
2002 -3.63  -3.41  -2.88  -3.05  -3.33  -4.54  -4.77  -3.92  -3.52  -2.50  -2.42  -2.67   
2003 -2.33  -1.84  -0.96  -1.19  -1.01  -0.62  -1.38  -2.03  -1.55  -1.99  -1.90  -1.75   
2004 -2.06  -1.57  -2.61  -3.46  -4.37  -5.17  -4.56  -4.71  -4.17  -3.08  -3.18  -3.31   
2005 -3.33  -3.28  -3.58   0.26   2.29   2.21   2.29   2.57   1.84   2.74   2.59   2.49   
2006 -0.39  -0.23  -0.24  -0.70  -1.22  -2.50  -3.64  -4.31   1.14   1.43   1.11   0.60   
2007 0.38   0.60   0.96   0.53   1.56   1.71   1.82   1.32   0.87   2.05   1.37   1.38   
2008 1.43   1.31   1.54   1.28   3.90   4.05   4.74   4.41   4.46   4.50   3.85   3.77   
2009 4.06   3.41   3.94   3.52   1.99   2.44   2.87   3.32   2.16   3.39   2.57   2.28   
2010 1.80   1.47   0.58   0.65   2.55   2.61   3.15   3.13   2.09   1.28   1.18   1.26   
2011 1.48   1.31   1.67   2.12   5.57   5.16   5.02   4.54   3.28   3.98   4.22   4.23   
2012 3.71   3.71  -1.28  -1.86  -1.91  -3.28  -3.84  -4.80  -5.57  -5.22  -4.62  -4.48   
2013 -4.15  -3.96 -99.99 -99.99 -99.99 -99.99 -99.99 -99.99 -99.99 -99.99 -99.99 -99.99   
