1895 0.65   1.23   2.78   3.54   4.27   5.79   6.87   7.82   6.93   6.33   6.63   5.96   
1896 5.56   5.05   5.99   6.04   5.66   5.64   6.46   6.15   6.48   0.02  -0.04  -0.77   
1897 -0.88   0.00   0.80  -0.10  -0.84  -1.27  -1.28  -0.38  -1.59  -1.12  -1.70  -1.22   
1898 -1.05  -1.42  -1.17  -1.64   1.53  -0.17  -0.19  -0.35  -1.13   0.20   0.47   0.67   
1899 1.21   1.79   2.71  -0.58  -0.66  -0.62  -0.12  -0.45  -0.88  -0.08  -0.77  -0.52   
1900 -0.86  -0.51  -1.26   2.57  -1.31  -2.03  -1.80  -2.56  -2.54  -2.70  -3.12  -3.02   
1901 -3.14  -2.96  -2.44  -2.10  -2.08  -2.08  -3.09  -3.26  -3.82  -3.76  -4.09  -3.00   
1902 -2.88  -3.03  -2.91  -3.31  -4.00  -4.38  -4.67  -5.26  -4.12  -3.90  -4.23   0.38   
1903 0.23   0.61   0.55   0.36   0.73   1.22   1.25   1.18   1.61   1.28   1.10   1.05   
1904 1.03   1.03   1.76   1.67   2.53   3.54   4.32   5.14   4.89   4.58   3.49   3.14   
1905 3.40   3.21   3.16   4.40   5.86   5.89   7.08   7.61   7.13   7.15   6.32   5.58   
1906 5.55   5.08   6.40   6.43   6.56   5.78   6.24   7.03   7.35   7.77   7.20   6.85   
1907 6.62   6.25   6.15   5.81   6.06   5.72   6.55   6.62   6.36   5.22   4.56   4.45   
1908 3.93   3.66   3.20   2.37   4.08   4.70   5.56   6.99   5.79   6.46   6.07   6.04   
1909 5.98   5.92   6.29   6.14   6.18   6.31   6.67   6.82   6.69   5.89   5.51   5.85   
1910 5.62   5.17  -1.09  -1.82  -1.54  -2.39  -2.51  -2.71  -2.59   0.15  -0.19   0.15   
1911 1.02   1.30  -0.42  -0.20  -0.96  -1.32  -1.08  -0.84  -1.22   1.33   2.29   2.68   
1912 2.82   3.24   4.55   4.93   4.52   5.11   6.68   8.06   9.30   9.45   8.54   8.19   
1913 7.94   7.95   8.21   7.54   7.31   7.41   8.57   8.66   8.85   8.81   8.01   8.80   
1914 8.48   7.93   7.56   7.96   7.26   6.55   6.69   6.67   5.71   5.70   4.35   3.92   
1915 3.87   3.81   4.04   3.79   4.85   5.56   6.67   8.44  10.30   9.74   9.21   8.92   
1916 8.71   8.22   7.46   6.92   6.74   5.46   5.19   5.64   4.44   4.91   4.69   4.80   
1917 4.41   4.17   4.37   4.72   6.47   5.74   5.26   5.31   4.57   4.24   3.23   2.98   
1918 3.21   3.13   2.52   3.49   3.57   3.58   4.42   4.34   5.42   5.11   4.88   4.73   
1919 -0.32  -0.20  -0.47  -0.20  -1.29  -1.92  -1.75  -2.41   0.32   1.87   2.56   2.71   
1920 2.48   2.67   2.56   4.14   4.58   4.62   4.77   5.06   4.43   4.32   3.97   3.58   
1921 3.61  -0.15  -0.65  -0.70   0.13   0.69   0.75   0.69  -0.62  -1.21  -1.14   0.47   
1922 0.55   0.52   0.12   0.67   0.71  -0.53  -0.35  -0.46  -1.35  -1.53   1.00   0.98   
1923 0.86   0.91   1.62   1.55   2.15   2.68   4.11   5.30   8.20   9.50   8.67   8.47   
1924 8.02   7.71   8.76   8.03   7.77   6.33   5.83   4.91   5.09   5.58   4.94   5.12   
1925 4.40   3.75   3.05   2.30   1.72   1.68   1.69   1.58   1.16   2.58   2.56   2.93   
1926 2.95   2.56   2.72   2.08   2.24   2.17   3.14   3.34   3.08   3.01   2.78   2.52   
1927 2.25   2.03   2.70   3.66   3.01   4.29   5.04   6.43   6.70   5.97   5.24   4.88   
1928 4.47   4.37   3.92   3.01   3.09   4.13   5.03   5.08   4.49   4.89   5.41   4.89   
1929 4.43   4.40   4.93   5.16   5.32   4.67   5.19   5.50   6.72   6.81   7.08   6.18   
1930 6.05   5.25   5.03   3.82   4.42   3.82   3.94   5.85   4.86   5.41   5.02  -0.08   
1931 -0.38  -0.22  -0.09  -0.25  -0.36  -1.16  -1.66  -1.35  -1.83   0.40   0.30   0.16   
1932 0.02   0.03   0.13   0.47  -0.52  -0.90  -1.49  -1.66  -2.26  -2.05  -2.28  -1.87   
1933 -2.12  -2.24  -2.31   1.33   1.75  -1.02  -1.46   0.85   0.82  -0.91  -1.31  -1.74   
1934 -1.73  -0.85  -1.37  -1.88  -3.45  -3.97  -4.69  -4.82  -4.25  -4.81  -4.89  -4.66   
1935 -4.63  -4.40  -4.64   0.64   3.04   3.12   3.12   2.70   2.70  -0.32  -0.42  -0.59   
1936 0.24   0.53   0.53   0.50  -1.11  -1.24  -2.05  -2.01  -1.94   0.14   0.19   0.37   
1937 0.32   0.15   0.59  -0.11  -0.58  -0.54   0.82  -0.26  -0.76   0.26   0.48   0.87   
1938 0.78   0.45   0.19   0.81   1.35   1.22   1.78   2.06   3.86   3.13   2.97   2.84   
1939 2.63   2.66  -0.01  -0.50  -1.42  -2.04  -2.95  -3.33  -3.42  -3.38  -3.74  -3.78   
1940 -2.83  -2.58  -2.77  -2.06  -2.91  -3.92  -4.12  -4.57  -3.40  -3.56  -3.22  -3.17   
1941 -3.02  -2.99   0.04   1.55   0.59   2.11   2.28   3.24   3.23   3.33   2.81   2.75   
1942 2.07   1.92   1.55   2.67   3.24   3.38   3.67   3.27   3.18   4.54   4.92   4.56   
1943 4.20   3.79   3.84   3.22   3.74   3.68   3.48   2.67   1.82   1.61   1.10   0.82   
1944 1.08   0.98   1.91   2.19   1.61   1.68   2.46  -0.40  -1.01  -1.55   0.17   0.38   
1945 0.48   0.83   0.61   2.15   1.71   3.72   4.13   5.07   5.20   4.32   3.62   3.87   
1946 3.40   2.94   2.47   0.96   1.91   1.63   1.02   1.22   1.50   2.60   2.70   2.24   
1947 2.14   2.15   2.01   2.00   2.34   4.83   5.26   5.49   4.77   4.72   5.12   4.88   
1948 4.46   4.53   4.15   3.19   2.11   1.96   1.50   1.22   1.04   0.93   1.04   1.15   
1949 2.25   1.73   1.83   1.09   1.83   2.42   2.26   2.04   1.48   2.12  -0.86  -1.07   
1950 -1.03  -1.29  -1.19  -1.06  -0.72  -1.10   0.57  -0.63   1.51  -0.68  -0.74  -1.08   
1951 -0.88  -1.11  -1.37   0.36   0.19   0.64   0.95   0.96   1.12   1.93   1.61   1.66   
1952 1.24   1.52   1.79  -0.78  -0.19  -0.51  -1.10  -0.84  -1.45  -1.78  -1.29  -1.22   
1953 -1.44  -0.74  -1.47  -1.22  -1.61  -1.68  -1.52  -1.12  -1.99  -2.58  -2.54  -2.36   
1954 -2.50  -3.05  -2.36  -3.49  -4.04  -4.92  -5.63  -5.65  -5.61  -5.23  -5.31  -4.79   
1955 -4.17  -3.62  -3.21  -3.39  -3.16  -1.67  -2.13  -1.78  -1.73  -2.18  -1.43  -1.15   
1956 -0.98  -0.95  -1.17  -1.14  -1.32  -2.49  -2.55  -2.45  -3.27  -3.62   0.58   0.60   
1957 0.52   0.00   0.06   0.73   2.90   3.27   4.51   5.50   5.16   5.57   5.16   4.34   
1958 3.66   3.37   3.75   3.85   3.17   3.04   3.80   3.64  -0.59  -1.30  -1.32   0.47   
1959 0.59   0.53   1.15   0.71   1.26   1.16  -0.56  -1.13   0.63   1.21  -0.32  -0.76   
1960 -0.76  -0.60  -1.07  -1.85  -2.45  -3.41  -4.58  -5.40  -5.43  -5.31  -4.60  -3.98   
1961 -4.03  -3.77  -2.73  -2.93  -2.31  -2.39  -2.29  -2.70  -1.54  -1.39  -1.28  -1.44   
1962 -1.17  -1.05  -1.16  -2.23   0.58   1.67   2.12  -0.34  -0.85  -0.87  -1.23  -1.36   
1963 -1.15  -1.37  -1.62  -1.69  -2.72  -2.70  -3.49  -3.25  -2.77  -3.22  -3.64  -3.53   
1964 -3.43  -3.19  -3.23  -2.20  -2.54  -2.68  -3.74  -4.29  -4.60  -4.75  -4.63  -4.17   
1965 -3.41  -3.14  -3.09  -3.86   0.70   1.77   2.01   1.49   2.75  -0.25  -1.05  -0.94   
1966 -1.03  -0.99  -1.85  -2.17  -3.78  -4.14  -4.67  -4.18  -3.49  -2.86  -2.99  -2.97   
1967 -2.83  -2.75  -3.05   0.12   1.10   2.84   3.49   3.35   2.92   2.39   2.53   2.66   
1968 2.23   2.04   1.45   1.93   2.52   2.71   2.51   3.01  -0.40  -0.51  -0.48  -0.49   
1969 -0.58  -0.49  -0.63  -1.10  -2.00  -0.99  -1.48  -2.32  -2.98   1.56   1.58   1.24   
1970 1.27   0.90   1.74   2.07   1.46   2.75   2.76   1.90   1.60   2.19   2.19   1.95   
1971 1.91   2.05   2.16   3.56   5.43   4.82   4.41   3.64   4.13   4.15  -0.18  -0.55   
1972 -0.11  -0.39  -0.84  -0.65  -0.99  -1.17  -1.34   1.00   0.68   0.94   1.10   1.16   
1973 1.14   0.83   1.62   2.80   1.95   1.10   2.98   2.31   4.98   4.30   4.56   4.88   
1974 4.79   4.43   3.86   3.70  -1.06  -1.17  -1.54  -1.81  -1.79  -1.65  -1.72  -1.88   
1975 -1.66  -1.71  -1.45  -1.59  -1.26  -1.58  -2.18  -2.58  -2.78  -2.56  -2.57  -2.05   
1976 -1.77  -1.51  -1.81  -1.41  -1.20  -1.50  -1.73  -1.74  -1.88  -1.77  -1.85  -2.04   
1977 -2.04  -2.26  -2.09  -1.95  -2.20  -2.99  -2.46  -2.65  -3.37  -3.61  -3.11  -2.90   
1978 -2.33  -1.83  -2.20  -2.53   1.14   0.45   0.55   0.90  -0.78  -0.77   0.11   0.56   
1979 0.66  -0.29  -0.08  -0.79  -1.06  -1.02  -1.28   0.94  -0.84  -0.80   1.14   1.24   
1980 2.10   2.23   2.72   2.06   2.34  -1.14  -1.30  -0.92  -1.45  -1.21  -1.11  -1.55   
1981 -1.63  -1.80  -2.08  -2.96  -1.47  -2.15  -1.17  -0.72  -1.25  -1.12  -1.61  -1.67   
1982 -1.76  -1.99  -2.53  -3.02   0.37   1.29   1.78   1.76   3.09   3.34   3.25   3.50   
1983 2.78   2.07   3.56   4.14   4.94   5.86   6.76   7.89   6.68   5.82   6.79   6.26   
1984 5.80   5.90   5.77   7.04   5.77   5.26   6.44   6.44   5.86   5.85  -0.30  -0.26   
1985 -0.03  -0.15  -0.59  -1.10  -2.10  -2.56  -2.50  -2.73   1.00   1.05   1.43   1.69   
1986 1.22   1.50  -1.05  -0.70  -1.18   0.61  -0.52  -1.08   0.23   1.51   1.84   1.44   
1987 1.20   1.83   2.13  -0.87  -0.73  -0.83  -0.88  -0.24  -0.62  -1.08   0.28   0.90   
1988 0.94   0.86   1.22  -0.43  -0.30  -1.30  -1.56  -2.21  -2.06  -2.68  -2.60  -2.52   
1989 -2.74  -1.97  -2.42  -2.90  -3.29  -3.54  -4.47   0.03   1.05  -0.21  -0.82  -0.78   
1990 -0.93   0.09   1.38   1.09   1.15  -0.94   1.66   2.47   2.10   1.89   2.07  -0.24   
1991 -0.32  -0.83  -1.34  -1.55   1.19   2.51  -0.01   0.07  -0.11  -0.26   0.43  -0.41   
1992 -0.17  -0.51  -0.41  -1.84  -2.70  -2.73  -1.98  -1.45  -2.17  -2.33   0.39   0.66   
1993 0.53   1.30  -0.27   0.33  -0.72   1.51   1.47   2.09   2.65   3.33   3.83   3.44   
1994 3.28   3.13  -0.76  -1.14  -2.29  -3.29  -2.97  -3.28  -3.75   1.11   1.08   1.23   
1995 1.03   1.09   0.27   0.31   2.70   4.55   4.88   4.66   5.57   5.55   4.94   4.46   
1996 4.24   3.47   3.28   2.87   3.26  -0.45   0.01   0.23   0.36   0.56  -0.01  -0.30   
1997 -0.25  -0.30  -1.12   0.32   0.68   0.77   1.49   3.16   3.23   3.67   3.04   2.79   
1998 2.35   2.31   2.33   1.85   1.35   1.36   1.73   2.02   1.38   3.47   3.11   2.96   
1999 2.64   2.03   1.17   2.42   2.27   2.56   2.57   2.51   3.36  -0.51  -1.22  -1.36   
2000 -1.21  -0.83  -1.02  -0.99  -1.24  -2.16  -3.04  -3.63  -2.44  -2.58  -1.92  -1.60   
2001 -1.55  -1.40  -1.85  -1.62  -1.79  -2.86  -2.55  -3.08  -2.70  -2.26  -2.31  -2.58   
2002 -2.80  -2.75  -2.46  -3.37  -4.37  -5.79  -6.78  -5.96  -5.25  -4.26  -4.04  -4.10   
2003 -4.20  -3.81  -2.41  -2.09  -2.48  -1.45  -2.26  -2.49  -2.07  -2.47  -2.09  -1.83   
2004 -2.01  -1.76  -2.72  -3.44  -4.47  -4.31  -4.18  -4.55  -2.79  -2.30  -1.63  -1.85   
2005 -1.70  -1.88  -2.15  -2.11  -2.13  -1.15  -1.38  -0.76  -1.51  -0.61  -0.99  -1.13   
2006 -1.47  -1.18  -0.67  -1.64  -2.66  -4.17  -4.80  -3.87  -3.38  -3.23  -3.49  -2.31   
2007 -2.23  -2.23  -2.14  -2.13  -2.32  -3.60  -3.61  -3.23  -3.20  -2.19  -2.49  -1.58   
2008 -1.80  -1.76  -2.02  -2.50  -1.58  -1.91  -2.56   1.47   1.46   1.26   0.70   0.37   
2009 0.77   0.40   0.06   1.11  -0.56   1.27   1.88   2.01   1.48   2.92   2.29   2.36   
2010 1.85   1.92   1.82   2.58   3.28   4.26   4.94   4.98   3.65   3.54   3.37   3.43   
2011 3.04   3.05   2.37   2.35   3.58   3.42   4.00   3.82   2.76   3.23   3.04   2.78   
2012 2.38   2.62  -1.57  -2.87  -4.22  -5.22  -5.75  -6.76  -6.78  -5.61  -5.73  -5.32   
2013 -5.21  -4.54 -99.99 -99.99 -99.99 -99.99 -99.99 -99.99 -99.99 -99.99 -99.99 -99.99   
